1790397513.894153357 1070925 PROBE-server 0
1790397513.894153357 1070931 PROBE-server 0
1790397513.894153357 1070932 iou-wrk-1070925 0
1790397514.101020661 1070925 PROBE-server 10
1790397514.101020661 1070931 PROBE-server 11
1790397514.101020661 1070932 iou-wrk-1070925 0
1790397514.306051137 1070925 PROBE-server 22
1790397514.306051137 1070931 PROBE-server 22
1790397514.306051137 1070932 iou-wrk-1070925 0
1790397514.510524070 1070925 PROBE-server 33
1790397514.510524070 1070931 PROBE-server 33
1790397514.510524070 1070932 iou-wrk-1070925 0
1790397514.715022603 1070925 PROBE-server 46
1790397514.715022603 1070931 PROBE-server 47
1790397514.715022603 1070932 iou-wrk-1070925 0
1790397514.920888952 1070925 PROBE-server 58
1790397514.920888952 1070931 PROBE-server 60
1790397514.920888952 1070932 iou-wrk-1070925 0
1790397515.126569701 1070925 PROBE-server 70
1790397515.126569701 1070931 PROBE-server 72
1790397515.126569701 1070932 iou-wrk-1070925 0
1790397515.331367955 1070925 PROBE-server 82
1790397515.331367955 1070931 PROBE-server 84
1790397515.331367955 1070932 iou-wrk-1070925 0
1790397515.535908419 1070925 PROBE-server 93
1790397515.535908419 1070931 PROBE-server 96
1790397515.535908419 1070932 iou-wrk-1070925 0
1790397515.741599267 1070925 PROBE-server 104
1790397515.741599267 1070931 PROBE-server 107
1790397515.741599267 1070932 iou-wrk-1070925 0
1790397515.946431372 1070925 PROBE-server 116
1790397515.946431372 1070931 PROBE-server 119
1790397515.946431372 1070932 iou-wrk-1070925 0
1790397516.151241727 1070925 PROBE-server 127
1790397516.151241727 1070931 PROBE-server 131
1790397516.151241727 1070932 iou-wrk-1070925 0
1790397516.356273923 1070925 PROBE-server 139
1790397516.356273923 1070931 PROBE-server 142
1790397516.356273923 1070932 iou-wrk-1070925 0
1790397516.561462849 1070925 PROBE-server 150
1790397516.561462849 1070931 PROBE-server 154
1790397516.561462849 1070932 iou-wrk-1070925 0
1790397516.765959542 1070925 PROBE-server 161
1790397516.765959542 1070931 PROBE-server 165
1790397516.765959542 1070932 iou-wrk-1070925 0
1790397516.970747707 1070925 PROBE-server 172
1790397516.970747707 1070931 PROBE-server 176
1790397516.970747707 1070932 iou-wrk-1070925 0
1790397517.175137050 1070925 PROBE-server 183
1790397517.175137050 1070931 PROBE-server 188
1790397517.175137050 1070932 iou-wrk-1070925 0
1790397517.379839645 1070925 PROBE-server 195
1790397517.379839645 1070931 PROBE-server 200
1790397517.379839645 1070932 iou-wrk-1070925 0
1790397517.584039867 1070925 PROBE-server 207
1790397517.584039867 1070931 PROBE-server 212
1790397517.584039867 1070932 iou-wrk-1070925 0
1790397517.788822851 1070925 PROBE-server 217
1790397517.788822851 1070931 PROBE-server 224
1790397517.788822851 1070932 iou-wrk-1070925 0
1790397517.993829027 1070925 PROBE-server 229
1790397517.993829027 1070931 PROBE-server 234
1790397517.993829027 1070932 iou-wrk-1070925 0
1790397518.198160350 1070925 PROBE-server 239
1790397518.198160350 1070931 PROBE-server 246
1790397518.198160350 1070932 iou-wrk-1070925 0
1790397518.402886435 1070925 PROBE-server 251
1790397518.402886435 1070931 PROBE-server 258
1790397518.402886435 1070932 iou-wrk-1070925 0
1790397518.607314008 1070925 PROBE-server 263
1790397518.607314008 1070931 PROBE-server 269
1790397518.607314008 1070932 iou-wrk-1070925 0
1790397518.812290024 1070925 PROBE-server 275
1790397518.812290024 1070931 PROBE-server 281
1790397518.812290024 1070932 iou-wrk-1070925 0
1790397519.018048373 1070925 PROBE-server 286
1790397519.018048373 1070931 PROBE-server 293
1790397519.018048373 1070932 iou-wrk-1070925 0
1790397519.222639817 1070925 PROBE-server 298
1790397519.222639817 1070931 PROBE-server 305
1790397519.222639817 1070932 iou-wrk-1070925 0
1790397519.427651823 1070925 PROBE-server 309
1790397519.427651823 1070931 PROBE-server 317
1790397519.427651823 1070932 iou-wrk-1070925 0
1790397519.632745060 1070925 PROBE-server 321
1790397519.632745060 1070931 PROBE-server 329
1790397519.632745060 1070932 iou-wrk-1070925 0
1790397519.836998252 1070925 PROBE-server 332
1790397519.836998252 1070931 PROBE-server 340
1790397519.836998252 1070932 iou-wrk-1070925 0
1790397520.041733927 1070925 PROBE-server 344
1790397520.041733927 1070931 PROBE-server 352
1790397520.041733927 1070932 iou-wrk-1070925 0
1790397520.246646203 1070925 PROBE-server 355
1790397520.246646203 1070931 PROBE-server 364
1790397520.246646203 1070932 iou-wrk-1070925 0
1790397520.451364337 1070925 PROBE-server 367
1790397520.451364337 1070931 PROBE-server 376
1790397520.451364337 1070932 iou-wrk-1070925 0
1790397520.656119032 1070925 PROBE-server 379
1790397520.656119032 1070931 PROBE-server 388
1790397520.656119032 1070932 iou-wrk-1070925 0
1790397520.860598226 1070925 PROBE-server 390
1790397520.860598226 1070931 PROBE-server 400
1790397520.860598226 1070932 iou-wrk-1070925 0
1790397521.065396601 1070925 PROBE-server 402
1790397521.065396601 1070931 PROBE-server 411
1790397521.065396601 1070932 iou-wrk-1070925 0
1790397521.270804689 1070925 PROBE-server 413
1790397521.270804689 1070931 PROBE-server 423
1790397521.270804689 1070932 iou-wrk-1070925 0
1790397521.475556374 1070925 PROBE-server 424
1790397521.475556374 1070931 PROBE-server 434
1790397521.475556374 1070932 iou-wrk-1070925 0
1790397521.679978138 1070925 PROBE-server 436
1790397521.679978138 1070931 PROBE-server 445
1790397521.679978138 1070932 iou-wrk-1070925 0
1790397521.884242371 1070925 PROBE-server 447
1790397521.884242371 1070931 PROBE-server 456
1790397521.884242371 1070932 iou-wrk-1070925 0
1790397522.088837665 1070925 PROBE-server 459
1790397522.088837665 1070931 PROBE-server 467
1790397522.088837665 1070932 iou-wrk-1070925 0
1790397522.294700576 1070925 PROBE-server 470
1790397522.294700576 1070931 PROBE-server 480
1790397522.294700576 1070932 iou-wrk-1070925 0
1790397522.499778312 1070925 PROBE-server 482
1790397522.499778312 1070931 PROBE-server 491
1790397522.499778312 1070932 iou-wrk-1070925 0
1790397522.704791619 1070925 PROBE-server 493
1790397522.704791619 1070931 PROBE-server 504
1790397522.704791619 1070932 iou-wrk-1070925 0
1790397522.909581464 1070925 PROBE-server 505
1790397522.909581464 1070931 PROBE-server 514
1790397522.909581464 1070932 iou-wrk-1070925 0
1790397523.114054548 1070925 PROBE-server 517
1790397523.114054548 1070931 PROBE-server 527
1790397523.114054548 1070932 iou-wrk-1070925 0
1790397523.318545512 1070925 PROBE-server 528
1790397523.318545512 1070931 PROBE-server 538
1790397523.318545512 1070932 iou-wrk-1070925 0
1790397523.523325648 1070925 PROBE-server 539
1790397523.523325648 1070931 PROBE-server 550
1790397523.523325648 1070932 iou-wrk-1070925 0
1790397523.728188883 1070925 PROBE-server 551
1790397523.728188883 1070931 PROBE-server 562
1790397523.728188883 1070932 iou-wrk-1070925 0
1790397523.932873888 1070925 PROBE-server 561
1790397523.932873888 1070931 PROBE-server 573
1790397523.932873888 1070932 iou-wrk-1070925 0
1790397524.137373863 1070925 PROBE-server 573
1790397524.137373863 1070931 PROBE-server 584
1790397524.137373863 1070932 iou-wrk-1070925 0
1790397524.342419249 1070925 PROBE-server 584
1790397524.342419249 1070931 PROBE-server 597
1790397524.342419249 1070932 iou-wrk-1070925 0
1790397524.547034134 1070925 PROBE-server 596
1790397524.547034134 1070931 PROBE-server 608
1790397524.547034134 1070932 iou-wrk-1070925 0
1790397524.751797240 1070925 PROBE-server 608
1790397524.751797240 1070931 PROBE-server 620
1790397524.751797240 1070932 iou-wrk-1070925 0
1790397524.956984627 1070925 PROBE-server 616
1790397524.956984627 1070931 PROBE-server 628
1790397524.956984627 1070932 iou-wrk-1070925 0
