1790397263.780621866 1051924 PROBE-server 0
1790397263.780621866 1051930 PROBE-server 0
1790397263.780621866 1051931 iou-wrk-1051924 0
1790397263.986401367 1051924 PROBE-server 12
1790397263.986401367 1051930 PROBE-server 11
1790397263.986401367 1051931 iou-wrk-1051924 0
1790397264.192203149 1051924 PROBE-server 23
1790397264.192203149 1051930 PROBE-server 21
1790397264.192203149 1051931 iou-wrk-1051924 0
1790397264.397355847 1051924 PROBE-server 35
1790397264.397355847 1051930 PROBE-server 31
1790397264.397355847 1051931 iou-wrk-1051924 0
1790397264.602022234 1051924 PROBE-server 47
1790397264.602022234 1051930 PROBE-server 42
1790397264.602022234 1051931 iou-wrk-1051924 0
1790397264.807634815 1051924 PROBE-server 60
1790397264.807634815 1051930 PROBE-server 54
1790397264.807634815 1051931 iou-wrk-1051924 0
1790397265.012300261 1051924 PROBE-server 72
1790397265.012300261 1051930 PROBE-server 64
1790397265.012300261 1051931 iou-wrk-1051924 0
1790397265.217476800 1051924 PROBE-server 83
1790397265.217476800 1051930 PROBE-server 76
1790397265.217476800 1051931 iou-wrk-1051924 0
1790397265.422634729 1051924 PROBE-server 96
1790397265.422634729 1051930 PROBE-server 86
1790397265.422634729 1051931 iou-wrk-1051924 0
1790397265.627793228 1051924 PROBE-server 108
1790397265.627793228 1051930 PROBE-server 97
1790397265.627793228 1051931 iou-wrk-1051924 0
1790397265.833619820 1051924 PROBE-server 121
1790397265.833619820 1051930 PROBE-server 108
1790397265.833619820 1051931 iou-wrk-1051924 0
1790397266.039231231 1051924 PROBE-server 132
1790397266.039231231 1051930 PROBE-server 119
1790397266.039231231 1051931 iou-wrk-1051924 0
1790397266.243759207 1051924 PROBE-server 145
1790397266.243759207 1051930 PROBE-server 129
1790397266.243759207 1051931 iou-wrk-1051924 0
1790397266.449538639 1051924 PROBE-server 157
1790397266.449538639 1051930 PROBE-server 140
1790397266.449538639 1051931 iou-wrk-1051924 0
1790397266.654889608 1051924 PROBE-server 169
1790397266.654889608 1051930 PROBE-server 152
1790397266.654889608 1051931 iou-wrk-1051924 0
1790397266.860302279 1051924 PROBE-server 181
1790397266.860302279 1051930 PROBE-server 162
1790397266.860302279 1051931 iou-wrk-1051924 0
1790397267.065960720 1051924 PROBE-server 193
1790397267.065960720 1051930 PROBE-server 173
1790397267.065960720 1051931 iou-wrk-1051924 0
1790397267.270886878 1051924 PROBE-server 205
1790397267.270886878 1051930 PROBE-server 184
1790397267.270886878 1051931 iou-wrk-1051924 0
1790397267.476633230 1051924 PROBE-server 218
1790397267.476633230 1051930 PROBE-server 196
1790397267.476633230 1051931 iou-wrk-1051924 0
1790397267.681600298 1051924 PROBE-server 230
1790397267.681600298 1051930 PROBE-server 206
1790397267.681600298 1051931 iou-wrk-1051924 0
1790397267.886730428 1051924 PROBE-server 242
1790397267.886730428 1051930 PROBE-server 217
1790397267.886730428 1051931 iou-wrk-1051924 0
1790397268.092763821 1051924 PROBE-server 254
1790397268.092763821 1051930 PROBE-server 227
1790397268.092763821 1051931 iou-wrk-1051924 0
1790397268.297632839 1051924 PROBE-server 266
1790397268.297632839 1051930 PROBE-server 238
1790397268.297632839 1051931 iou-wrk-1051924 0
1790397268.502405937 1051924 PROBE-server 278
1790397268.502405937 1051930 PROBE-server 249
1790397268.502405937 1051931 iou-wrk-1051924 0
1790397268.707319675 1051924 PROBE-server 290
1790397268.707319675 1051930 PROBE-server 259
1790397268.707319675 1051931 iou-wrk-1051924 0
1790397268.912481544 1051924 PROBE-server 303
1790397268.912481544 1051930 PROBE-server 271
1790397268.912481544 1051931 iou-wrk-1051924 0
1790397269.117864795 1051924 PROBE-server 315
1790397269.117864795 1051930 PROBE-server 282
1790397269.117864795 1051931 iou-wrk-1051924 0
1790397269.322734403 1051924 PROBE-server 327
1790397269.322734403 1051930 PROBE-server 293
1790397269.322734403 1051931 iou-wrk-1051924 0
1790397269.527579482 1051924 PROBE-server 339
1790397269.527579482 1051930 PROBE-server 303
1790397269.527579482 1051931 iou-wrk-1051924 0
1790397269.732746521 1051924 PROBE-server 351
1790397269.732746521 1051930 PROBE-server 315
1790397269.732746521 1051931 iou-wrk-1051924 0
1790397269.937807791 1051924 PROBE-server 363
1790397269.937807791 1051930 PROBE-server 326
1790397269.937807791 1051931 iou-wrk-1051924 0
1790397270.143105971 1051924 PROBE-server 376
1790397270.143105971 1051930 PROBE-server 337
1790397270.143105971 1051931 iou-wrk-1051924 0
1790397270.348878373 1051924 PROBE-server 388
1790397270.348878373 1051930 PROBE-server 347
1790397270.348878373 1051931 iou-wrk-1051924 0
1790397270.554454935 1051924 PROBE-server 400
1790397270.554454935 1051930 PROBE-server 358
1790397270.554454935 1051931 iou-wrk-1051924 0
1790397270.759559365 1051924 PROBE-server 411
1790397270.759559365 1051930 PROBE-server 369
1790397270.759559365 1051931 iou-wrk-1051924 0
1790397270.965351637 1051924 PROBE-server 425
1790397270.965351637 1051930 PROBE-server 380
1790397270.965351637 1051931 iou-wrk-1051924 0
1790397271.170688498 1051924 PROBE-server 436
1790397271.170688498 1051930 PROBE-server 391
1790397271.170688498 1051931 iou-wrk-1051924 0
1790397271.376198029 1051924 PROBE-server 448
1790397271.376198029 1051930 PROBE-server 401
1790397271.376198029 1051931 iou-wrk-1051924 0
1790397271.580933688 1051924 PROBE-server 460
1790397271.580933688 1051930 PROBE-server 413
1790397271.580933688 1051931 iou-wrk-1051924 0
1790397271.786158698 1051924 PROBE-server 472
1790397271.786158698 1051930 PROBE-server 424
1790397271.786158698 1051931 iou-wrk-1051924 0
1790397271.992332162 1051924 PROBE-server 484
1790397271.992332162 1051930 PROBE-server 434
1790397271.992332162 1051931 iou-wrk-1051924 0
1790397272.197905144 1051924 PROBE-server 497
1790397272.197905144 1051930 PROBE-server 446
1790397272.197905144 1051931 iou-wrk-1051924 0
1790397272.403756298 1051924 PROBE-server 509
1790397272.403756298 1051930 PROBE-server 457
1790397272.403756298 1051931 iou-wrk-1051924 0
1790397272.608817627 1051924 PROBE-server 521
1790397272.608817627 1051930 PROBE-server 468
1790397272.608817627 1051931 iou-wrk-1051924 0
1790397272.814372639 1051924 PROBE-server 533
1790397272.814372639 1051930 PROBE-server 479
1790397272.814372639 1051931 iou-wrk-1051924 0
1790397273.019881851 1051924 PROBE-server 546
1790397273.019881851 1051930 PROBE-server 490
1790397273.019881851 1051931 iou-wrk-1051924 0
1790397273.225615604 1051924 PROBE-server 559
1790397273.225615604 1051930 PROBE-server 501
1790397273.225615604 1051931 iou-wrk-1051924 0
1790397273.430731304 1051924 PROBE-server 571
1790397273.430731304 1051930 PROBE-server 512
1790397273.430731304 1051931 iou-wrk-1051924 0
1790397273.636252226 1051924 PROBE-server 583
1790397273.636252226 1051930 PROBE-server 522
1790397273.636252226 1051931 iou-wrk-1051924 0
1790397273.841786158 1051924 PROBE-server 595
1790397273.841786158 1051930 PROBE-server 534
1790397273.841786158 1051931 iou-wrk-1051924 0
1790397274.047426880 1051924 PROBE-server 607
1790397274.047426880 1051930 PROBE-server 545
1790397274.047426880 1051931 iou-wrk-1051924 0
1790397274.252742352 1051924 PROBE-server 620
1790397274.252742352 1051930 PROBE-server 556
1790397274.252742352 1051931 iou-wrk-1051924 0
1790397274.458377994 1051924 PROBE-server 632
1790397274.458377994 1051930 PROBE-server 567
1790397274.458377994 1051931 iou-wrk-1051924 0
1790397274.663630045 1051924 PROBE-server 644
1790397274.663630045 1051930 PROBE-server 578
1790397274.663630045 1051931 iou-wrk-1051924 0
1790397274.868656925 1051924 PROBE-server 651
1790397274.868656925 1051930 PROBE-server 585
1790397274.868656925 1051931 iou-wrk-1051924 0
