1790397386.185899718 1061331 PROBE-server 0
1790397386.185899718 1061337 PROBE-server 0
1790397386.185899718 1061338 iou-wrk-1061331 0
1790397386.391895731 1061331 PROBE-server 11
1790397386.391895731 1061337 PROBE-server 10
1790397386.391895731 1061338 iou-wrk-1061331 0
1790397386.598482817 1061331 PROBE-server 23
1790397386.598482817 1061337 PROBE-server 21
1790397386.598482817 1061338 iou-wrk-1061331 0
1790397386.803641026 1061331 PROBE-server 34
1790397386.803641026 1061337 PROBE-server 32
1790397386.803641026 1061338 iou-wrk-1061331 0
1790397387.008927236 1061331 PROBE-server 45
1790397387.008927236 1061337 PROBE-server 43
1790397387.008927236 1061338 iou-wrk-1061331 0
1790397387.214192786 1061331 PROBE-server 57
1790397387.214192786 1061337 PROBE-server 54
1790397387.214192786 1061338 iou-wrk-1061331 0
1790397387.419777137 1061331 PROBE-server 68
1790397387.419777137 1061337 PROBE-server 65
1790397387.419777137 1061338 iou-wrk-1061331 0
1790397387.625376259 1061331 PROBE-server 80
1790397387.625376259 1061337 PROBE-server 77
1790397387.625376259 1061338 iou-wrk-1061331 0
1790397387.830533938 1061331 PROBE-server 91
1790397387.830533938 1061337 PROBE-server 88
1790397387.830533938 1061338 iou-wrk-1061331 0
1790397388.035866578 1061331 PROBE-server 104
1790397388.035866578 1061337 PROBE-server 100
1790397388.035866578 1061338 iou-wrk-1061331 0
1790397388.241241209 1061331 PROBE-server 115
1790397388.241241209 1061337 PROBE-server 111
1790397388.241241209 1061338 iou-wrk-1061331 0
1790397388.446751070 1061331 PROBE-server 127
1790397388.446751070 1061337 PROBE-server 122
1790397388.446751070 1061338 iou-wrk-1061331 0
1790397388.652311371 1061331 PROBE-server 139
1790397388.652311371 1061337 PROBE-server 133
1790397388.652311371 1061338 iou-wrk-1061331 0
1790397388.857945822 1061331 PROBE-server 151
1790397388.857945822 1061337 PROBE-server 145
1790397388.857945822 1061338 iou-wrk-1061331 0
1790397389.062970431 1061331 PROBE-server 162
1790397389.062970431 1061337 PROBE-server 156
1790397389.062970431 1061338 iou-wrk-1061331 0
1790397389.268671784 1061331 PROBE-server 174
1790397389.268671784 1061337 PROBE-server 167
1790397389.268671784 1061338 iou-wrk-1061331 0
1790397389.474411246 1061331 PROBE-server 185
1790397389.474411246 1061337 PROBE-server 177
1790397389.474411246 1061338 iou-wrk-1061331 0
1790397389.679869367 1061331 PROBE-server 197
1790397389.679869367 1061337 PROBE-server 188
1790397389.679869367 1061338 iou-wrk-1061331 0
1790397389.884980366 1061331 PROBE-server 209
1790397389.884980366 1061337 PROBE-server 200
1790397389.884980366 1061338 iou-wrk-1061331 0
1790397390.090747779 1061331 PROBE-server 220
1790397390.090747779 1061337 PROBE-server 210
1790397390.090747779 1061338 iou-wrk-1061331 0
1790397390.295937039 1061331 PROBE-server 232
1790397390.295937039 1061337 PROBE-server 222
1790397390.295937039 1061338 iou-wrk-1061331 0
1790397390.501486500 1061331 PROBE-server 244
1790397390.501486500 1061337 PROBE-server 233
1790397390.501486500 1061338 iou-wrk-1061331 0
1790397390.706884121 1061331 PROBE-server 256
1790397390.706884121 1061337 PROBE-server 244
1790397390.706884121 1061338 iou-wrk-1061331 0
1790397390.912701004 1061331 PROBE-server 266
1790397390.912701004 1061337 PROBE-server 255
1790397390.912701004 1061338 iou-wrk-1061331 0
1790397391.118223915 1061331 PROBE-server 278
1790397391.118223915 1061337 PROBE-server 267
1790397391.118223915 1061338 iou-wrk-1061331 0
1790397391.322914903 1061331 PROBE-server 290
1790397391.322914903 1061337 PROBE-server 278
1790397391.322914903 1061338 iou-wrk-1061331 0
1790397391.528254374 1061331 PROBE-server 302
1790397391.528254374 1061337 PROBE-server 289
1790397391.528254374 1061338 iou-wrk-1061331 0
1790397391.733910376 1061331 PROBE-server 314
1790397391.733910376 1061337 PROBE-server 300
1790397391.733910376 1061338 iou-wrk-1061331 0
1790397391.939334487 1061331 PROBE-server 325
1790397391.939334487 1061337 PROBE-server 312
1790397391.939334487 1061338 iou-wrk-1061331 0
1790397392.144550088 1061331 PROBE-server 338
1790397392.144550088 1061337 PROBE-server 322
1790397392.144550088 1061338 iou-wrk-1061331 0
1790397392.350163760 1061331 PROBE-server 349
1790397392.350163760 1061337 PROBE-server 334
1790397392.350163760 1061338 iou-wrk-1061331 0
1790397392.554785398 1061331 PROBE-server 361
1790397392.554785398 1061337 PROBE-server 345
1790397392.554785398 1061338 iou-wrk-1061331 0
1790397392.759454156 1061331 PROBE-server 372
1790397392.759454156 1061337 PROBE-server 356
1790397392.759454156 1061338 iou-wrk-1061331 0
1790397392.965261439 1061331 PROBE-server 383
1790397392.965261439 1061337 PROBE-server 367
1790397392.965261439 1061338 iou-wrk-1061331 0
1790397393.170521949 1061331 PROBE-server 395
1790397393.170521949 1061337 PROBE-server 378
1790397393.170521949 1061338 iou-wrk-1061331 0
1790397393.376180812 1061331 PROBE-server 407
1790397393.376180812 1061337 PROBE-server 390
1790397393.376180812 1061338 iou-wrk-1061331 0
1790397393.581569913 1061331 PROBE-server 419
1790397393.581569913 1061337 PROBE-server 401
1790397393.581569913 1061338 iou-wrk-1061331 0
1790397393.787211526 1061331 PROBE-server 430
1790397393.787211526 1061337 PROBE-server 412
1790397393.787211526 1061338 iou-wrk-1061331 0
1790397393.992841158 1061331 PROBE-server 441
1790397393.992841158 1061337 PROBE-server 424
1790397393.992841158 1061338 iou-wrk-1061331 0
1790397394.197890718 1061331 PROBE-server 453
1790397394.197890718 1061337 PROBE-server 434
1790397394.197890718 1061338 iou-wrk-1061331 0
1790397394.402751107 1061331 PROBE-server 464
1790397394.402751107 1061337 PROBE-server 445
1790397394.402751107 1061338 iou-wrk-1061331 0
1790397394.608682291 1061331 PROBE-server 476
1790397394.608682291 1061337 PROBE-server 456
1790397394.608682291 1061338 iou-wrk-1061331 0
1790397394.813840931 1061331 PROBE-server 488
1790397394.813840931 1061337 PROBE-server 467
1790397394.813840931 1061338 iou-wrk-1061331 0
1790397395.020392908 1061331 PROBE-server 499
1790397395.020392908 1061337 PROBE-server 479
1790397395.020392908 1061338 iou-wrk-1061331 0
1790397395.225313277 1061331 PROBE-server 511
1790397395.225313277 1061337 PROBE-server 490
1790397395.225313277 1061338 iou-wrk-1061331 0
1790397395.430078996 1061331 PROBE-server 523
1790397395.430078996 1061337 PROBE-server 501
1790397395.430078996 1061338 iou-wrk-1061331 0
1790397395.635376777 1061331 PROBE-server 535
1790397395.635376777 1061337 PROBE-server 513
1790397395.635376777 1061338 iou-wrk-1061331 0
1790397395.840514948 1061331 PROBE-server 546
1790397395.840514948 1061337 PROBE-server 524
1790397395.840514948 1061338 iou-wrk-1061331 0
1790397396.045567378 1061331 PROBE-server 557
1790397396.045567378 1061337 PROBE-server 534
1790397396.045567378 1061338 iou-wrk-1061331 0
1790397396.250600638 1061331 PROBE-server 569
1790397396.250600638 1061337 PROBE-server 546
1790397396.250600638 1061338 iou-wrk-1061331 0
1790397396.456374351 1061331 PROBE-server 581
1790397396.456374351 1061337 PROBE-server 557
1790397396.456374351 1061338 iou-wrk-1061331 0
1790397396.662313996 1061331 PROBE-server 592
1790397396.662313996 1061337 PROBE-server 568
1790397396.662313996 1061338 iou-wrk-1061331 0
1790397396.867695127 1061331 PROBE-server 603
1790397396.867695127 1061337 PROBE-server 579
1790397396.867695127 1061338 iou-wrk-1061331 0
1790397397.073310930 1061331 PROBE-server 615
1790397397.073310930 1061337 PROBE-server 591
1790397397.073310930 1061338 iou-wrk-1061331 0
1790397397.278633742 1061331 PROBE-server 623
1790397397.278633742 1061337 PROBE-server 597
1790397397.278633742 1061338 iou-wrk-1061331 0
