1790397553.029627433 1074293 PROBE-server 0
1790397553.029627433 1074299 PROBE-server 0
1790397553.029627433 1074300 iou-wrk-1074293 0
1790397553.236118259 1074293 PROBE-server 11
1790397553.236118259 1074299 PROBE-server 10
1790397553.236118259 1074300 iou-wrk-1074293 0
1790397553.441482681 1074293 PROBE-server 24
1790397553.441482681 1074299 PROBE-server 22
1790397553.441482681 1074300 iou-wrk-1074293 0
1790397553.646051528 1074293 PROBE-server 34
1790397553.646051528 1074299 PROBE-server 33
1790397553.646051528 1074300 iou-wrk-1074293 0
1790397553.850743567 1074293 PROBE-server 47
1790397553.850743567 1074299 PROBE-server 45
1790397553.850743567 1074300 iou-wrk-1074293 0
1790397554.055200214 1074293 PROBE-server 59
1790397554.055200214 1074299 PROBE-server 55
1790397554.055200214 1074300 iou-wrk-1074293 0
1790397554.259404730 1074293 PROBE-server 70
1790397554.259404730 1074299 PROBE-server 67
1790397554.259404730 1074300 iou-wrk-1074293 0
1790397554.463897548 1074293 PROBE-server 82
1790397554.463897548 1074299 PROBE-server 78
1790397554.463897548 1074300 iou-wrk-1074293 0
1790397554.668860267 1074293 PROBE-server 94
1790397554.668860267 1074299 PROBE-server 90
1790397554.668860267 1074300 iou-wrk-1074293 0
1790397554.873525356 1074293 PROBE-server 106
1790397554.873525356 1074299 PROBE-server 101
1790397554.873525356 1074300 iou-wrk-1074293 0
1790397555.078409795 1074293 PROBE-server 118
1790397555.078409795 1074299 PROBE-server 112
1790397555.078409795 1074300 iou-wrk-1074293 0
1790397555.282949823 1074293 PROBE-server 130
1790397555.282949823 1074299 PROBE-server 124
1790397555.282949823 1074300 iou-wrk-1074293 0
1790397555.488331655 1074293 PROBE-server 142
1790397555.488331655 1074299 PROBE-server 136
1790397555.488331655 1074300 iou-wrk-1074293 0
1790397555.692850353 1074293 PROBE-server 155
1790397555.692850353 1074299 PROBE-server 148
1790397555.692850353 1074300 iou-wrk-1074293 0
1790397555.897441791 1074293 PROBE-server 166
1790397555.897441791 1074299 PROBE-server 159
1790397555.897441791 1074300 iou-wrk-1074293 0
1790397556.101876278 1074293 PROBE-server 178
1790397556.101876278 1074299 PROBE-server 170
1790397556.101876278 1074300 iou-wrk-1074293 0
1790397556.306251135 1074293 PROBE-server 190
1790397556.306251135 1074299 PROBE-server 181
1790397556.306251135 1074300 iou-wrk-1074293 0
1790397556.510669353 1074293 PROBE-server 202
1790397556.510669353 1074299 PROBE-server 193
1790397556.510669353 1074300 iou-wrk-1074293 0
1790397556.715073440 1074293 PROBE-server 215
1790397556.715073440 1074299 PROBE-server 205
1790397556.715073440 1074300 iou-wrk-1074293 0
1790397556.919296597 1074293 PROBE-server 227
1790397556.919296597 1074299 PROBE-server 217
1790397556.919296597 1074300 iou-wrk-1074293 0
1790397557.123807475 1074293 PROBE-server 238
1790397557.123807475 1074299 PROBE-server 228
1790397557.123807475 1074300 iou-wrk-1074293 0
1790397557.328414293 1074293 PROBE-server 250
1790397557.328414293 1074299 PROBE-server 240
1790397557.328414293 1074300 iou-wrk-1074293 0
1790397557.532638100 1074293 PROBE-server 262
1790397557.532638100 1074299 PROBE-server 252
1790397557.532638100 1074300 iou-wrk-1074293 0
1790397557.737470469 1074293 PROBE-server 275
1790397557.737470469 1074299 PROBE-server 264
1790397557.737470469 1074300 iou-wrk-1074293 0
1790397557.943545454 1074293 PROBE-server 289
1790397557.943545454 1074299 PROBE-server 277
1790397557.943545454 1074300 iou-wrk-1074293 0
1790397558.148795346 1074293 PROBE-server 302
1790397558.148795346 1074299 PROBE-server 290
1790397558.148795346 1074300 iou-wrk-1074293 0
1790397558.354158128 1074293 PROBE-server 314
1790397558.354158128 1074299 PROBE-server 301
1790397558.354158128 1074300 iou-wrk-1074293 0
1790397558.558896827 1074293 PROBE-server 325
1790397558.558896827 1074299 PROBE-server 312
1790397558.558896827 1074300 iou-wrk-1074293 0
1790397558.763389505 1074293 PROBE-server 338
1790397558.763389505 1074299 PROBE-server 324
1790397558.763389505 1074300 iou-wrk-1074293 0
1790397558.968091534 1074293 PROBE-server 350
1790397558.968091534 1074299 PROBE-server 337
1790397558.968091534 1074300 iou-wrk-1074293 0
1790397559.174196239 1074293 PROBE-server 363
1790397559.174196239 1074299 PROBE-server 350
1790397559.174196239 1074300 iou-wrk-1074293 0
1790397559.380533735 1074293 PROBE-server 376
1790397559.380533735 1074299 PROBE-server 362
1790397559.380533735 1074300 iou-wrk-1074293 0
1790397559.585406415 1074293 PROBE-server 388
1790397559.585406415 1074299 PROBE-server 372
1790397559.585406415 1074300 iou-wrk-1074293 0
1790397559.789972774 1074293 PROBE-server 400
1790397559.789972774 1074299 PROBE-server 384
1790397559.789972774 1074300 iou-wrk-1074293 0
1790397559.994848933 1074293 PROBE-server 412
1790397559.994848933 1074299 PROBE-server 395
1790397559.994848933 1074300 iou-wrk-1074293 0
1790397560.199144621 1074293 PROBE-server 423
1790397560.199144621 1074299 PROBE-server 406
1790397560.199144621 1074300 iou-wrk-1074293 0
1790397560.403827030 1074293 PROBE-server 435
1790397560.403827030 1074299 PROBE-server 417
1790397560.403827030 1074300 iou-wrk-1074293 0
1790397560.608166357 1074293 PROBE-server 447
1790397560.608166357 1074299 PROBE-server 428
1790397560.608166357 1074300 iou-wrk-1074293 0
1790397560.812579515 1074293 PROBE-server 459
1790397560.812579515 1074299 PROBE-server 440
1790397560.812579515 1074300 iou-wrk-1074293 0
1790397561.016756742 1074293 PROBE-server 469
1790397561.016756742 1074299 PROBE-server 452
1790397561.016756742 1074300 iou-wrk-1074293 0
1790397561.221270960 1074293 PROBE-server 481
1790397561.221270960 1074299 PROBE-server 463
1790397561.221270960 1074300 iou-wrk-1074293 0
1790397561.426313351 1074293 PROBE-server 493
1790397561.426313351 1074299 PROBE-server 474
1790397561.426313351 1074300 iou-wrk-1074293 0
1790397561.630535288 1074293 PROBE-server 506
1790397561.630535288 1074299 PROBE-server 487
1790397561.630535288 1074300 iou-wrk-1074293 0
1790397561.835150497 1074293 PROBE-server 517
1790397561.835150497 1074299 PROBE-server 499
1790397561.835150497 1074300 iou-wrk-1074293 0
1790397562.040048487 1074293 PROBE-server 530
1790397562.040048487 1074299 PROBE-server 510
1790397562.040048487 1074300 iou-wrk-1074293 0
1790397562.245744171 1074293 PROBE-server 543
1790397562.245744171 1074299 PROBE-server 523
1790397562.245744171 1074300 iou-wrk-1074293 0
1790397562.450422510 1074293 PROBE-server 555
1790397562.450422510 1074299 PROBE-server 534
1790397562.450422510 1074300 iou-wrk-1074293 0
1790397562.654763448 1074293 PROBE-server 566
1790397562.654763448 1074299 PROBE-server 545
1790397562.654763448 1074300 iou-wrk-1074293 0
1790397562.859613958 1074293 PROBE-server 579
1790397562.859613958 1074299 PROBE-server 557
1790397562.859613958 1074300 iou-wrk-1074293 0
1790397563.064213777 1074293 PROBE-server 591
1790397563.064213777 1074299 PROBE-server 568
1790397563.064213777 1074300 iou-wrk-1074293 0
1790397563.268617345 1074293 PROBE-server 602
1790397563.268617345 1074299 PROBE-server 581
1790397563.268617345 1074300 iou-wrk-1074293 0
1790397563.474780771 1074293 PROBE-server 614
1790397563.474780771 1074299 PROBE-server 591
1790397563.474780771 1074300 iou-wrk-1074293 0
1790397563.679413080 1074293 PROBE-server 626
1790397563.679413080 1074299 PROBE-server 603
1790397563.679413080 1074300 iou-wrk-1074293 0
1790397563.884236961 1074293 PROBE-server 638
1790397563.884236961 1074299 PROBE-server 614
1790397563.884236961 1074300 iou-wrk-1074293 0
1790397564.089326752 1074293 PROBE-server 647
1790397564.089326752 1074299 PROBE-server 624
1790397564.089326752 1074300 iou-wrk-1074293 0
1790397564.295428097 1074293 PROBE-server 647
1790397564.295428097 1074299 PROBE-server 624
1790397564.295428097 1074300 iou-wrk-1074293 0
1790397564.295428097 1075283 iou-wrk-1074299 0
