1790397247.391164128 1050889 PROBE-server 0
1790397247.391164128 1050895 PROBE-server 0
1790397247.391164128 1050896 iou-wrk-1050889 0
1790397247.597202607 1050889 PROBE-server 11
1790397247.597202607 1050895 PROBE-server 10
1790397247.597202607 1050896 iou-wrk-1050889 0
1790397247.803784979 1050889 PROBE-server 22
1790397247.803784979 1050895 PROBE-server 20
1790397247.803784979 1050896 iou-wrk-1050889 0
1790397248.009797828 1050889 PROBE-server 34
1790397248.009797828 1050895 PROBE-server 30
1790397248.009797828 1050896 iou-wrk-1050889 0
1790397248.215344565 1050889 PROBE-server 46
1790397248.215344565 1050895 PROBE-server 42
1790397248.215344565 1050896 iou-wrk-1050889 0
1790397248.421343475 1050889 PROBE-server 58
1790397248.421343475 1050895 PROBE-server 53
1790397248.421343475 1050896 iou-wrk-1050889 0
1790397248.626990302 1050889 PROBE-server 69
1790397248.626990302 1050895 PROBE-server 63
1790397248.626990302 1050896 iou-wrk-1050889 0
1790397248.832895571 1050889 PROBE-server 80
1790397248.832895571 1050895 PROBE-server 73
1790397248.832895571 1050896 iou-wrk-1050889 0
1790397249.038078507 1050889 PROBE-server 93
1790397249.038078507 1050895 PROBE-server 84
1790397249.038078507 1050896 iou-wrk-1050889 0
1790397249.244047976 1050889 PROBE-server 104
1790397249.244047976 1050895 PROBE-server 94
1790397249.244047976 1050896 iou-wrk-1050889 0
1790397249.449609914 1050889 PROBE-server 116
1790397249.449609914 1050895 PROBE-server 106
1790397249.449609914 1050896 iou-wrk-1050889 0
1790397249.655668683 1050889 PROBE-server 128
1790397249.655668683 1050895 PROBE-server 116
1790397249.655668683 1050896 iou-wrk-1050889 0
1790397249.860999380 1050889 PROBE-server 140
1790397249.860999380 1050895 PROBE-server 127
1790397249.860999380 1050896 iou-wrk-1050889 0
1790397250.066994209 1050889 PROBE-server 151
1790397250.066994209 1050895 PROBE-server 137
1790397250.066994209 1050896 iou-wrk-1050889 0
1790397250.272412137 1050889 PROBE-server 162
1790397250.272412137 1050895 PROBE-server 148
1790397250.272412137 1050896 iou-wrk-1050889 0
1790397250.478418086 1050889 PROBE-server 174
1790397250.478418086 1050895 PROBE-server 159
1790397250.478418086 1050896 iou-wrk-1050889 0
1790397250.684200615 1050889 PROBE-server 186
1790397250.684200615 1050895 PROBE-server 169
1790397250.684200615 1050896 iou-wrk-1050889 0
1790397250.889822813 1050889 PROBE-server 198
1790397250.889822813 1050895 PROBE-server 180
1790397250.889822813 1050896 iou-wrk-1050889 0
1790397251.095154690 1050889 PROBE-server 209
1790397251.095154690 1050895 PROBE-server 190
1790397251.095154690 1050896 iou-wrk-1050889 0
1790397251.301065739 1050889 PROBE-server 221
1790397251.301065739 1050895 PROBE-server 201
1790397251.301065739 1050896 iou-wrk-1050889 0
1790397251.507105049 1050889 PROBE-server 232
1790397251.507105049 1050895 PROBE-server 211
1790397251.507105049 1050896 iou-wrk-1050889 0
1790397251.712508137 1050889 PROBE-server 244
1790397251.712508137 1050895 PROBE-server 223
1790397251.712508137 1050896 iou-wrk-1050889 0
1790397251.918161695 1050889 PROBE-server 255
1790397251.918161695 1050895 PROBE-server 233
1790397251.918161695 1050896 iou-wrk-1050889 0
1790397252.123976914 1050889 PROBE-server 267
1790397252.123976914 1050895 PROBE-server 244
1790397252.123976914 1050896 iou-wrk-1050889 0
1790397252.328760209 1050889 PROBE-server 279
1790397252.328760209 1050895 PROBE-server 254
1790397252.328760209 1050896 iou-wrk-1050889 0
1790397252.534590448 1050889 PROBE-server 290
1790397252.534590448 1050895 PROBE-server 265
1790397252.534590448 1050896 iou-wrk-1050889 0
1790397252.740262577 1050889 PROBE-server 302
1790397252.740262577 1050895 PROBE-server 275
1790397252.740262577 1050896 iou-wrk-1050889 0
1790397252.945921655 1050889 PROBE-server 313
1790397252.945921655 1050895 PROBE-server 286
1790397252.945921655 1050896 iou-wrk-1050889 0
1790397253.151874645 1050889 PROBE-server 325
1790397253.151874645 1050895 PROBE-server 296
1790397253.151874645 1050896 iou-wrk-1050889 0
1790397253.357610634 1050889 PROBE-server 336
1790397253.357610634 1050895 PROBE-server 307
1790397253.357610634 1050896 iou-wrk-1050889 0
1790397253.563632824 1050889 PROBE-server 348
1790397253.563632824 1050895 PROBE-server 317
1790397253.563632824 1050896 iou-wrk-1050889 0
1790397253.770142507 1050889 PROBE-server 360
1790397253.770142507 1050895 PROBE-server 328
1790397253.770142507 1050896 iou-wrk-1050889 0
1790397253.975831776 1050889 PROBE-server 371
1790397253.975831776 1050895 PROBE-server 339
1790397253.975831776 1050896 iou-wrk-1050889 0
1790397254.181601535 1050889 PROBE-server 383
1790397254.181601535 1050895 PROBE-server 349
1790397254.181601535 1050896 iou-wrk-1050889 0
1790397254.386973963 1050889 PROBE-server 395
1790397254.386973963 1050895 PROBE-server 360
1790397254.386973963 1050896 iou-wrk-1050889 0
1790397254.592753612 1050889 PROBE-server 406
1790397254.592753612 1050895 PROBE-server 371
1790397254.592753612 1050896 iou-wrk-1050889 0
1790397254.797844209 1050889 PROBE-server 418
1790397254.797844209 1050895 PROBE-server 381
1790397254.797844209 1050896 iou-wrk-1050889 0
1790397255.003206697 1050889 PROBE-server 429
1790397255.003206697 1050895 PROBE-server 392
1790397255.003206697 1050896 iou-wrk-1050889 0
1790397255.208555284 1050889 PROBE-server 441
1790397255.208555284 1050895 PROBE-server 403
1790397255.208555284 1050896 iou-wrk-1050889 0
1790397255.414471665 1050889 PROBE-server 453
1790397255.414471665 1050895 PROBE-server 413
1790397255.414471665 1050896 iou-wrk-1050889 0
1790397255.620406095 1050889 PROBE-server 465
1790397255.620406095 1050895 PROBE-server 424
1790397255.620406095 1050896 iou-wrk-1050889 0
1790397255.826604646 1050889 PROBE-server 476
1790397255.826604646 1050895 PROBE-server 435
1790397255.826604646 1050896 iou-wrk-1050889 0
1790397256.032219205 1050889 PROBE-server 488
1790397256.032219205 1050895 PROBE-server 445
1790397256.032219205 1050896 iou-wrk-1050889 0
1790397256.237978675 1050889 PROBE-server 499
1790397256.237978675 1050895 PROBE-server 455
1790397256.237978675 1050896 iou-wrk-1050889 0
1790397256.443484564 1050889 PROBE-server 511
1790397256.443484564 1050895 PROBE-server 466
1790397256.443484564 1050896 iou-wrk-1050889 0
1790397256.649086313 1050889 PROBE-server 522
1790397256.649086313 1050895 PROBE-server 476
1790397256.649086313 1050896 iou-wrk-1050889 0
1790397256.855150974 1050889 PROBE-server 535
1790397256.855150974 1050895 PROBE-server 487
1790397256.855150974 1050896 iou-wrk-1050889 0
1790397257.060996934 1050889 PROBE-server 546
1790397257.060996934 1050895 PROBE-server 497
1790397257.060996934 1050896 iou-wrk-1050889 0
1790397257.266391252 1050889 PROBE-server 557
1790397257.266391252 1050895 PROBE-server 508
1790397257.266391252 1050896 iou-wrk-1050889 0
1790397257.471800251 1050889 PROBE-server 569
1790397257.471800251 1050895 PROBE-server 518
1790397257.471800251 1050896 iou-wrk-1050889 0
1790397257.678020553 1050889 PROBE-server 581
1790397257.678020553 1050895 PROBE-server 529
1790397257.678020553 1050896 iou-wrk-1050889 0
1790397257.884254215 1050889 PROBE-server 593
1790397257.884254215 1050895 PROBE-server 540
1790397257.884254215 1050896 iou-wrk-1050889 0
1790397258.090476527 1050889 PROBE-server 604
1790397258.090476527 1050895 PROBE-server 550
1790397258.090476527 1050896 iou-wrk-1050889 0
1790397258.296290957 1050889 PROBE-server 616
1790397258.296290957 1050895 PROBE-server 561
1790397258.296290957 1050896 iou-wrk-1050889 0
1790397258.502079308 1050889 PROBE-server 622
1790397258.502079308 1050895 PROBE-server 566
1790397258.502079308 1050896 iou-wrk-1050889 0
