1790397458.271878169 1066796 PROBE-server 0
1790397458.271878169 1066802 PROBE-server 0
1790397458.271878169 1066803 iou-wrk-1066796 0
1790397458.477696411 1066796 PROBE-server 11
1790397458.477696411 1066802 PROBE-server 10
1790397458.477696411 1066803 iou-wrk-1066796 0
1790397458.683725795 1066796 PROBE-server 23
1790397458.683725795 1066802 PROBE-server 22
1790397458.683725795 1066803 iou-wrk-1066796 0
1790397458.888968554 1066796 PROBE-server 35
1790397458.888968554 1066802 PROBE-server 33
1790397458.888968554 1066803 iou-wrk-1066796 0
1790397459.094207314 1066796 PROBE-server 47
1790397459.094207314 1066802 PROBE-server 44
1790397459.094207314 1066803 iou-wrk-1066796 0
1790397459.299781445 1066796 PROBE-server 59
1790397459.299781445 1066802 PROBE-server 55
1790397459.299781445 1066803 iou-wrk-1066796 0
1790397459.505201386 1066796 PROBE-server 70
1790397459.505201386 1066802 PROBE-server 66
1790397459.505201386 1066803 iou-wrk-1066796 0
1790397459.711069998 1066796 PROBE-server 83
1790397459.711069998 1066802 PROBE-server 78
1790397459.711069998 1066803 iou-wrk-1066796 0
1790397459.916546829 1066796 PROBE-server 95
1790397459.916546829 1066802 PROBE-server 89
1790397459.916546829 1066803 iou-wrk-1066796 0
1790397460.122568472 1066796 PROBE-server 107
1790397460.122568472 1066802 PROBE-server 100
1790397460.122568472 1066803 iou-wrk-1066796 0
1790397460.327921942 1066796 PROBE-server 118
1790397460.327921942 1066802 PROBE-server 111
1790397460.327921942 1066803 iou-wrk-1066796 0
1790397460.533548684 1066796 PROBE-server 131
1790397460.533548684 1066802 PROBE-server 123
1790397460.533548684 1066803 iou-wrk-1066796 0
1790397460.739287546 1066796 PROBE-server 143
1790397460.739287546 1066802 PROBE-server 135
1790397460.739287546 1066803 iou-wrk-1066796 0
1790397460.945303440 1066796 PROBE-server 155
1790397460.945303440 1066802 PROBE-server 146
1790397460.945303440 1066803 iou-wrk-1066796 0
1790397461.151278823 1066796 PROBE-server 168
1790397461.151278823 1066802 PROBE-server 157
1790397461.151278823 1066803 iou-wrk-1066796 0
1790397461.356195431 1066796 PROBE-server 180
1790397461.356195431 1066802 PROBE-server 169
1790397461.356195431 1066803 iou-wrk-1066796 0
1790397461.561528482 1066796 PROBE-server 192
1790397461.561528482 1066802 PROBE-server 180
1790397461.561528482 1066803 iou-wrk-1066796 0
1790397461.766776572 1066796 PROBE-server 204
1790397461.766776572 1066802 PROBE-server 191
1790397461.766776572 1066803 iou-wrk-1066796 0
1790397461.972257403 1066796 PROBE-server 216
1790397461.972257403 1066802 PROBE-server 202
1790397461.972257403 1066803 iou-wrk-1066796 0
1790397462.177793594 1066796 PROBE-server 228
1790397462.177793594 1066802 PROBE-server 214
1790397462.177793594 1066803 iou-wrk-1066796 0
1790397462.383369376 1066796 PROBE-server 241
1790397462.383369376 1066802 PROBE-server 225
1790397462.383369376 1066803 iou-wrk-1066796 0
1790397462.588887427 1066796 PROBE-server 252
1790397462.588887427 1066802 PROBE-server 237
1790397462.588887427 1066803 iou-wrk-1066796 0
1790397462.794100777 1066796 PROBE-server 264
1790397462.794100777 1066802 PROBE-server 247
1790397462.794100777 1066803 iou-wrk-1066796 0
1790397462.999612439 1066796 PROBE-server 277
1790397462.999612439 1066802 PROBE-server 259
1790397462.999612439 1066803 iou-wrk-1066796 0
1790397463.205177640 1066796 PROBE-server 289
1790397463.205177640 1066802 PROBE-server 270
1790397463.205177640 1066803 iou-wrk-1066796 0
1790397463.410754672 1066796 PROBE-server 301
1790397463.410754672 1066802 PROBE-server 282
1790397463.410754672 1066803 iou-wrk-1066796 0
1790397463.615625291 1066796 PROBE-server 313
1790397463.615625291 1066802 PROBE-server 293
1790397463.615625291 1066803 iou-wrk-1066796 0
1790397463.821757795 1066796 PROBE-server 325
1790397463.821757795 1066802 PROBE-server 305
1790397463.821757795 1066803 iou-wrk-1066796 0
1790397464.027362587 1066796 PROBE-server 337
1790397464.027362587 1066802 PROBE-server 316
1790397464.027362587 1066803 iou-wrk-1066796 0
1790397464.233185160 1066796 PROBE-server 348
1790397464.233185160 1066802 PROBE-server 327
1790397464.233185160 1066803 iou-wrk-1066796 0
1790397464.438247829 1066796 PROBE-server 361
1790397464.438247829 1066802 PROBE-server 338
1790397464.438247829 1066803 iou-wrk-1066796 0
1790397464.644025112 1066796 PROBE-server 372
1790397464.644025112 1066802 PROBE-server 350
1790397464.644025112 1066803 iou-wrk-1066796 0
1790397464.849180112 1066796 PROBE-server 385
1790397464.849180112 1066802 PROBE-server 361
1790397464.849180112 1066803 iou-wrk-1066796 0
1790397465.054735474 1066796 PROBE-server 397
1790397465.054735474 1066802 PROBE-server 373
1790397465.054735474 1066803 iou-wrk-1066796 0
1790397465.260101825 1066796 PROBE-server 409
1790397465.260101825 1066802 PROBE-server 384
1790397465.260101825 1066803 iou-wrk-1066796 0
1790397465.465145535 1066796 PROBE-server 421
1790397465.465145535 1066802 PROBE-server 395
1790397465.465145535 1066803 iou-wrk-1066796 0
1790397465.669911603 1066796 PROBE-server 433
1790397465.669911603 1066802 PROBE-server 406
1790397465.669911603 1066803 iou-wrk-1066796 0
1790397465.874974923 1066796 PROBE-server 445
1790397465.874974923 1066802 PROBE-server 418
1790397465.874974923 1066803 iou-wrk-1066796 0
1790397466.079732631 1066796 PROBE-server 456
1790397466.079732631 1066802 PROBE-server 429
1790397466.079732631 1066803 iou-wrk-1066796 0
1790397466.285019432 1066796 PROBE-server 468
1790397466.285019432 1066802 PROBE-server 440
1790397466.285019432 1066803 iou-wrk-1066796 0
1790397466.490611114 1066796 PROBE-server 480
1790397466.490611114 1066802 PROBE-server 452
1790397466.490611114 1066803 iou-wrk-1066796 0
1790397466.695563964 1066796 PROBE-server 492
1790397466.695563964 1066802 PROBE-server 464
1790397466.695563964 1066803 iou-wrk-1066796 0
1790397466.901169326 1066796 PROBE-server 504
1790397466.901169326 1066802 PROBE-server 474
1790397466.901169326 1066803 iou-wrk-1066796 0
1790397467.106113955 1066796 PROBE-server 517
1790397467.106113955 1066802 PROBE-server 486
1790397467.106113955 1066803 iou-wrk-1066796 0
1790397467.310902144 1066796 PROBE-server 528
1790397467.310902144 1066802 PROBE-server 497
1790397467.310902144 1066803 iou-wrk-1066796 0
1790397467.516297115 1066796 PROBE-server 541
1790397467.516297115 1066802 PROBE-server 509
1790397467.516297115 1066803 iou-wrk-1066796 0
1790397467.721298225 1066796 PROBE-server 553
1790397467.721298225 1066802 PROBE-server 521
1790397467.721298225 1066803 iou-wrk-1066796 0
1790397467.926273765 1066796 PROBE-server 564
1790397467.926273765 1066802 PROBE-server 531
1790397467.926273765 1066803 iou-wrk-1066796 0
1790397468.132354589 1066796 PROBE-server 577
1790397468.132354589 1066802 PROBE-server 542
1790397468.132354589 1066803 iou-wrk-1066796 0
1790397468.337604380 1066796 PROBE-server 589
1790397468.337604380 1066802 PROBE-server 554
1790397468.337604380 1066803 iou-wrk-1066796 0
1790397468.543926006 1066796 PROBE-server 601
1790397468.543926006 1066802 PROBE-server 565
1790397468.543926006 1066803 iou-wrk-1066796 0
1790397468.749128417 1066796 PROBE-server 613
1790397468.749128417 1066802 PROBE-server 577
1790397468.749128417 1066803 iou-wrk-1066796 0
1790397468.955300122 1066796 PROBE-server 625
1790397468.955300122 1066802 PROBE-server 589
1790397468.955300122 1066803 iou-wrk-1066796 0
1790397469.160638613 1066796 PROBE-server 637
1790397469.160638613 1066802 PROBE-server 599
1790397469.160638613 1066803 iou-wrk-1066796 0
1790397469.365920924 1066796 PROBE-server 644
1790397469.365920924 1066802 PROBE-server 606
1790397469.365920924 1066803 iou-wrk-1066796 0
