1790397236.030542682 1049857 PROBE-server 0
1790397236.030542682 1049863 PROBE-server 0
1790397236.030542682 1049864 iou-wrk-1049857 0
1790397236.237197111 1049857 PROBE-server 11
1790397236.237197111 1049863 PROBE-server 9
1790397236.237197111 1049864 iou-wrk-1049857 0
1790397236.443292518 1049857 PROBE-server 23
1790397236.443292518 1049863 PROBE-server 21
1790397236.443292518 1049864 iou-wrk-1049857 0
1790397236.648721823 1049857 PROBE-server 34
1790397236.648721823 1049863 PROBE-server 31
1790397236.648721823 1049864 iou-wrk-1049857 0
1790397236.854408299 1049857 PROBE-server 46
1790397236.854408299 1049863 PROBE-server 42
1790397236.854408299 1049864 iou-wrk-1049857 0
1790397237.059747102 1049857 PROBE-server 57
1790397237.059747102 1049863 PROBE-server 52
1790397237.059747102 1049864 iou-wrk-1049857 0
1790397237.264970446 1049857 PROBE-server 68
1790397237.264970446 1049863 PROBE-server 63
1790397237.264970446 1049864 iou-wrk-1049857 0
1790397237.470187130 1049857 PROBE-server 81
1790397237.470187130 1049863 PROBE-server 74
1790397237.470187130 1049864 iou-wrk-1049857 0
1790397237.675871496 1049857 PROBE-server 92
1790397237.675871496 1049863 PROBE-server 84
1790397237.675871496 1049864 iou-wrk-1049857 0
1790397237.880423646 1049857 PROBE-server 104
1790397237.880423646 1049863 PROBE-server 95
1790397237.880423646 1049864 iou-wrk-1049857 0
1790397238.085443879 1049857 PROBE-server 115
1790397238.085443879 1049863 PROBE-server 106
1790397238.085443879 1049864 iou-wrk-1049857 0
1790397238.290876054 1049857 PROBE-server 127
1790397238.290876054 1049863 PROBE-server 117
1790397238.290876054 1049864 iou-wrk-1049857 0
1790397238.495923077 1049857 PROBE-server 139
1790397238.495923077 1049863 PROBE-server 127
1790397238.495923077 1049864 iou-wrk-1049857 0
1790397238.701630903 1049857 PROBE-server 151
1790397238.701630903 1049863 PROBE-server 138
1790397238.701630903 1049864 iou-wrk-1049857 0
1790397238.906888998 1049857 PROBE-server 162
1790397238.906888998 1049863 PROBE-server 149
1790397238.906888998 1049864 iou-wrk-1049857 0
1790397239.112353602 1049857 PROBE-server 174
1790397239.112353602 1049863 PROBE-server 160
1790397239.112353602 1049864 iou-wrk-1049857 0
1790397239.318050359 1049857 PROBE-server 185
1790397239.318050359 1049863 PROBE-server 170
1790397239.318050359 1049864 iou-wrk-1049857 0
1790397239.523905575 1049857 PROBE-server 197
1790397239.523905575 1049863 PROBE-server 181
1790397239.523905575 1049864 iou-wrk-1049857 0
1790397239.729577731 1049857 PROBE-server 209
1790397239.729577731 1049863 PROBE-server 191
1790397239.729577731 1049864 iou-wrk-1049857 0
1790397239.934873966 1049857 PROBE-server 221
1790397239.934873966 1049863 PROBE-server 202
1790397239.934873966 1049864 iou-wrk-1049857 0
1790397240.140588012 1049857 PROBE-server 232
1790397240.140588012 1049863 PROBE-server 213
1790397240.140588012 1049864 iou-wrk-1049857 0
1790397240.346026987 1049857 PROBE-server 244
1790397240.346026987 1049863 PROBE-server 223
1790397240.346026987 1049864 iou-wrk-1049857 0
1790397240.551771304 1049857 PROBE-server 255
1790397240.551771304 1049863 PROBE-server 234
1790397240.551771304 1049864 iou-wrk-1049857 0
1790397240.757403530 1049857 PROBE-server 267
1790397240.757403530 1049863 PROBE-server 244
1790397240.757403530 1049864 iou-wrk-1049857 0
1790397240.962124892 1049857 PROBE-server 279
1790397240.962124892 1049863 PROBE-server 255
1790397240.962124892 1049864 iou-wrk-1049857 0
1790397241.167111836 1049857 PROBE-server 291
1790397241.167111836 1049863 PROBE-server 267
1790397241.167111836 1049864 iou-wrk-1049857 0
1790397241.372362210 1049857 PROBE-server 302
1790397241.372362210 1049863 PROBE-server 277
1790397241.372362210 1049864 iou-wrk-1049857 0
1790397241.577389034 1049857 PROBE-server 314
1790397241.577389034 1049863 PROBE-server 288
1790397241.577389034 1049864 iou-wrk-1049857 0
1790397241.783121781 1049857 PROBE-server 325
1790397241.783121781 1049863 PROBE-server 298
1790397241.783121781 1049864 iou-wrk-1049857 0
1790397241.988507176 1049857 PROBE-server 337
1790397241.988507176 1049863 PROBE-server 309
1790397241.988507176 1049864 iou-wrk-1049857 0
1790397242.194086442 1049857 PROBE-server 348
1790397242.194086442 1049863 PROBE-server 320
1790397242.194086442 1049864 iou-wrk-1049857 0
1790397242.399776409 1049857 PROBE-server 360
1790397242.399776409 1049863 PROBE-server 330
1790397242.399776409 1049864 iou-wrk-1049857 0
1790397242.605530276 1049857 PROBE-server 372
1790397242.605530276 1049863 PROBE-server 342
1790397242.605530276 1049864 iou-wrk-1049857 0
1790397242.811219483 1049857 PROBE-server 383
1790397242.811219483 1049863 PROBE-server 352
1790397242.811219483 1049864 iou-wrk-1049857 0
1790397243.016847219 1049857 PROBE-server 395
1790397243.016847219 1049863 PROBE-server 363
1790397243.016847219 1049864 iou-wrk-1049857 0
1790397243.221651712 1049857 PROBE-server 406
1790397243.221651712 1049863 PROBE-server 373
1790397243.221651712 1049864 iou-wrk-1049857 0
1790397243.427269679 1049857 PROBE-server 418
1790397243.427269679 1049863 PROBE-server 383
1790397243.427269679 1049864 iou-wrk-1049857 0
1790397243.632151312 1049857 PROBE-server 430
1790397243.632151312 1049863 PROBE-server 394
1790397243.632151312 1049864 iou-wrk-1049857 0
1790397243.837157326 1049857 PROBE-server 442
1790397243.837157326 1049863 PROBE-server 406
1790397243.837157326 1049864 iou-wrk-1049857 0
1790397244.043395656 1049857 PROBE-server 454
1790397244.043395656 1049863 PROBE-server 416
1790397244.043395656 1049864 iou-wrk-1049857 0
1790397244.249070283 1049857 PROBE-server 466
1790397244.249070283 1049863 PROBE-server 427
1790397244.249070283 1049864 iou-wrk-1049857 0
1790397244.454869790 1049857 PROBE-server 478
1790397244.454869790 1049863 PROBE-server 438
1790397244.454869790 1049864 iou-wrk-1049857 0
1790397244.660823608 1049857 PROBE-server 489
1790397244.660823608 1049863 PROBE-server 448
1790397244.660823608 1049864 iou-wrk-1049857 0
1790397244.866023233 1049857 PROBE-server 501
1790397244.866023233 1049863 PROBE-server 459
1790397244.866023233 1049864 iou-wrk-1049857 0
1790397245.071785301 1049857 PROBE-server 513
1790397245.071785301 1049863 PROBE-server 470
1790397245.071785301 1049864 iou-wrk-1049857 0
1790397245.276890406 1049857 PROBE-server 524
1790397245.276890406 1049863 PROBE-server 480
1790397245.276890406 1049864 iou-wrk-1049857 0
1790397245.482265162 1049857 PROBE-server 535
1790397245.482265162 1049863 PROBE-server 491
1790397245.482265162 1049864 iou-wrk-1049857 0
1790397245.687818119 1049857 PROBE-server 547
1790397245.687818119 1049863 PROBE-server 502
1790397245.687818119 1049864 iou-wrk-1049857 0
1790397245.893092054 1049857 PROBE-server 558
1790397245.893092054 1049863 PROBE-server 513
1790397245.893092054 1049864 iou-wrk-1049857 0
1790397246.098480850 1049857 PROBE-server 570
1790397246.098480850 1049863 PROBE-server 523
1790397246.098480850 1049864 iou-wrk-1049857 0
1790397246.304123617 1049857 PROBE-server 582
1790397246.304123617 1049863 PROBE-server 533
1790397246.304123617 1049864 iou-wrk-1049857 0
1790397246.509957475 1049857 PROBE-server 594
1790397246.509957475 1049863 PROBE-server 545
1790397246.509957475 1049864 iou-wrk-1049857 0
1790397246.715148571 1049857 PROBE-server 605
1790397246.715148571 1049863 PROBE-server 555
1790397246.715148571 1049864 iou-wrk-1049857 0
1790397246.920692828 1049857 PROBE-server 616
1790397246.920692828 1049863 PROBE-server 565
1790397246.920692828 1049864 iou-wrk-1049857 0
1790397247.126411986 1049857 PROBE-server 623
1790397247.126411986 1049863 PROBE-server 572
1790397247.126411986 1049864 iou-wrk-1049857 0
