1790397430.570695671 1064734 PROBE-server 0
1790397430.570695671 1064740 PROBE-server 0
1790397430.570695671 1064741 iou-wrk-1064734 0
1790397430.777406493 1064734 PROBE-server 11
1790397430.777406493 1064740 PROBE-server 11
1790397430.777406493 1064741 iou-wrk-1064734 0
1790397430.982457088 1064734 PROBE-server 24
1790397430.982457088 1064740 PROBE-server 23
1790397430.982457088 1064741 iou-wrk-1064734 0
1790397431.187139882 1064734 PROBE-server 36
1790397431.187139882 1064740 PROBE-server 34
1790397431.187139882 1064741 iou-wrk-1064734 0
1790397431.391839385 1064734 PROBE-server 48
1790397431.391839385 1064740 PROBE-server 46
1790397431.391839385 1064741 iou-wrk-1064734 0
1790397431.596571149 1064734 PROBE-server 60
1790397431.596571149 1064740 PROBE-server 58
1790397431.596571149 1064741 iou-wrk-1064734 0
1790397431.801485904 1064734 PROBE-server 72
1790397431.801485904 1064740 PROBE-server 69
1790397431.801485904 1064741 iou-wrk-1064734 0
1790397432.006881430 1064734 PROBE-server 84
1790397432.006881430 1064740 PROBE-server 81
1790397432.006881430 1064741 iou-wrk-1064734 0
1790397432.211574874 1064734 PROBE-server 95
1790397432.211574874 1064740 PROBE-server 92
1790397432.211574874 1064741 iou-wrk-1064734 0
1790397432.415877586 1064734 PROBE-server 108
1790397432.415877586 1064740 PROBE-server 104
1790397432.415877586 1064741 iou-wrk-1064734 0
1790397432.620441619 1064734 PROBE-server 121
1790397432.620441619 1064740 PROBE-server 116
1790397432.620441619 1064741 iou-wrk-1064734 0
1790397432.825798816 1064734 PROBE-server 133
1790397432.825798816 1064740 PROBE-server 128
1790397432.825798816 1064741 iou-wrk-1064734 0
1790397433.030301209 1064734 PROBE-server 145
1790397433.030301209 1064740 PROBE-server 139
1790397433.030301209 1064741 iou-wrk-1064734 0
1790397433.235012113 1064734 PROBE-server 157
1790397433.235012113 1064740 PROBE-server 151
1790397433.235012113 1064741 iou-wrk-1064734 0
1790397433.439596516 1064734 PROBE-server 169
1790397433.439596516 1064740 PROBE-server 163
1790397433.439596516 1064741 iou-wrk-1064734 0
1790397433.644205949 1064734 PROBE-server 180
1790397433.644205949 1064740 PROBE-server 174
1790397433.644205949 1064741 iou-wrk-1064734 0
1790397433.849015014 1064734 PROBE-server 193
1790397433.849015014 1064740 PROBE-server 186
1790397433.849015014 1064741 iou-wrk-1064734 0
1790397434.053354236 1064734 PROBE-server 205
1790397434.053354236 1064740 PROBE-server 197
1790397434.053354236 1064741 iou-wrk-1064734 0
1790397434.257627838 1064734 PROBE-server 217
1790397434.257627838 1064740 PROBE-server 209
1790397434.257627838 1064741 iou-wrk-1064734 0
1790397434.461924730 1064734 PROBE-server 229
1790397434.461924730 1064740 PROBE-server 221
1790397434.461924730 1064741 iou-wrk-1064734 0
1790397434.666490314 1064734 PROBE-server 241
1790397434.666490314 1064740 PROBE-server 233
1790397434.666490314 1064741 iou-wrk-1064734 0
1790397434.872361173 1064734 PROBE-server 254
1790397434.872361173 1064740 PROBE-server 245
1790397434.872361173 1064741 iou-wrk-1064734 0
1790397435.076771426 1064734 PROBE-server 266
1790397435.076771426 1064740 PROBE-server 257
1790397435.076771426 1064741 iou-wrk-1064734 0
1790397435.281139069 1064734 PROBE-server 278
1790397435.281139069 1064740 PROBE-server 268
1790397435.281139069 1064741 iou-wrk-1064734 0
1790397435.485842683 1064734 PROBE-server 291
1790397435.485842683 1064740 PROBE-server 280
1790397435.485842683 1064741 iou-wrk-1064734 0
1790397435.690427746 1064734 PROBE-server 302
1790397435.690427746 1064740 PROBE-server 292
1790397435.690427746 1064741 iou-wrk-1064734 0
1790397435.895386232 1064734 PROBE-server 314
1790397435.895386232 1064740 PROBE-server 304
1790397435.895386232 1064741 iou-wrk-1064734 0
1790397436.100175146 1064734 PROBE-server 327
1790397436.100175146 1064740 PROBE-server 316
1790397436.100175146 1064741 iou-wrk-1064734 0
1790397436.304439569 1064734 PROBE-server 340
1790397436.304439569 1064740 PROBE-server 328
1790397436.304439569 1064741 iou-wrk-1064734 0
1790397436.508922882 1064734 PROBE-server 351
1790397436.508922882 1064740 PROBE-server 339
1790397436.508922882 1064741 iou-wrk-1064734 0
1790397436.713322475 1064734 PROBE-server 362
1790397436.713322475 1064740 PROBE-server 350
1790397436.713322475 1064741 iou-wrk-1064734 0
1790397436.917749818 1064734 PROBE-server 375
1790397436.917749818 1064740 PROBE-server 361
1790397436.917749818 1064741 iou-wrk-1064734 0
1790397437.122738374 1064734 PROBE-server 387
1790397437.122738374 1064740 PROBE-server 373
1790397437.122738374 1064741 iou-wrk-1064734 0
1790397437.327315917 1064734 PROBE-server 399
1790397437.327315917 1064740 PROBE-server 385
1790397437.327315917 1064741 iou-wrk-1064734 0
1790397437.532953626 1064734 PROBE-server 411
1790397437.532953626 1064740 PROBE-server 397
1790397437.532953626 1064741 iou-wrk-1064734 0
1790397437.737904042 1064734 PROBE-server 424
1790397437.737904042 1064740 PROBE-server 409
1790397437.737904042 1064741 iou-wrk-1064734 0
1790397437.942457055 1064734 PROBE-server 437
1790397437.942457055 1064740 PROBE-server 421
1790397437.942457055 1064741 iou-wrk-1064734 0
1790397438.147273930 1064734 PROBE-server 448
1790397438.147273930 1064740 PROBE-server 432
1790397438.147273930 1064741 iou-wrk-1064734 0
1790397438.351892465 1064734 PROBE-server 460
1790397438.351892465 1064740 PROBE-server 444
1790397438.351892465 1064741 iou-wrk-1064734 0
1790397438.556356848 1064734 PROBE-server 472
1790397438.556356848 1064740 PROBE-server 456
1790397438.556356848 1064741 iou-wrk-1064734 0
1790397438.761068773 1064734 PROBE-server 484
1790397438.761068773 1064740 PROBE-server 468
1790397438.761068773 1064741 iou-wrk-1064734 0
1790397438.965788457 1064734 PROBE-server 496
1790397438.965788457 1064740 PROBE-server 479
1790397438.965788457 1064741 iou-wrk-1064734 0
1790397439.171202515 1064734 PROBE-server 508
1790397439.171202515 1064740 PROBE-server 491
1790397439.171202515 1064741 iou-wrk-1064734 0
1790397439.375873100 1064734 PROBE-server 522
1790397439.375873100 1064740 PROBE-server 504
1790397439.375873100 1064741 iou-wrk-1064734 0
1790397439.580181743 1064734 PROBE-server 534
1790397439.580181743 1064740 PROBE-server 516
1790397439.580181743 1064741 iou-wrk-1064734 0
1790397439.784986658 1064734 PROBE-server 547
1790397439.784986658 1064740 PROBE-server 528
1790397439.784986658 1064741 iou-wrk-1064734 0
1790397439.989780053 1064734 PROBE-server 558
1790397439.989780053 1064740 PROBE-server 539
1790397439.989780053 1064741 iou-wrk-1064734 0
1790397440.194047616 1064734 PROBE-server 571
1790397440.194047616 1064740 PROBE-server 552
1790397440.194047616 1064741 iou-wrk-1064734 0
1790397440.398429589 1064734 PROBE-server 583
1790397440.398429589 1064740 PROBE-server 563
1790397440.398429589 1064741 iou-wrk-1064734 0
1790397440.603247015 1064734 PROBE-server 596
1790397440.603247015 1064740 PROBE-server 575
1790397440.603247015 1064741 iou-wrk-1064734 0
1790397440.807511257 1064734 PROBE-server 609
1790397440.807511257 1064740 PROBE-server 587
1790397440.807511257 1064741 iou-wrk-1064734 0
1790397441.012233612 1064734 PROBE-server 620
1790397441.012233612 1064740 PROBE-server 599
1790397441.012233612 1064741 iou-wrk-1064734 0
1790397441.216511026 1064734 PROBE-server 633
1790397441.216511026 1064740 PROBE-server 611
1790397441.216511026 1064741 iou-wrk-1064734 0
1790397441.421124470 1064734 PROBE-server 645
1790397441.421124470 1064740 PROBE-server 623
1790397441.421124470 1064741 iou-wrk-1064734 0
1790397441.626143706 1064734 PROBE-server 654
1790397441.626143706 1064740 PROBE-server 632
1790397441.626143706 1064741 iou-wrk-1064734 0
