1790397191.879803425 1046502 PROBE-server 0
1790397191.879803425 1046508 PROBE-server 0
1790397191.879803425 1046509 iou-wrk-1046502 0
1790397192.086203324 1046502 PROBE-server 12
1790397192.086203324 1046508 PROBE-server 11
1790397192.086203324 1046509 iou-wrk-1046502 0
1790397192.086203324 1046562 iou-wrk-1046508 0
1790397192.292848454 1046502 PROBE-server 24
1790397192.292848454 1046508 PROBE-server 22
1790397192.292848454 1046509 iou-wrk-1046502 0
1790397192.292848454 1046562 iou-wrk-1046508 0
1790397192.498504610 1046502 PROBE-server 37
1790397192.498504610 1046508 PROBE-server 35
1790397192.498504610 1046509 iou-wrk-1046502 0
1790397192.498504610 1046562 iou-wrk-1046508 0
1790397192.705826354 1046502 PROBE-server 50
1790397192.705826354 1046508 PROBE-server 47
1790397192.705826354 1046509 iou-wrk-1046502 0
1790397192.705826354 1046562 iou-wrk-1046508 0
1790397192.912368574 1046502 PROBE-server 62
1790397192.912368574 1046508 PROBE-server 59
1790397192.912368574 1046509 iou-wrk-1046502 0
1790397192.912368574 1046562 iou-wrk-1046508 0
1790397193.119208555 1046502 PROBE-server 74
1790397193.119208555 1046508 PROBE-server 71
1790397193.119208555 1046509 iou-wrk-1046502 0
1790397193.119208555 1046562 iou-wrk-1046508 0
1790397193.325684465 1046502 PROBE-server 86
1790397193.325684465 1046508 PROBE-server 83
1790397193.325684465 1046509 iou-wrk-1046502 0
1790397193.325684465 1046562 iou-wrk-1046508 0
1790397193.532250515 1046502 PROBE-server 98
1790397193.532250515 1046508 PROBE-server 94
1790397193.532250515 1046509 iou-wrk-1046502 0
1790397193.532250515 1046562 iou-wrk-1046508 0
1790397193.738610005 1046502 PROBE-server 111
1790397193.738610005 1046508 PROBE-server 106
1790397193.738610005 1046509 iou-wrk-1046502 0
1790397193.738610005 1046562 iou-wrk-1046508 0
1790397193.945543056 1046502 PROBE-server 123
1790397193.945543056 1046508 PROBE-server 118
1790397193.945543056 1046509 iou-wrk-1046502 0
1790397193.945543056 1046562 iou-wrk-1046508 0
1790397194.152307978 1046502 PROBE-server 135
1790397194.152307978 1046508 PROBE-server 129
1790397194.152307978 1046509 iou-wrk-1046502 0
1790397194.152307978 1046562 iou-wrk-1046508 0
1790397194.358619757 1046502 PROBE-server 147
1790397194.358619757 1046508 PROBE-server 140
1790397194.358619757 1046509 iou-wrk-1046502 0
1790397194.358619757 1046562 iou-wrk-1046508 0
1790397194.564475994 1046502 PROBE-server 160
1790397194.564475994 1046508 PROBE-server 153
1790397194.564475994 1046509 iou-wrk-1046502 0
1790397194.564475994 1046562 iou-wrk-1046508 0
1790397194.771579887 1046502 PROBE-server 171
1790397194.771579887 1046508 PROBE-server 164
1790397194.771579887 1046509 iou-wrk-1046502 0
1790397194.771579887 1046562 iou-wrk-1046508 0
1790397194.978584169 1046502 PROBE-server 184
1790397194.978584169 1046508 PROBE-server 176
1790397194.978584169 1046509 iou-wrk-1046502 0
1790397194.978584169 1046562 iou-wrk-1046508 0
1790397195.185179720 1046502 PROBE-server 196
1790397195.185179720 1046508 PROBE-server 187
1790397195.185179720 1046509 iou-wrk-1046502 0
1790397195.185179720 1046562 iou-wrk-1046508 0
1790397195.391965512 1046502 PROBE-server 208
1790397195.391965512 1046508 PROBE-server 199
1790397195.391965512 1046509 iou-wrk-1046502 0
1790397195.391965512 1046562 iou-wrk-1046508 0
1790397195.598479902 1046502 PROBE-server 220
1790397195.598479902 1046508 PROBE-server 211
1790397195.598479902 1046509 iou-wrk-1046502 0
1790397195.598479902 1046562 iou-wrk-1046508 0
1790397195.805678206 1046502 PROBE-server 233
1790397195.805678206 1046508 PROBE-server 223
1790397195.805678206 1046509 iou-wrk-1046502 0
1790397195.805678206 1046562 iou-wrk-1046508 0
1790397196.012154706 1046502 PROBE-server 244
1790397196.012154706 1046508 PROBE-server 235
1790397196.012154706 1046509 iou-wrk-1046502 0
1790397196.012154706 1046562 iou-wrk-1046508 0
1790397196.217833293 1046502 PROBE-server 256
1790397196.217833293 1046508 PROBE-server 246
1790397196.217833293 1046509 iou-wrk-1046502 0
1790397196.217833293 1046562 iou-wrk-1046508 0
1790397196.424709036 1046502 PROBE-server 270
1790397196.424709036 1046508 PROBE-server 258
1790397196.424709036 1046509 iou-wrk-1046502 0
1790397196.424709036 1046562 iou-wrk-1046508 0
1790397196.631301547 1046502 PROBE-server 281
1790397196.631301547 1046508 PROBE-server 269
1790397196.631301547 1046509 iou-wrk-1046502 0
1790397196.631301547 1046562 iou-wrk-1046508 0
1790397196.838333109 1046502 PROBE-server 293
1790397196.838333109 1046508 PROBE-server 281
1790397196.838333109 1046509 iou-wrk-1046502 0
1790397196.838333109 1046562 iou-wrk-1046508 0
1790397197.044674179 1046502 PROBE-server 305
1790397197.044674179 1046508 PROBE-server 292
1790397197.044674179 1046509 iou-wrk-1046502 0
1790397197.044674179 1046562 iou-wrk-1046508 0
1790397197.250958959 1046502 PROBE-server 318
1790397197.250958959 1046508 PROBE-server 304
1790397197.250958959 1046509 iou-wrk-1046502 0
1790397197.250958959 1046562 iou-wrk-1046508 0
1790397197.458207853 1046502 PROBE-server 330
1790397197.458207853 1046508 PROBE-server 316
1790397197.458207853 1046509 iou-wrk-1046502 0
1790397197.458207853 1046562 iou-wrk-1046508 0
1790397197.664672764 1046502 PROBE-server 343
1790397197.664672764 1046508 PROBE-server 327
1790397197.664672764 1046509 iou-wrk-1046502 0
1790397197.664672764 1046562 iou-wrk-1046508 0
1790397197.871487396 1046502 PROBE-server 355
1790397197.871487396 1046508 PROBE-server 339
1790397197.871487396 1046509 iou-wrk-1046502 0
1790397197.871487396 1046562 iou-wrk-1046508 0
1790397198.078535260 1046502 PROBE-server 367
1790397198.078535260 1046508 PROBE-server 350
1790397198.078535260 1046509 iou-wrk-1046502 0
1790397198.078535260 1046562 iou-wrk-1046508 0
1790397198.284356518 1046502 PROBE-server 379
1790397198.284356518 1046508 PROBE-server 362
1790397198.284356518 1046509 iou-wrk-1046502 0
1790397198.284356518 1046562 iou-wrk-1046508 0
1790397198.491634122 1046502 PROBE-server 391
1790397198.491634122 1046508 PROBE-server 373
1790397198.491634122 1046509 iou-wrk-1046502 0
1790397198.491634122 1046562 iou-wrk-1046508 0
1790397198.698604885 1046502 PROBE-server 403
1790397198.698604885 1046508 PROBE-server 386
1790397198.698604885 1046509 iou-wrk-1046502 0
1790397198.698604885 1046562 iou-wrk-1046508 0
1790397198.905716809 1046502 PROBE-server 415
1790397198.905716809 1046508 PROBE-server 397
1790397198.905716809 1046509 iou-wrk-1046502 0
1790397198.905716809 1046562 iou-wrk-1046508 0
1790397199.112155800 1046502 PROBE-server 427
1790397199.112155800 1046508 PROBE-server 409
1790397199.112155800 1046509 iou-wrk-1046502 0
1790397199.112155800 1046562 iou-wrk-1046508 0
1790397199.318676081 1046502 PROBE-server 439
1790397199.318676081 1046508 PROBE-server 420
1790397199.318676081 1046509 iou-wrk-1046502 0
1790397199.318676081 1046562 iou-wrk-1046508 0
1790397199.525738615 1046502 PROBE-server 452
1790397199.525738615 1046508 PROBE-server 432
1790397199.525738615 1046509 iou-wrk-1046502 0
1790397199.525738615 1046562 iou-wrk-1046508 0
1790397199.731953045 1046502 PROBE-server 464
1790397199.731953045 1046508 PROBE-server 444
1790397199.731953045 1046509 iou-wrk-1046502 0
1790397199.731953045 1046562 iou-wrk-1046508 0
1790397199.938060865 1046502 PROBE-server 476
1790397199.938060865 1046508 PROBE-server 456
1790397199.938060865 1046509 iou-wrk-1046502 0
1790397199.938060865 1046562 iou-wrk-1046508 0
1790397200.145230579 1046502 PROBE-server 489
1790397200.145230579 1046508 PROBE-server 468
1790397200.145230579 1046509 iou-wrk-1046502 0
1790397200.145230579 1046562 iou-wrk-1046508 0
1790397200.351330189 1046502 PROBE-server 500
1790397200.351330189 1046508 PROBE-server 479
1790397200.351330189 1046509 iou-wrk-1046502 0
1790397200.351330189 1046562 iou-wrk-1046508 0
1790397200.558328763 1046502 PROBE-server 512
1790397200.558328763 1046508 PROBE-server 491
1790397200.558328763 1046509 iou-wrk-1046502 0
1790397200.558328763 1046562 iou-wrk-1046508 0
1790397200.765215196 1046502 PROBE-server 525
1790397200.765215196 1046508 PROBE-server 502
1790397200.765215196 1046509 iou-wrk-1046502 0
1790397200.765215196 1046562 iou-wrk-1046508 0
1790397200.971751677 1046502 PROBE-server 537
1790397200.971751677 1046508 PROBE-server 513
1790397200.971751677 1046509 iou-wrk-1046502 0
1790397200.971751677 1046562 iou-wrk-1046508 0
1790397201.178938432 1046502 PROBE-server 549
1790397201.178938432 1046508 PROBE-server 525
1790397201.178938432 1046509 iou-wrk-1046502 0
1790397201.178938432 1046562 iou-wrk-1046508 0
1790397201.385636065 1046502 PROBE-server 561
1790397201.385636065 1046508 PROBE-server 537
1790397201.385636065 1046509 iou-wrk-1046502 0
1790397201.385636065 1046562 iou-wrk-1046508 0
1790397201.592071336 1046502 PROBE-server 574
1790397201.592071336 1046508 PROBE-server 549
1790397201.592071336 1046509 iou-wrk-1046502 0
1790397201.592071336 1046562 iou-wrk-1046508 0
1790397201.798505777 1046502 PROBE-server 586
1790397201.798505777 1046508 PROBE-server 561
1790397201.798505777 1046509 iou-wrk-1046502 0
1790397201.798505777 1046562 iou-wrk-1046508 0
1790397202.005544021 1046502 PROBE-server 597
1790397202.005544021 1046508 PROBE-server 572
1790397202.005544021 1046509 iou-wrk-1046502 0
1790397202.005544021 1046562 iou-wrk-1046508 0
1790397202.212489055 1046502 PROBE-server 611
1790397202.212489055 1046508 PROBE-server 585
1790397202.212489055 1046509 iou-wrk-1046502 0
1790397202.212489055 1046562 iou-wrk-1046508 0
1790397202.418828537 1046502 PROBE-server 623
1790397202.418828537 1046508 PROBE-server 595
1790397202.418828537 1046509 iou-wrk-1046502 0
1790397202.418828537 1046562 iou-wrk-1046508 0
1790397202.625430389 1046502 PROBE-server 635
1790397202.625430389 1046508 PROBE-server 607
1790397202.625430389 1046509 iou-wrk-1046502 0
1790397202.625430389 1046562 iou-wrk-1046508 0
1790397202.831769910 1046502 PROBE-server 647
1790397202.831769910 1046508 PROBE-server 619
1790397202.831769910 1046509 iou-wrk-1046502 0
1790397202.831769910 1046562 iou-wrk-1046508 0
1790397203.038155692 1046502 PROBE-server 651
1790397203.038155692 1046508 PROBE-server 622
1790397203.038155692 1046509 iou-wrk-1046502 0
1790397203.038155692 1046562 iou-wrk-1046508 0
