1790397486.005339347 1068860 PROBE-server 0
1790397486.005339347 1068866 PROBE-server 0
1790397486.005339347 1068867 iou-wrk-1068860 0
1790397486.211822856 1068860 PROBE-server 11
1790397486.211822856 1068866 PROBE-server 10
1790397486.211822856 1068867 iou-wrk-1068860 0
1790397486.418216304 1068860 PROBE-server 23
1790397486.418216304 1068866 PROBE-server 22
1790397486.418216304 1068867 iou-wrk-1068860 0
1790397486.623072756 1068860 PROBE-server 36
1790397486.623072756 1068866 PROBE-server 33
1790397486.623072756 1068867 iou-wrk-1068860 0
1790397486.828492890 1068860 PROBE-server 48
1790397486.828492890 1068866 PROBE-server 44
1790397486.828492890 1068867 iou-wrk-1068860 0
1790397487.033144100 1068860 PROBE-server 60
1790397487.033144100 1068866 PROBE-server 55
1790397487.033144100 1068867 iou-wrk-1068860 0
1790397487.238613685 1068860 PROBE-server 73
1790397487.238613685 1068866 PROBE-server 66
1790397487.238613685 1068867 iou-wrk-1068860 0
1790397487.443543696 1068860 PROBE-server 85
1790397487.443543696 1068866 PROBE-server 77
1790397487.443543696 1068867 iou-wrk-1068860 0
1790397487.648919060 1068860 PROBE-server 97
1790397487.648919060 1068866 PROBE-server 88
1790397487.648919060 1068867 iou-wrk-1068860 0
1790397487.854213724 1068860 PROBE-server 110
1790397487.854213724 1068866 PROBE-server 100
1790397487.854213724 1068867 iou-wrk-1068860 0
1790397488.059201036 1068860 PROBE-server 122
1790397488.059201036 1068866 PROBE-server 112
1790397488.059201036 1068867 iou-wrk-1068860 0
1790397488.263840107 1068860 PROBE-server 135
1790397488.263840107 1068866 PROBE-server 122
1790397488.263840107 1068867 iou-wrk-1068860 0
1790397488.469131600 1068860 PROBE-server 147
1790397488.469131600 1068866 PROBE-server 133
1790397488.469131600 1068867 iou-wrk-1068860 0
1790397488.673398509 1068860 PROBE-server 161
1790397488.673398509 1068866 PROBE-server 145
1790397488.673398509 1068867 iou-wrk-1068860 0
1790397488.877774389 1068860 PROBE-server 173
1790397488.877774389 1068866 PROBE-server 155
1790397488.877774389 1068867 iou-wrk-1068860 0
1790397489.083005062 1068860 PROBE-server 185
1790397489.083005062 1068866 PROBE-server 167
1790397489.083005062 1068867 iou-wrk-1068860 0
1790397489.288150265 1068860 PROBE-server 198
1790397489.288150265 1068866 PROBE-server 178
1790397489.288150265 1068867 iou-wrk-1068860 0
1790397489.493197238 1068860 PROBE-server 210
1790397489.493197238 1068866 PROBE-server 189
1790397489.493197238 1068867 iou-wrk-1068860 0
1790397489.697494677 1068860 PROBE-server 222
1790397489.697494677 1068866 PROBE-server 201
1790397489.697494677 1068867 iou-wrk-1068860 0
1790397489.903499324 1068860 PROBE-server 235
1790397489.903499324 1068866 PROBE-server 213
1790397489.903499324 1068867 iou-wrk-1068860 0
1790397490.108412576 1068860 PROBE-server 247
1790397490.108412576 1068866 PROBE-server 224
1790397490.108412576 1068867 iou-wrk-1068860 0
1790397490.313629390 1068860 PROBE-server 260
1790397490.313629390 1068866 PROBE-server 234
1790397490.313629390 1068867 iou-wrk-1068860 0
1790397490.519510716 1068860 PROBE-server 272
1790397490.519510716 1068866 PROBE-server 246
1790397490.519510716 1068867 iou-wrk-1068860 0
1790397490.724621319 1068860 PROBE-server 284
1790397490.724621319 1068866 PROBE-server 258
1790397490.724621319 1068867 iou-wrk-1068860 0
1790397490.929900703 1068860 PROBE-server 297
1790397490.929900703 1068866 PROBE-server 268
1790397490.929900703 1068867 iou-wrk-1068860 0
1790397491.134923956 1068860 PROBE-server 309
1790397491.134923956 1068866 PROBE-server 280
1790397491.134923956 1068867 iou-wrk-1068860 0
1790397491.340205000 1068860 PROBE-server 322
1790397491.340205000 1068866 PROBE-server 291
1790397491.340205000 1068867 iou-wrk-1068860 0
1790397491.545743925 1068860 PROBE-server 335
1790397491.545743925 1068866 PROBE-server 302
1790397491.545743925 1068867 iou-wrk-1068860 0
1790397491.750202335 1068860 PROBE-server 347
1790397491.750202335 1068866 PROBE-server 314
1790397491.750202335 1068867 iou-wrk-1068860 0
1790397491.955907241 1068860 PROBE-server 359
1790397491.955907241 1068866 PROBE-server 326
1790397491.955907241 1068867 iou-wrk-1068860 0
1790397492.161354326 1068860 PROBE-server 371
1790397492.161354326 1068866 PROBE-server 337
1790397492.161354326 1068867 iou-wrk-1068860 0
1790397492.367034251 1068860 PROBE-server 385
1790397492.367034251 1068866 PROBE-server 348
1790397492.367034251 1068867 iou-wrk-1068860 0
1790397492.572308815 1068860 PROBE-server 396
1790397492.572308815 1068866 PROBE-server 360
1790397492.572308815 1068867 iou-wrk-1068860 0
1790397492.777263828 1068860 PROBE-server 409
1790397492.777263828 1068866 PROBE-server 372
1790397492.777263828 1068867 iou-wrk-1068860 0
1790397492.982233491 1068860 PROBE-server 422
1790397492.982233491 1068866 PROBE-server 383
1790397492.982233491 1068867 iou-wrk-1068860 0
1790397493.187352834 1068860 PROBE-server 435
1790397493.187352834 1068866 PROBE-server 394
1790397493.187352834 1068867 iou-wrk-1068860 0
1790397493.392219177 1068860 PROBE-server 448
1790397493.392219177 1068866 PROBE-server 406
1790397493.392219177 1068867 iou-wrk-1068860 0
1790397493.597514321 1068860 PROBE-server 459
1790397493.597514321 1068866 PROBE-server 417
1790397493.597514321 1068867 iou-wrk-1068860 0
1790397493.803235947 1068860 PROBE-server 472
1790397493.803235947 1068866 PROBE-server 428
1790397493.803235947 1068867 iou-wrk-1068860 0
1790397494.009127014 1068860 PROBE-server 484
1790397494.009127014 1068866 PROBE-server 439
1790397494.009127014 1068867 iou-wrk-1068860 0
1790397494.214444488 1068860 PROBE-server 497
1790397494.214444488 1068866 PROBE-server 451
1790397494.214444488 1068867 iou-wrk-1068860 0
1790397494.420577946 1068860 PROBE-server 510
1790397494.420577946 1068866 PROBE-server 462
1790397494.420577946 1068867 iou-wrk-1068860 0
1790397494.625969011 1068860 PROBE-server 522
1790397494.625969011 1068866 PROBE-server 473
1790397494.625969011 1068867 iou-wrk-1068860 0
1790397494.831220285 1068860 PROBE-server 535
1790397494.831220285 1068866 PROBE-server 484
1790397494.831220285 1068867 iou-wrk-1068860 0
1790397495.036303719 1068860 PROBE-server 547
1790397495.036303719 1068866 PROBE-server 496
1790397495.036303719 1068867 iou-wrk-1068860 0
1790397495.242128276 1068860 PROBE-server 559
1790397495.242128276 1068866 PROBE-server 507
1790397495.242128276 1068867 iou-wrk-1068860 0
1790397495.447352890 1068860 PROBE-server 571
1790397495.447352890 1068866 PROBE-server 518
1790397495.447352890 1068867 iou-wrk-1068860 0
1790397495.652846745 1068860 PROBE-server 584
1790397495.652846745 1068866 PROBE-server 530
1790397495.652846745 1068867 iou-wrk-1068860 0
1790397495.858339841 1068860 PROBE-server 597
1790397495.858339841 1068866 PROBE-server 541
1790397495.858339841 1068867 iou-wrk-1068860 0
1790397496.064201878 1068860 PROBE-server 609
1790397496.064201878 1068866 PROBE-server 552
1790397496.064201878 1068867 iou-wrk-1068860 0
1790397496.269325671 1068860 PROBE-server 622
1790397496.269325671 1068866 PROBE-server 563
1790397496.269325671 1068867 iou-wrk-1068860 0
1790397496.474799727 1068860 PROBE-server 634
1790397496.474799727 1068866 PROBE-server 575
1790397496.474799727 1068867 iou-wrk-1068860 0
1790397496.679707950 1068860 PROBE-server 646
1790397496.679707950 1068866 PROBE-server 586
1790397496.679707950 1068867 iou-wrk-1068860 0
1790397496.885128615 1068860 PROBE-server 658
1790397496.885128615 1068866 PROBE-server 597
1790397496.885128615 1068867 iou-wrk-1068860 0
1790397497.090140588 1068860 PROBE-server 666
1790397497.090140588 1068866 PROBE-server 605
1790397497.090140588 1068867 iou-wrk-1068860 0
