1790397152.480969374 1042979 PROBE-server 0
1790397152.480969374 1042985 PROBE-server 0
1790397152.480969374 1042986 iou-wrk-1042979 0
1790397152.686943862 1042979 PROBE-server 12
1790397152.686943862 1042985 PROBE-server 11
1790397152.686943862 1042986 iou-wrk-1042979 0
1790397152.892954531 1042979 PROBE-server 22
1790397152.892954531 1042985 PROBE-server 22
1790397152.892954531 1042986 iou-wrk-1042979 0
1790397153.098775579 1042979 PROBE-server 34
1790397153.098775579 1042985 PROBE-server 33
1790397153.098775579 1042986 iou-wrk-1042979 0
1790397153.304141785 1042979 PROBE-server 46
1790397153.304141785 1042985 PROBE-server 45
1790397153.304141785 1042986 iou-wrk-1042979 0
1790397153.509451561 1042979 PROBE-server 58
1790397153.509451561 1042985 PROBE-server 56
1790397153.509451561 1042986 iou-wrk-1042979 0
1790397153.714902577 1042979 PROBE-server 69
1790397153.714902577 1042985 PROBE-server 68
1790397153.714902577 1042986 iou-wrk-1042979 0
1790397153.921104947 1042979 PROBE-server 80
1790397153.921104947 1042985 PROBE-server 79
1790397153.921104947 1042986 iou-wrk-1042979 0
1790397154.126096101 1042979 PROBE-server 92
1790397154.126096101 1042985 PROBE-server 90
1790397154.126096101 1042986 iou-wrk-1042979 0
1790397154.332083000 1042979 PROBE-server 104
1790397154.332083000 1042985 PROBE-server 102
1790397154.332083000 1042986 iou-wrk-1042979 0
1790397154.537653377 1042979 PROBE-server 116
1790397154.537653377 1042985 PROBE-server 113
1790397154.537653377 1042986 iou-wrk-1042979 0
1790397154.742422051 1042979 PROBE-server 127
1790397154.742422051 1042985 PROBE-server 124
1790397154.742422051 1042986 iou-wrk-1042979 0
1790397154.948119479 1042979 PROBE-server 138
1790397154.948119479 1042985 PROBE-server 136
1790397154.948119479 1042986 iou-wrk-1042979 0
1790397155.154546620 1042979 PROBE-server 151
1790397155.154546620 1042985 PROBE-server 147
1790397155.154546620 1042986 iou-wrk-1042979 0
1790397155.360717730 1042979 PROBE-server 162
1790397155.360717730 1042985 PROBE-server 159
1790397155.360717730 1042986 iou-wrk-1042979 0
1790397155.566549558 1042979 PROBE-server 173
1790397155.566549558 1042985 PROBE-server 170
1790397155.566549558 1042986 iou-wrk-1042979 0
1790397155.771573263 1042979 PROBE-server 185
1790397155.771573263 1042985 PROBE-server 181
1790397155.771573263 1042986 iou-wrk-1042979 0
1790397155.977112751 1042979 PROBE-server 197
1790397155.977112751 1042985 PROBE-server 193
1790397155.977112751 1042986 iou-wrk-1042979 0
1790397156.182507158 1042979 PROBE-server 208
1790397156.182507158 1042985 PROBE-server 203
1790397156.182507158 1042986 iou-wrk-1042979 0
1790397156.388074945 1042979 PROBE-server 220
1790397156.388074945 1042985 PROBE-server 215
1790397156.388074945 1042986 iou-wrk-1042979 0
1790397156.593626723 1042979 PROBE-server 232
1790397156.593626723 1042985 PROBE-server 227
1790397156.593626723 1042986 iou-wrk-1042979 0
1790397156.799239401 1042979 PROBE-server 243
1790397156.799239401 1042985 PROBE-server 238
1790397156.799239401 1042986 iou-wrk-1042979 0
1790397157.004733538 1042979 PROBE-server 255
1790397157.004733538 1042985 PROBE-server 249
1790397157.004733538 1042986 iou-wrk-1042979 0
1790397157.210719138 1042979 PROBE-server 266
1790397157.210719138 1042985 PROBE-server 261
1790397157.210719138 1042986 iou-wrk-1042979 0
1790397157.415389702 1042979 PROBE-server 278
1790397157.415389702 1042985 PROBE-server 272
1790397157.415389702 1042986 iou-wrk-1042979 0
1790397157.620477318 1042979 PROBE-server 289
1790397157.620477318 1042985 PROBE-server 283
1790397157.620477318 1042986 iou-wrk-1042979 0
1790397157.825758335 1042979 PROBE-server 301
1790397157.825758335 1042985 PROBE-server 294
1790397157.825758335 1042986 iou-wrk-1042979 0
1790397158.031124321 1042979 PROBE-server 313
1790397158.031124321 1042985 PROBE-server 306
1790397158.031124321 1042986 iou-wrk-1042979 0
1790397158.236850670 1042979 PROBE-server 324
1790397158.236850670 1042985 PROBE-server 317
1790397158.236850670 1042986 iou-wrk-1042979 0
1790397158.441910706 1042979 PROBE-server 336
1790397158.441910706 1042985 PROBE-server 328
1790397158.441910706 1042986 iou-wrk-1042979 0
1790397158.646943322 1042979 PROBE-server 348
1790397158.646943322 1042985 PROBE-server 341
1790397158.646943322 1042986 iou-wrk-1042979 0
1790397158.852610871 1042979 PROBE-server 359
1790397158.852610871 1042985 PROBE-server 351
1790397158.852610871 1042986 iou-wrk-1042979 0
1790397159.058398950 1042979 PROBE-server 371
1790397159.058398950 1042985 PROBE-server 363
1790397159.058398950 1042986 iou-wrk-1042979 0
1790397159.263222015 1042979 PROBE-server 382
1790397159.263222015 1042985 PROBE-server 375
1790397159.263222015 1042986 iou-wrk-1042979 0
1790397159.468285511 1042979 PROBE-server 393
1790397159.468285511 1042985 PROBE-server 386
1790397159.468285511 1042986 iou-wrk-1042979 0
1790397159.673920930 1042979 PROBE-server 405
1790397159.673920930 1042985 PROBE-server 397
1790397159.673920930 1042986 iou-wrk-1042979 0
1790397159.879364908 1042979 PROBE-server 417
1790397159.879364908 1042985 PROBE-server 408
1790397159.879364908 1042986 iou-wrk-1042979 0
1790397160.085001206 1042979 PROBE-server 429
1790397160.085001206 1042985 PROBE-server 419
1790397160.085001206 1042986 iou-wrk-1042979 0
1790397160.290647475 1042979 PROBE-server 440
1790397160.290647475 1042985 PROBE-server 431
1790397160.290647475 1042986 iou-wrk-1042979 0
1790397160.495511741 1042979 PROBE-server 452
1790397160.495511741 1042985 PROBE-server 443
1790397160.495511741 1042986 iou-wrk-1042979 0
1790397160.701065420 1042979 PROBE-server 463
1790397160.701065420 1042985 PROBE-server 454
1790397160.701065420 1042986 iou-wrk-1042979 0
1790397160.906671138 1042979 PROBE-server 475
1790397160.906671138 1042985 PROBE-server 465
1790397160.906671138 1042986 iou-wrk-1042979 0
1790397161.112153667 1042979 PROBE-server 486
1790397161.112153667 1042985 PROBE-server 476
1790397161.112153667 1042986 iou-wrk-1042979 0
1790397161.317673085 1042979 PROBE-server 498
1790397161.317673085 1042985 PROBE-server 487
1790397161.317673085 1042986 iou-wrk-1042979 0
1790397161.522469941 1042979 PROBE-server 509
1790397161.522469941 1042985 PROBE-server 499
1790397161.522469941 1042986 iou-wrk-1042979 0
1790397161.727445777 1042979 PROBE-server 521
1790397161.727445777 1042985 PROBE-server 510
1790397161.727445777 1042986 iou-wrk-1042979 0
1790397161.933297207 1042979 PROBE-server 533
1790397161.933297207 1042985 PROBE-server 521
1790397161.933297207 1042986 iou-wrk-1042979 0
1790397162.138955976 1042979 PROBE-server 544
1790397162.138955976 1042985 PROBE-server 534
1790397162.138955976 1042986 iou-wrk-1042979 0
1790397162.344147664 1042979 PROBE-server 556
1790397162.344147664 1042985 PROBE-server 545
1790397162.344147664 1042986 iou-wrk-1042979 0
1790397162.549456482 1042979 PROBE-server 566
1790397162.549456482 1042985 PROBE-server 556
1790397162.549456482 1042986 iou-wrk-1042979 0
1790397162.754549419 1042979 PROBE-server 579
1790397162.754549419 1042985 PROBE-server 567
1790397162.754549419 1042986 iou-wrk-1042979 0
1790397162.959484215 1042979 PROBE-server 590
1790397162.959484215 1042985 PROBE-server 578
1790397162.959484215 1042986 iou-wrk-1042979 0
1790397163.165001504 1042979 PROBE-server 601
1790397163.165001504 1042985 PROBE-server 589
1790397163.165001504 1042986 iou-wrk-1042979 0
1790397163.369969231 1042979 PROBE-server 613
1790397163.369969231 1042985 PROBE-server 601
1790397163.369969231 1042986 iou-wrk-1042979 0
1790397163.575556000 1042979 PROBE-server 620
1790397163.575556000 1042985 PROBE-server 608
1790397163.575556000 1042986 iou-wrk-1042979 0
