1790397163.839919688 1044022 PROBE-server 0
1790397163.839919688 1044028 PROBE-server 0
1790397163.839919688 1044029 iou-wrk-1044022 0
1790397164.046239331 1044022 PROBE-server 19
1790397164.046239331 1044028 PROBE-server 0
1790397164.046239331 1044029 iou-wrk-1044022 0
1790397164.046239331 1044077 iou-wrk-1044028 0
1790397164.046239331 1044078 iou-wrk-1044028 0
1790397164.253945699 1044022 PROBE-server 40
1790397164.253945699 1044028 PROBE-server 0
1790397164.253945699 1044029 iou-wrk-1044022 0
1790397164.253945699 1044077 iou-wrk-1044028 0
1790397164.253945699 1044078 iou-wrk-1044028 0
1790397164.461254596 1044022 PROBE-server 60
1790397164.461254596 1044028 PROBE-server 0
1790397164.461254596 1044029 iou-wrk-1044022 0
1790397164.461254596 1044077 iou-wrk-1044028 0
1790397164.461254596 1044078 iou-wrk-1044028 0
1790397164.668644993 1044022 PROBE-server 80
1790397164.668644993 1044028 PROBE-server 0
1790397164.668644993 1044029 iou-wrk-1044022 0
1790397164.668644993 1044077 iou-wrk-1044028 0
1790397164.668644993 1044078 iou-wrk-1044028 0
1790397164.876067611 1044022 PROBE-server 100
1790397164.876067611 1044028 PROBE-server 0
1790397164.876067611 1044029 iou-wrk-1044022 0
1790397164.876067611 1044077 iou-wrk-1044028 0
1790397164.876067611 1044078 iou-wrk-1044028 0
1790397165.083339978 1044022 PROBE-server 121
1790397165.083339978 1044028 PROBE-server 0
1790397165.083339978 1044029 iou-wrk-1044022 0
1790397165.083339978 1044077 iou-wrk-1044028 0
1790397165.083339978 1044078 iou-wrk-1044028 0
1790397165.290411704 1044022 PROBE-server 141
1790397165.290411704 1044028 PROBE-server 0
1790397165.290411704 1044029 iou-wrk-1044022 0
1790397165.290411704 1044077 iou-wrk-1044028 0
1790397165.290411704 1044078 iou-wrk-1044028 0
1790397165.499125537 1044022 PROBE-server 161
1790397165.499125537 1044028 PROBE-server 0
1790397165.499125537 1044029 iou-wrk-1044022 0
1790397165.499125537 1044077 iou-wrk-1044028 0
1790397165.499125537 1044078 iou-wrk-1044028 0
1790397165.707103857 1044022 PROBE-server 182
1790397165.707103857 1044028 PROBE-server 0
1790397165.707103857 1044029 iou-wrk-1044022 0
1790397165.707103857 1044077 iou-wrk-1044028 0
1790397165.707103857 1044078 iou-wrk-1044028 0
1790397165.915027967 1044022 PROBE-server 203
1790397165.915027967 1044028 PROBE-server 0
1790397165.915027967 1044029 iou-wrk-1044022 0
1790397165.915027967 1044077 iou-wrk-1044028 0
1790397165.915027967 1044078 iou-wrk-1044028 0
1790397166.122934636 1044022 PROBE-server 223
1790397166.122934636 1044028 PROBE-server 0
1790397166.122934636 1044029 iou-wrk-1044022 0
1790397166.122934636 1044077 iou-wrk-1044028 0
1790397166.122934636 1044078 iou-wrk-1044028 0
1790397166.331336838 1044022 PROBE-server 243
1790397166.331336838 1044028 PROBE-server 0
1790397166.331336838 1044029 iou-wrk-1044022 0
1790397166.331336838 1044077 iou-wrk-1044028 0
1790397166.331336838 1044078 iou-wrk-1044028 0
1790397166.539752600 1044022 PROBE-server 264
1790397166.539752600 1044028 PROBE-server 0
1790397166.539752600 1044029 iou-wrk-1044022 0
1790397166.539752600 1044077 iou-wrk-1044028 0
1790397166.539752600 1044078 iou-wrk-1044028 0
1790397166.748319073 1044022 PROBE-server 284
1790397166.748319073 1044028 PROBE-server 0
1790397166.748319073 1044029 iou-wrk-1044022 0
1790397166.748319073 1044077 iou-wrk-1044028 0
1790397166.748319073 1044078 iou-wrk-1044028 0
1790397166.956291653 1044022 PROBE-server 304
1790397166.956291653 1044028 PROBE-server 0
1790397166.956291653 1044029 iou-wrk-1044022 0
1790397166.956291653 1044077 iou-wrk-1044028 0
1790397166.956291653 1044078 iou-wrk-1044028 0
1790397167.164690975 1044022 PROBE-server 325
1790397167.164690975 1044028 PROBE-server 0
1790397167.164690975 1044029 iou-wrk-1044022 0
1790397167.164690975 1044077 iou-wrk-1044028 0
1790397167.164690975 1044078 iou-wrk-1044028 0
1790397167.373470059 1044022 PROBE-server 346
1790397167.373470059 1044028 PROBE-server 0
1790397167.373470059 1044029 iou-wrk-1044022 0
1790397167.373470059 1044077 iou-wrk-1044028 0
1790397167.373470059 1044078 iou-wrk-1044028 0
1790397167.581827851 1044022 PROBE-server 366
1790397167.581827851 1044028 PROBE-server 0
1790397167.581827851 1044029 iou-wrk-1044022 0
1790397167.581827851 1044077 iou-wrk-1044028 0
1790397167.581827851 1044078 iou-wrk-1044028 0
1790397167.789946592 1044022 PROBE-server 387
1790397167.789946592 1044028 PROBE-server 0
1790397167.789946592 1044029 iou-wrk-1044022 0
1790397167.789946592 1044077 iou-wrk-1044028 0
1790397167.789946592 1044078 iou-wrk-1044028 0
1790397167.997737082 1044022 PROBE-server 407
1790397167.997737082 1044028 PROBE-server 0
1790397167.997737082 1044029 iou-wrk-1044022 0
1790397167.997737082 1044077 iou-wrk-1044028 0
1790397167.997737082 1044078 iou-wrk-1044028 0
1790397168.205738682 1044022 PROBE-server 427
1790397168.205738682 1044028 PROBE-server 0
1790397168.205738682 1044029 iou-wrk-1044022 0
1790397168.205738682 1044077 iou-wrk-1044028 0
1790397168.205738682 1044078 iou-wrk-1044028 0
1790397168.414088605 1044022 PROBE-server 448
1790397168.414088605 1044028 PROBE-server 0
1790397168.414088605 1044029 iou-wrk-1044022 0
1790397168.414088605 1044077 iou-wrk-1044028 0
1790397168.414088605 1044078 iou-wrk-1044028 0
1790397168.622584237 1044022 PROBE-server 469
1790397168.622584237 1044028 PROBE-server 0
1790397168.622584237 1044029 iou-wrk-1044022 0
1790397168.622584237 1044077 iou-wrk-1044028 0
1790397168.622584237 1044078 iou-wrk-1044028 0
1790397168.830726029 1044022 PROBE-server 489
1790397168.830726029 1044028 PROBE-server 0
1790397168.830726029 1044029 iou-wrk-1044022 0
1790397168.830726029 1044077 iou-wrk-1044028 0
1790397168.830726029 1044078 iou-wrk-1044028 0
1790397169.039059571 1044022 PROBE-server 509
1790397169.039059571 1044028 PROBE-server 0
1790397169.039059571 1044029 iou-wrk-1044022 0
1790397169.039059571 1044077 iou-wrk-1044028 0
1790397169.039059571 1044078 iou-wrk-1044028 0
1790397169.246853301 1044022 PROBE-server 530
1790397169.246853301 1044028 PROBE-server 0
1790397169.246853301 1044029 iou-wrk-1044022 0
1790397169.246853301 1044077 iou-wrk-1044028 0
1790397169.453714797 1044022 PROBE-server 550
1790397169.453714797 1044028 PROBE-server 0
1790397169.453714797 1044029 iou-wrk-1044022 0
1790397169.453714797 1044077 iou-wrk-1044028 0
1790397169.660259072 1044022 PROBE-server 570
1790397169.660259072 1044028 PROBE-server 0
1790397169.660259072 1044029 iou-wrk-1044022 0
1790397169.660259072 1044077 iou-wrk-1044028 0
1790397169.867111168 1044022 PROBE-server 590
1790397169.867111168 1044028 PROBE-server 0
1790397169.867111168 1044029 iou-wrk-1044022 0
1790397169.867111168 1044077 iou-wrk-1044028 0
1790397170.073920424 1044022 PROBE-server 611
1790397170.073920424 1044028 PROBE-server 0
1790397170.073920424 1044029 iou-wrk-1044022 0
1790397170.073920424 1044077 iou-wrk-1044028 0
1790397170.281365163 1044022 PROBE-server 631
1790397170.281365163 1044028 PROBE-server 0
1790397170.281365163 1044029 iou-wrk-1044022 0
1790397170.281365163 1044077 iou-wrk-1044028 0
1790397170.488429800 1044022 PROBE-server 651
1790397170.488429800 1044028 PROBE-server 0
1790397170.488429800 1044029 iou-wrk-1044022 0
1790397170.488429800 1044077 iou-wrk-1044028 0
1790397170.695164056 1044022 PROBE-server 672
1790397170.695164056 1044028 PROBE-server 0
1790397170.695164056 1044029 iou-wrk-1044022 0
1790397170.695164056 1044077 iou-wrk-1044028 0
1790397170.901488450 1044022 PROBE-server 692
1790397170.901488450 1044028 PROBE-server 0
1790397170.901488450 1044029 iou-wrk-1044022 0
1790397170.901488450 1044077 iou-wrk-1044028 0
1790397171.108339127 1044022 PROBE-server 712
1790397171.108339127 1044028 PROBE-server 0
1790397171.108339127 1044029 iou-wrk-1044022 0
1790397171.108339127 1044077 iou-wrk-1044028 0
1790397171.315264693 1044022 PROBE-server 733
1790397171.315264693 1044028 PROBE-server 0
1790397171.315264693 1044029 iou-wrk-1044022 0
1790397171.315264693 1044077 iou-wrk-1044028 0
1790397171.522093740 1044022 PROBE-server 752
1790397171.522093740 1044028 PROBE-server 0
1790397171.522093740 1044029 iou-wrk-1044022 0
1790397171.522093740 1044077 iou-wrk-1044028 0
1790397171.729090787 1044022 PROBE-server 773
1790397171.729090787 1044028 PROBE-server 0
1790397171.729090787 1044029 iou-wrk-1044022 0
1790397171.729090787 1044077 iou-wrk-1044028 0
1790397171.935547602 1044022 PROBE-server 794
1790397171.935547602 1044028 PROBE-server 0
1790397171.935547602 1044029 iou-wrk-1044022 0
1790397171.935547602 1044077 iou-wrk-1044028 0
1790397172.142590059 1044022 PROBE-server 813
1790397172.142590059 1044028 PROBE-server 1
1790397172.142590059 1044029 iou-wrk-1044022 0
1790397172.142590059 1044077 iou-wrk-1044028 0
1790397172.349987679 1044022 PROBE-server 834
1790397172.349987679 1044028 PROBE-server 1
1790397172.349987679 1044029 iou-wrk-1044022 0
1790397172.349987679 1044077 iou-wrk-1044028 0
1790397172.556819195 1044022 PROBE-server 854
1790397172.556819195 1044028 PROBE-server 1
1790397172.556819195 1044029 iou-wrk-1044022 0
1790397172.556819195 1044077 iou-wrk-1044028 0
1790397172.763692032 1044022 PROBE-server 875
1790397172.763692032 1044028 PROBE-server 1
1790397172.763692032 1044029 iou-wrk-1044022 0
1790397172.763692032 1044077 iou-wrk-1044028 0
1790397172.970505799 1044022 PROBE-server 895
1790397172.970505799 1044028 PROBE-server 1
1790397172.970505799 1044029 iou-wrk-1044022 0
1790397172.970505799 1044077 iou-wrk-1044028 0
1790397173.177550626 1044022 PROBE-server 916
1790397173.177550626 1044028 PROBE-server 1
1790397173.177550626 1044029 iou-wrk-1044022 0
1790397173.177550626 1044077 iou-wrk-1044028 0
1790397173.384399193 1044022 PROBE-server 936
1790397173.384399193 1044028 PROBE-server 1
1790397173.384399193 1044029 iou-wrk-1044022 0
1790397173.384399193 1044077 iou-wrk-1044028 0
1790397173.591191930 1044022 PROBE-server 955
1790397173.591191930 1044028 PROBE-server 1
1790397173.591191930 1044029 iou-wrk-1044022 0
1790397173.591191930 1044077 iou-wrk-1044028 0
1790397173.797847426 1044022 PROBE-server 976
1790397173.797847426 1044028 PROBE-server 1
1790397173.797847426 1044029 iou-wrk-1044022 0
1790397173.797847426 1044077 iou-wrk-1044028 0
1790397174.004605563 1044022 PROBE-server 997
1790397174.004605563 1044028 PROBE-server 1
1790397174.004605563 1044029 iou-wrk-1044022 0
1790397174.004605563 1044077 iou-wrk-1044028 0
1790397174.211518320 1044022 PROBE-server 1017
1790397174.211518320 1044028 PROBE-server 1
1790397174.211518320 1044029 iou-wrk-1044022 0
1790397174.211518320 1044077 iou-wrk-1044028 0
1790397174.418832130 1044022 PROBE-server 1037
1790397174.418832130 1044028 PROBE-server 1
1790397174.418832130 1044029 iou-wrk-1044022 0
1790397174.418832130 1044077 iou-wrk-1044028 0
1790397174.625443326 1044022 PROBE-server 1058
1790397174.625443326 1044028 PROBE-server 1
1790397174.625443326 1044029 iou-wrk-1044022 0
1790397174.625443326 1044077 iou-wrk-1044028 0
1790397174.832255803 1044022 PROBE-server 1077
1790397174.832255803 1044028 PROBE-server 1
1790397174.832255803 1044029 iou-wrk-1044022 0
1790397174.832255803 1044077 iou-wrk-1044028 0
1790397175.039131620 1044022 PROBE-server 1079
1790397175.039131620 1044028 PROBE-server 1
1790397175.039131620 1044029 iou-wrk-1044022 0
1790397175.039131620 1044077 iou-wrk-1044028 0
1790397175.246313379 1044022 PROBE-server 1079
1790397175.246313379 1044028 PROBE-server 1
1790397175.246313379 1044029 iou-wrk-1044022 0
1790397175.246313379 1044077 iou-wrk-1044028 0
