1790397525.221601043 1071966 PROBE-server 0
1790397525.221601043 1071972 PROBE-server 0
1790397525.221601043 1071973 iou-wrk-1071966 0
1790397525.427649234 1071966 PROBE-server 1
1790397525.427649234 1071972 PROBE-server 11
1790397525.427649234 1071973 iou-wrk-1071966 0
1790397525.634120798 1071966 PROBE-server 2
1790397525.634120798 1071972 PROBE-server 24
1790397525.634120798 1071973 iou-wrk-1071966 0
1790397525.839823838 1071966 PROBE-server 3
1790397525.839823838 1071972 PROBE-server 35
1790397525.839823838 1071973 iou-wrk-1071966 0
1790397526.045541158 1071966 PROBE-server 5
1790397526.045541158 1071972 PROBE-server 48
1790397526.045541158 1071973 iou-wrk-1071966 0
1790397526.251306938 1071966 PROBE-server 6
1790397526.251306938 1071972 PROBE-server 59
1790397526.251306938 1071973 iou-wrk-1071966 0
1790397526.457072448 1071966 PROBE-server 8
1790397526.457072448 1071972 PROBE-server 72
1790397526.457072448 1071973 iou-wrk-1071966 0
1790397526.662376876 1071966 PROBE-server 8
1790397526.662376876 1071972 PROBE-server 84
1790397526.662376876 1071973 iou-wrk-1071966 0
1790397526.867602334 1071966 PROBE-server 10
1790397526.867602334 1071972 PROBE-server 96
1790397526.867602334 1071973 iou-wrk-1071966 0
1790397527.073471125 1071966 PROBE-server 11
1790397527.073471125 1071972 PROBE-server 109
1790397527.073471125 1071973 iou-wrk-1071966 0
1790397527.278683073 1071966 PROBE-server 13
1790397527.278683073 1071972 PROBE-server 121
1790397527.278683073 1071973 iou-wrk-1071966 0
1790397527.484668534 1071966 PROBE-server 13
1790397527.484668534 1071972 PROBE-server 132
1790397527.484668534 1071973 iou-wrk-1071966 0
1790397527.690067493 1071966 PROBE-server 15
1790397527.690067493 1071972 PROBE-server 145
1790397527.690067493 1071973 iou-wrk-1071966 0
1790397527.895569702 1071966 PROBE-server 17
1790397527.895569702 1071972 PROBE-server 157
1790397527.895569702 1071973 iou-wrk-1071966 0
1790397528.101402623 1071966 PROBE-server 18
1790397528.101402623 1071972 PROBE-server 169
1790397528.101402623 1071973 iou-wrk-1071966 0
1790397528.306662241 1071966 PROBE-server 20
1790397528.306662241 1071972 PROBE-server 182
1790397528.306662241 1071973 iou-wrk-1071966 0
1790397528.512653832 1071966 PROBE-server 20
1790397528.512653832 1071972 PROBE-server 194
1790397528.512653832 1071973 iou-wrk-1071966 0
1790397528.717986470 1071966 PROBE-server 22
1790397528.717986470 1071972 PROBE-server 206
1790397528.717986470 1071973 iou-wrk-1071966 0
1790397528.923839332 1071966 PROBE-server 23
1790397528.923839332 1071972 PROBE-server 219
1790397528.923839332 1071973 iou-wrk-1071966 0
1790397529.129812313 1071966 PROBE-server 25
1790397529.129812313 1071972 PROBE-server 231
1790397529.129812313 1071973 iou-wrk-1071966 0
1790397529.335584073 1071966 PROBE-server 26
1790397529.335584073 1071972 PROBE-server 244
1790397529.335584073 1071973 iou-wrk-1071966 0
1790397529.541118861 1071966 PROBE-server 27
1790397529.541118861 1071972 PROBE-server 256
1790397529.541118861 1071973 iou-wrk-1071966 0
1790397529.746691871 1071966 PROBE-server 28
1790397529.746691871 1071972 PROBE-server 269
1790397529.746691871 1071973 iou-wrk-1071966 0
1790397529.952273942 1071966 PROBE-server 30
1790397529.952273942 1071972 PROBE-server 282
1790397529.952273942 1071973 iou-wrk-1071966 0
1790397530.157757450 1071966 PROBE-server 31
1790397530.157757450 1071972 PROBE-server 294
1790397530.157757450 1071973 iou-wrk-1071966 0
1790397530.363575291 1071966 PROBE-server 33
1790397530.363575291 1071972 PROBE-server 306
1790397530.363575291 1071973 iou-wrk-1071966 0
1790397530.569445522 1071966 PROBE-server 35
1790397530.569445522 1071972 PROBE-server 319
1790397530.569445522 1071973 iou-wrk-1071966 0
1790397530.775034130 1071966 PROBE-server 35
1790397530.775034130 1071972 PROBE-server 330
1790397530.775034130 1071973 iou-wrk-1071966 0
1790397530.980795129 1071966 PROBE-server 37
1790397530.980795129 1071972 PROBE-server 343
1790397530.980795129 1071973 iou-wrk-1071966 0
1790397531.186417078 1071966 PROBE-server 38
1790397531.186417078 1071972 PROBE-server 355
1790397531.186417078 1071973 iou-wrk-1071966 0
1790397531.391556115 1071966 PROBE-server 40
1790397531.391556115 1071972 PROBE-server 367
1790397531.391556115 1071973 iou-wrk-1071966 0
1790397531.597370947 1071966 PROBE-server 40
1790397531.597370947 1071972 PROBE-server 380
1790397531.597370947 1071973 iou-wrk-1071966 0
1790397531.802366644 1071966 PROBE-server 42
1790397531.802366644 1071972 PROBE-server 392
1790397531.802366644 1071973 iou-wrk-1071966 0
1790397532.008174295 1071966 PROBE-server 43
1790397532.008174295 1071972 PROBE-server 404
1790397532.008174295 1071973 iou-wrk-1071966 0
1790397532.213597414 1071966 PROBE-server 45
1790397532.213597414 1071972 PROBE-server 416
1790397532.213597414 1071973 iou-wrk-1071966 0
1790397532.419077164 1071966 PROBE-server 46
1790397532.419077164 1071972 PROBE-server 428
1790397532.419077164 1071973 iou-wrk-1071966 0
1790397532.624149292 1071966 PROBE-server 47
1790397532.624149292 1071972 PROBE-server 441
1790397532.624149292 1071973 iou-wrk-1071966 0
1790397532.829405240 1071966 PROBE-server 48
1790397532.829405240 1071972 PROBE-server 453
1790397532.829405240 1071973 iou-wrk-1071966 0
1790397533.034792830 1071966 PROBE-server 50
1790397533.034792830 1071972 PROBE-server 466
1790397533.034792830 1071973 iou-wrk-1071966 0
1790397533.240061898 1071966 PROBE-server 51
1790397533.240061898 1071972 PROBE-server 477
1790397533.240061898 1071973 iou-wrk-1071966 0
1790397533.445635358 1071966 PROBE-server 52
1790397533.445635358 1071972 PROBE-server 490
1790397533.445635358 1071973 iou-wrk-1071966 0
1790397533.650492685 1071966 PROBE-server 53
1790397533.650492685 1071972 PROBE-server 502
1790397533.650492685 1071973 iou-wrk-1071966 0
1790397533.856369387 1071966 PROBE-server 55
1790397533.856369387 1071972 PROBE-server 514
1790397533.856369387 1071973 iou-wrk-1071966 0
1790397534.061651946 1071966 PROBE-server 56
1790397534.061651946 1071972 PROBE-server 526
1790397534.061651946 1071973 iou-wrk-1071966 0
1790397534.266562133 1071966 PROBE-server 58
1790397534.266562133 1071972 PROBE-server 538
1790397534.266562133 1071973 iou-wrk-1071966 0
1790397534.472728886 1071966 PROBE-server 59
1790397534.472728886 1071972 PROBE-server 551
1790397534.472728886 1071973 iou-wrk-1071966 0
1790397534.677870004 1071966 PROBE-server 60
1790397534.677870004 1071972 PROBE-server 563
1790397534.677870004 1071973 iou-wrk-1071966 0
1790397534.883739276 1071966 PROBE-server 62
1790397534.883739276 1071972 PROBE-server 576
1790397534.883739276 1071973 iou-wrk-1071966 0
1790397535.089117325 1071966 PROBE-server 63
1790397535.089117325 1071972 PROBE-server 588
1790397535.089117325 1071973 iou-wrk-1071966 0
1790397535.294891826 1071966 PROBE-server 65
1790397535.294891826 1071972 PROBE-server 600
1790397535.294891826 1071973 iou-wrk-1071966 0
1790397535.500058915 1071966 PROBE-server 65
1790397535.500058915 1071972 PROBE-server 612
1790397535.500058915 1071973 iou-wrk-1071966 0
1790397535.705607255 1071966 PROBE-server 67
1790397535.705607255 1071972 PROBE-server 624
1790397535.705607255 1071973 iou-wrk-1071966 0
1790397535.911142346 1071966 PROBE-server 68
1790397535.911142346 1071972 PROBE-server 637
1790397535.911142346 1071973 iou-wrk-1071966 0
1790397536.116117203 1071966 PROBE-server 70
1790397536.116117203 1071972 PROBE-server 649
1790397536.116117203 1071973 iou-wrk-1071966 0
1790397536.321395923 1071966 PROBE-server 70
1790397536.321395923 1071972 PROBE-server 656
1790397536.321395923 1071973 iou-wrk-1071966 0
