1790397124.593491700 1040917 PROBE-server 0
1790397124.593491700 1040923 PROBE-server 0
1790397124.593491700 1040924 iou-wrk-1040917 0
1790397124.800433066 1040917 PROBE-server 11
1790397124.800433066 1040923 PROBE-server 11
1790397124.800433066 1040924 iou-wrk-1040917 0
1790397125.005510034 1040917 PROBE-server 22
1790397125.005510034 1040923 PROBE-server 22
1790397125.005510034 1040924 iou-wrk-1040917 0
1790397125.210167060 1040917 PROBE-server 34
1790397125.210167060 1040923 PROBE-server 34
1790397125.210167060 1040924 iou-wrk-1040917 0
1790397125.414790066 1040917 PROBE-server 45
1790397125.414790066 1040923 PROBE-server 45
1790397125.414790066 1040924 iou-wrk-1040917 0
1790397125.619982425 1040917 PROBE-server 56
1790397125.619982425 1040923 PROBE-server 56
1790397125.619982425 1040924 iou-wrk-1040917 0
1790397125.824618521 1040917 PROBE-server 67
1790397125.824618521 1040923 PROBE-server 68
1790397125.824618521 1040924 iou-wrk-1040917 0
1790397126.029653139 1040917 PROBE-server 79
1790397126.029653139 1040923 PROBE-server 80
1790397126.029653139 1040924 iou-wrk-1040917 0
1790397126.234393746 1040917 PROBE-server 90
1790397126.234393746 1040923 PROBE-server 90
1790397126.234393746 1040924 iou-wrk-1040917 0
1790397126.439382104 1040917 PROBE-server 102
1790397126.439382104 1040923 PROBE-server 102
1790397126.439382104 1040924 iou-wrk-1040917 0
1790397126.643624639 1040917 PROBE-server 113
1790397126.643624639 1040923 PROBE-server 113
1790397126.643624639 1040924 iou-wrk-1040917 0
1790397126.848366146 1040917 PROBE-server 125
1790397126.848366146 1040923 PROBE-server 125
1790397126.848366146 1040924 iou-wrk-1040917 0
1790397127.052989292 1040917 PROBE-server 136
1790397127.052989292 1040923 PROBE-server 136
1790397127.052989292 1040924 iou-wrk-1040917 0
1790397127.258389572 1040917 PROBE-server 147
1790397127.258389572 1040923 PROBE-server 147
1790397127.258389572 1040924 iou-wrk-1040917 0
1790397127.463205990 1040917 PROBE-server 159
1790397127.463205990 1040923 PROBE-server 159
1790397127.463205990 1040924 iou-wrk-1040917 0
1790397127.667863967 1040917 PROBE-server 171
1790397127.667863967 1040923 PROBE-server 171
1790397127.667863967 1040924 iou-wrk-1040917 0
1790397127.872160432 1040917 PROBE-server 183
1790397127.872160432 1040923 PROBE-server 182
1790397127.872160432 1040924 iou-wrk-1040917 0
1790397128.076462877 1040917 PROBE-server 195
1790397128.076462877 1040923 PROBE-server 194
1790397128.076462877 1040924 iou-wrk-1040917 0
1790397128.281179845 1040917 PROBE-server 206
1790397128.281179845 1040923 PROBE-server 206
1790397128.281179845 1040924 iou-wrk-1040917 0
1790397128.485598291 1040917 PROBE-server 218
1790397128.485598291 1040923 PROBE-server 217
1790397128.485598291 1040924 iou-wrk-1040917 0
1790397128.690412039 1040917 PROBE-server 229
1790397128.690412039 1040923 PROBE-server 228
1790397128.690412039 1040924 iou-wrk-1040917 0
1790397128.895493667 1040917 PROBE-server 241
1790397128.895493667 1040923 PROBE-server 240
1790397128.895493667 1040924 iou-wrk-1040917 0
1790397129.100675247 1040917 PROBE-server 253
1790397129.100675247 1040923 PROBE-server 252
1790397129.100675247 1040924 iou-wrk-1040917 0
1790397129.305585905 1040917 PROBE-server 264
1790397129.305585905 1040923 PROBE-server 263
1790397129.305585905 1040924 iou-wrk-1040917 0
1790397129.510446854 1040917 PROBE-server 276
1790397129.510446854 1040923 PROBE-server 274
1790397129.510446854 1040924 iou-wrk-1040917 0
1790397129.715388882 1040917 PROBE-server 288
1790397129.715388882 1040923 PROBE-server 286
1790397129.715388882 1040924 iou-wrk-1040917 0
1790397129.919908939 1040917 PROBE-server 300
1790397129.919908939 1040923 PROBE-server 298
1790397129.919908939 1040924 iou-wrk-1040917 0
1790397130.124632077 1040917 PROBE-server 312
1790397130.124632077 1040923 PROBE-server 310
1790397130.124632077 1040924 iou-wrk-1040917 0
1790397130.329240854 1040917 PROBE-server 323
1790397130.329240854 1040923 PROBE-server 321
1790397130.329240854 1040924 iou-wrk-1040917 0
1790397130.533774821 1040917 PROBE-server 335
1790397130.533774821 1040923 PROBE-server 333
1790397130.533774821 1040924 iou-wrk-1040917 0
1790397130.738553159 1040917 PROBE-server 347
1790397130.738553159 1040923 PROBE-server 344
1790397130.738553159 1040924 iou-wrk-1040917 0
1790397130.944040730 1040917 PROBE-server 359
1790397130.944040730 1040923 PROBE-server 356
1790397130.944040730 1040924 iou-wrk-1040917 0
1790397131.148630288 1040917 PROBE-server 371
1790397131.148630288 1040923 PROBE-server 368
1790397131.148630288 1040924 iou-wrk-1040917 0
1790397131.353217465 1040917 PROBE-server 382
1790397131.353217465 1040923 PROBE-server 379
1790397131.353217465 1040924 iou-wrk-1040917 0
1790397131.558270975 1040917 PROBE-server 394
1790397131.558270975 1040923 PROBE-server 391
1790397131.558270975 1040924 iou-wrk-1040917 0
1790397131.762768902 1040917 PROBE-server 406
1790397131.762768902 1040923 PROBE-server 403
1790397131.762768902 1040924 iou-wrk-1040917 0
1790397131.967335740 1040917 PROBE-server 418
1790397131.967335740 1040923 PROBE-server 415
1790397131.967335740 1040924 iou-wrk-1040917 0
1790397132.171671436 1040917 PROBE-server 431
1790397132.171671436 1040923 PROBE-server 428
1790397132.171671436 1040924 iou-wrk-1040917 0
1790397132.376398125 1040917 PROBE-server 443
1790397132.376398125 1040923 PROBE-server 439
1790397132.376398125 1040924 iou-wrk-1040917 0
1790397132.580802132 1040917 PROBE-server 454
1790397132.580802132 1040923 PROBE-server 450
1790397132.580802132 1040924 iou-wrk-1040917 0
1790397132.785313229 1040917 PROBE-server 466
1790397132.785313229 1040923 PROBE-server 462
1790397132.785313229 1040924 iou-wrk-1040917 0
1790397132.990720900 1040917 PROBE-server 478
1790397132.990720900 1040923 PROBE-server 475
1790397132.990720900 1040924 iou-wrk-1040917 0
1790397133.196466203 1040917 PROBE-server 491
1790397133.196466203 1040923 PROBE-server 487
1790397133.196466203 1040924 iou-wrk-1040917 0
1790397133.402009715 1040917 PROBE-server 504
1790397133.402009715 1040923 PROBE-server 499
1790397133.402009715 1040924 iou-wrk-1040917 0
1790397133.607148076 1040917 PROBE-server 515
1790397133.607148076 1040923 PROBE-server 510
1790397133.607148076 1040924 iou-wrk-1040917 0
1790397133.811770974 1040917 PROBE-server 527
1790397133.811770974 1040923 PROBE-server 522
1790397133.811770974 1040924 iou-wrk-1040917 0
1790397134.016283021 1040917 PROBE-server 539
1790397134.016283021 1040923 PROBE-server 533
1790397134.016283021 1040924 iou-wrk-1040917 0
1790397134.221773093 1040917 PROBE-server 551
1790397134.221773093 1040923 PROBE-server 544
1790397134.221773093 1040924 iou-wrk-1040917 0
1790397134.426646973 1040917 PROBE-server 563
1790397134.426646973 1040923 PROBE-server 556
1790397134.426646973 1040924 iou-wrk-1040917 0
1790397134.631289832 1040917 PROBE-server 574
1790397134.631289832 1040923 PROBE-server 567
1790397134.631289832 1040924 iou-wrk-1040917 0
1790397134.836112581 1040917 PROBE-server 584
1790397134.836112581 1040923 PROBE-server 579
1790397134.836112581 1040924 iou-wrk-1040917 0
1790397135.041227881 1040917 PROBE-server 596
1790397135.041227881 1040923 PROBE-server 590
1790397135.041227881 1040924 iou-wrk-1040917 0
1790397135.245731739 1040917 PROBE-server 607
1790397135.245731739 1040923 PROBE-server 602
1790397135.245731739 1040924 iou-wrk-1040917 0
1790397135.451092671 1040917 PROBE-server 618
1790397135.451092671 1040923 PROBE-server 613
1790397135.451092671 1040924 iou-wrk-1040917 0
1790397135.656143762 1040917 PROBE-server 628
1790397135.656143762 1040923 PROBE-server 623
1790397135.656143762 1040924 iou-wrk-1040917 0
