1790397291.502184868 1053982 PROBE-server 0
1790397291.502184868 1053988 PROBE-server 0
1790397291.502184868 1053989 iou-wrk-1053982 0
1790397291.708799698 1053982 PROBE-server 11
1790397291.708799698 1053988 PROBE-server 10
1790397291.708799698 1053989 iou-wrk-1053982 0
1790397291.914874016 1053982 PROBE-server 22
1790397291.914874016 1053988 PROBE-server 21
1790397291.914874016 1053989 iou-wrk-1053982 0
1790397292.120191430 1053982 PROBE-server 33
1790397292.120191430 1053988 PROBE-server 31
1790397292.120191430 1053989 iou-wrk-1053982 0
1790397292.325597065 1053982 PROBE-server 45
1790397292.325597065 1053988 PROBE-server 41
1790397292.325597065 1053989 iou-wrk-1053982 0
1790397292.531235831 1053982 PROBE-server 56
1790397292.531235831 1053988 PROBE-server 52
1790397292.531235831 1053989 iou-wrk-1053982 0
1790397292.736795977 1053982 PROBE-server 67
1790397292.736795977 1053988 PROBE-server 63
1790397292.736795977 1053989 iou-wrk-1053982 0
1790397292.942639733 1053982 PROBE-server 80
1790397292.942639733 1053988 PROBE-server 73
1790397292.942639733 1053989 iou-wrk-1053982 0
1790397293.148023758 1053982 PROBE-server 91
1790397293.148023758 1053988 PROBE-server 85
1790397293.148023758 1053989 iou-wrk-1053982 0
1790397293.353513194 1053982 PROBE-server 103
1790397293.353513194 1053988 PROBE-server 96
1790397293.353513194 1053989 iou-wrk-1053982 0
1790397293.558857869 1053982 PROBE-server 114
1790397293.558857869 1053988 PROBE-server 107
1790397293.558857869 1053989 iou-wrk-1053982 0
1790397293.764549505 1053982 PROBE-server 125
1790397293.764549505 1053988 PROBE-server 117
1790397293.764549505 1053989 iou-wrk-1053982 0
1790397293.970081791 1053982 PROBE-server 137
1790397293.970081791 1053988 PROBE-server 128
1790397293.970081791 1053989 iou-wrk-1053982 0
1790397294.175749677 1053982 PROBE-server 148
1790397294.175749677 1053988 PROBE-server 139
1790397294.175749677 1053989 iou-wrk-1053982 0
1790397294.380989752 1053982 PROBE-server 159
1790397294.380989752 1053988 PROBE-server 149
1790397294.380989752 1053989 iou-wrk-1053982 0
1790397294.586636198 1053982 PROBE-server 171
1790397294.586636198 1053988 PROBE-server 160
1790397294.586636198 1053989 iou-wrk-1053982 0
1790397294.792314864 1053982 PROBE-server 182
1790397294.792314864 1053988 PROBE-server 171
1790397294.792314864 1053989 iou-wrk-1053982 0
1790397294.997530579 1053982 PROBE-server 194
1790397294.997530579 1053988 PROBE-server 181
1790397294.997530579 1053989 iou-wrk-1053982 0
1790397295.202047701 1053982 PROBE-server 205
1790397295.202047701 1053988 PROBE-server 192
1790397295.202047701 1053989 iou-wrk-1053982 0
1790397295.407516136 1053982 PROBE-server 216
1790397295.407516136 1053988 PROBE-server 202
1790397295.407516136 1053989 iou-wrk-1053982 0
1790397295.612788351 1053982 PROBE-server 227
1790397295.612788351 1053988 PROBE-server 213
1790397295.612788351 1053989 iou-wrk-1053982 0
1790397295.818532328 1053982 PROBE-server 239
1790397295.818532328 1053988 PROBE-server 224
1790397295.818532328 1053989 iou-wrk-1053982 0
1790397296.023789793 1053982 PROBE-server 251
1790397296.023789793 1053988 PROBE-server 235
1790397296.023789793 1053989 iou-wrk-1053982 0
1790397296.229647510 1053982 PROBE-server 262
1790397296.229647510 1053988 PROBE-server 245
1790397296.229647510 1053989 iou-wrk-1053982 0
1790397296.434994296 1053982 PROBE-server 273
1790397296.434994296 1053988 PROBE-server 256
1790397296.434994296 1053989 iou-wrk-1053982 0
1790397296.640506822 1053982 PROBE-server 284
1790397296.640506822 1053988 PROBE-server 266
1790397296.640506822 1053989 iou-wrk-1053982 0
1790397296.845818377 1053982 PROBE-server 296
1790397296.845818377 1053988 PROBE-server 277
1790397296.845818377 1053989 iou-wrk-1053982 0
1790397297.051188073 1053982 PROBE-server 307
1790397297.051188073 1053988 PROBE-server 287
1790397297.051188073 1053989 iou-wrk-1053982 0
1790397297.257014490 1053982 PROBE-server 319
1790397297.257014490 1053988 PROBE-server 298
1790397297.257014490 1053989 iou-wrk-1053982 0
1790397297.462103575 1053982 PROBE-server 330
1790397297.462103575 1053988 PROBE-server 309
1790397297.462103575 1053989 iou-wrk-1053982 0
1790397297.667586611 1053982 PROBE-server 342
1790397297.667586611 1053988 PROBE-server 319
1790397297.667586611 1053989 iou-wrk-1053982 0
1790397297.873048857 1053982 PROBE-server 353
1790397297.873048857 1053988 PROBE-server 330
1790397297.873048857 1053989 iou-wrk-1053982 0
1790397298.078902295 1053982 PROBE-server 366
1790397298.078902295 1053988 PROBE-server 341
1790397298.078902295 1053989 iou-wrk-1053982 0
1790397298.284635172 1053982 PROBE-server 377
1790397298.284635172 1053988 PROBE-server 351
1790397298.284635172 1053989 iou-wrk-1053982 0
1790397298.490431370 1053982 PROBE-server 388
1790397298.490431370 1053988 PROBE-server 362
1790397298.490431370 1053989 iou-wrk-1053982 0
1790397298.695760436 1053982 PROBE-server 400
1790397298.695760436 1053988 PROBE-server 372
1790397298.695760436 1053989 iou-wrk-1053982 0
1790397298.900887510 1053982 PROBE-server 410
1790397298.900887510 1053988 PROBE-server 383
1790397298.900887510 1053989 iou-wrk-1053982 0
1790397299.105683794 1053982 PROBE-server 422
1790397299.105683794 1053988 PROBE-server 394
1790397299.105683794 1053989 iou-wrk-1053982 0
1790397299.311430421 1053982 PROBE-server 433
1790397299.311430421 1053988 PROBE-server 404
1790397299.311430421 1053989 iou-wrk-1053982 0
1790397299.516636917 1053982 PROBE-server 445
1790397299.516636917 1053988 PROBE-server 415
1790397299.516636917 1053989 iou-wrk-1053982 0
1790397299.721601051 1053982 PROBE-server 456
1790397299.721601051 1053988 PROBE-server 425
1790397299.721601051 1053989 iou-wrk-1053982 0
1790397299.926802126 1053982 PROBE-server 467
1790397299.926802126 1053988 PROBE-server 436
1790397299.926802126 1053989 iou-wrk-1053982 0
1790397300.133180707 1053982 PROBE-server 479
1790397300.133180707 1053988 PROBE-server 447
1790397300.133180707 1053989 iou-wrk-1053982 0
1790397300.338975765 1053982 PROBE-server 491
1790397300.338975765 1053988 PROBE-server 457
1790397300.338975765 1053989 iou-wrk-1053982 0
1790397300.543803458 1053982 PROBE-server 502
1790397300.543803458 1053988 PROBE-server 468
1790397300.543803458 1053989 iou-wrk-1053982 0
1790397300.749026624 1053982 PROBE-server 513
1790397300.749026624 1053988 PROBE-server 479
1790397300.749026624 1053989 iou-wrk-1053982 0
1790397300.954605721 1053982 PROBE-server 525
1790397300.954605721 1053988 PROBE-server 490
1790397300.954605721 1053989 iou-wrk-1053982 0
1790397301.160210599 1053982 PROBE-server 536
1790397301.160210599 1053988 PROBE-server 500
1790397301.160210599 1053989 iou-wrk-1053982 0
1790397301.365013962 1053982 PROBE-server 547
1790397301.365013962 1053988 PROBE-server 511
1790397301.365013962 1053989 iou-wrk-1053982 0
1790397301.570557669 1053982 PROBE-server 559
1790397301.570557669 1053988 PROBE-server 521
1790397301.570557669 1053989 iou-wrk-1053982 0
1790397301.775907316 1053982 PROBE-server 570
1790397301.775907316 1053988 PROBE-server 532
1790397301.775907316 1053989 iou-wrk-1053982 0
1790397301.981450673 1053982 PROBE-server 582
1790397301.981450673 1053988 PROBE-server 543
1790397301.981450673 1053989 iou-wrk-1053982 0
1790397302.186498468 1053982 PROBE-server 593
1790397302.186498468 1053988 PROBE-server 554
1790397302.186498468 1053989 iou-wrk-1053982 0
1790397302.392032165 1053982 PROBE-server 605
1790397302.392032165 1053988 PROBE-server 564
1790397302.392032165 1053989 iou-wrk-1053982 0
1790397302.597987854 1053982 PROBE-server 612
1790397302.597987854 1053988 PROBE-server 571
1790397302.597987854 1053989 iou-wrk-1053982 0
