1790397497.354313968 1069879 PROBE-server 0
1790397497.354313968 1069885 PROBE-server 0
1790397497.354313968 1069886 iou-wrk-1069879 0
1790397497.559783684 1069879 PROBE-server 11
1790397497.559783684 1069885 PROBE-server 10
1790397497.559783684 1069886 iou-wrk-1069879 0
1790397497.764747637 1069879 PROBE-server 23
1790397497.764747637 1069885 PROBE-server 20
1790397497.764747637 1069886 iou-wrk-1069879 0
1790397497.969072617 1069879 PROBE-server 36
1790397497.969072617 1069885 PROBE-server 32
1790397497.969072617 1069886 iou-wrk-1069879 0
1790397498.173803860 1069879 PROBE-server 47
1790397498.173803860 1069885 PROBE-server 42
1790397498.173803860 1069886 iou-wrk-1069879 0
1790397498.378715093 1069879 PROBE-server 59
1790397498.378715093 1069885 PROBE-server 53
1790397498.378715093 1069886 iou-wrk-1069879 0
1790397498.583274464 1069879 PROBE-server 71
1790397498.583274464 1069885 PROBE-server 64
1790397498.583274464 1069886 iou-wrk-1069879 0
1790397498.787795796 1069879 PROBE-server 84
1790397498.787795796 1069885 PROBE-server 75
1790397498.787795796 1069886 iou-wrk-1069879 0
1790397498.992369407 1069879 PROBE-server 96
1790397498.992369407 1069885 PROBE-server 86
1790397498.992369407 1069886 iou-wrk-1069879 0
1790397499.197290460 1069879 PROBE-server 109
1790397499.197290460 1069885 PROBE-server 98
1790397499.197290460 1069886 iou-wrk-1069879 0
1790397499.402882817 1069879 PROBE-server 121
1790397499.402882817 1069885 PROBE-server 109
1790397499.402882817 1069886 iou-wrk-1069879 0
1790397499.607820010 1069879 PROBE-server 132
1790397499.607820010 1069885 PROBE-server 119
1790397499.607820010 1069886 iou-wrk-1069879 0
1790397499.812385462 1069879 PROBE-server 146
1790397499.812385462 1069885 PROBE-server 131
1790397499.812385462 1069886 iou-wrk-1069879 0
1790397500.017185534 1069879 PROBE-server 158
1790397500.017185534 1069885 PROBE-server 142
1790397500.017185534 1069886 iou-wrk-1069879 0
1790397500.221773256 1069879 PROBE-server 170
1790397500.221773256 1069885 PROBE-server 153
1790397500.221773256 1069886 iou-wrk-1069879 0
1790397500.426212048 1069879 PROBE-server 183
1790397500.426212048 1069885 PROBE-server 164
1790397500.426212048 1069886 iou-wrk-1069879 0
1790397500.630764729 1069879 PROBE-server 194
1790397500.630764729 1069885 PROBE-server 174
1790397500.630764729 1069886 iou-wrk-1069879 0
1790397500.835338681 1069879 PROBE-server 206
1790397500.835338681 1069885 PROBE-server 185
1790397500.835338681 1069886 iou-wrk-1069879 0
1790397501.039836223 1069879 PROBE-server 218
1790397501.039836223 1069885 PROBE-server 196
1790397501.039836223 1069886 iou-wrk-1069879 0
1790397501.244938947 1069879 PROBE-server 231
1790397501.244938947 1069885 PROBE-server 206
1790397501.244938947 1069886 iou-wrk-1069879 0
1790397501.449720900 1069879 PROBE-server 243
1790397501.449720900 1069885 PROBE-server 218
1790397501.449720900 1069886 iou-wrk-1069879 0
1790397501.654294792 1069879 PROBE-server 255
1790397501.654294792 1069885 PROBE-server 228
1790397501.654294792 1069886 iou-wrk-1069879 0
1790397501.859075865 1069879 PROBE-server 267
1790397501.859075865 1069885 PROBE-server 240
1790397501.859075865 1069886 iou-wrk-1069879 0
1790397502.064162369 1069879 PROBE-server 280
1790397502.064162369 1069885 PROBE-server 250
1790397502.064162369 1069886 iou-wrk-1069879 0
1790397502.268714611 1069879 PROBE-server 291
1790397502.268714611 1069885 PROBE-server 261
1790397502.268714611 1069886 iou-wrk-1069879 0
1790397502.472843541 1069879 PROBE-server 303
1790397502.472843541 1069885 PROBE-server 272
1790397502.472843541 1069886 iou-wrk-1069879 0
1790397502.677177022 1069879 PROBE-server 315
1790397502.677177022 1069885 PROBE-server 283
1790397502.677177022 1069886 iou-wrk-1069879 0
1790397502.881483953 1069879 PROBE-server 327
1790397502.881483953 1069885 PROBE-server 294
1790397502.881483953 1069886 iou-wrk-1069879 0
1790397503.085915825 1069879 PROBE-server 340
1790397503.085915825 1069885 PROBE-server 305
1790397503.085915825 1069886 iou-wrk-1069879 0
1790397503.290081355 1069879 PROBE-server 352
1790397503.290081355 1069885 PROBE-server 316
1790397503.290081355 1069886 iou-wrk-1069879 0
1790397503.494616977 1069879 PROBE-server 364
1790397503.494616977 1069885 PROBE-server 327
1790397503.494616977 1069886 iou-wrk-1069879 0
1790397503.700350144 1069879 PROBE-server 376
1790397503.700350144 1069885 PROBE-server 338
1790397503.700350144 1069886 iou-wrk-1069879 0
1790397503.904972877 1069879 PROBE-server 389
1790397503.904972877 1069885 PROBE-server 349
1790397503.904972877 1069886 iou-wrk-1069879 0
1790397504.109869660 1069879 PROBE-server 400
1790397504.109869660 1069885 PROBE-server 360
1790397504.109869660 1069886 iou-wrk-1069879 0
1790397504.314584503 1069879 PROBE-server 412
1790397504.314584503 1069885 PROBE-server 371
1790397504.314584503 1069886 iou-wrk-1069879 0
1790397504.519090805 1069879 PROBE-server 425
1790397504.519090805 1069885 PROBE-server 382
1790397504.519090805 1069886 iou-wrk-1069879 0
1790397504.723972119 1069879 PROBE-server 437
1790397504.723972119 1069885 PROBE-server 394
1790397504.723972119 1069886 iou-wrk-1069879 0
1790397504.928414931 1069879 PROBE-server 450
1790397504.928414931 1069885 PROBE-server 405
1790397504.928414931 1069886 iou-wrk-1069879 0
1790397505.133300935 1069879 PROBE-server 462
1790397505.133300935 1069885 PROBE-server 416
1790397505.133300935 1069886 iou-wrk-1069879 0
1790397505.337667036 1069879 PROBE-server 474
1790397505.337667036 1069885 PROBE-server 427
1790397505.337667036 1069886 iou-wrk-1069879 0
1790397505.542482260 1069879 PROBE-server 486
1790397505.542482260 1069885 PROBE-server 438
1790397505.542482260 1069886 iou-wrk-1069879 0
1790397505.747511634 1069879 PROBE-server 499
1790397505.747511634 1069885 PROBE-server 449
1790397505.747511634 1069886 iou-wrk-1069879 0
1790397505.953099851 1069879 PROBE-server 511
1790397505.953099851 1069885 PROBE-server 460
1790397505.953099851 1069886 iou-wrk-1069879 0
1790397506.157639323 1069879 PROBE-server 523
1790397506.157639323 1069885 PROBE-server 470
1790397506.157639323 1069886 iou-wrk-1069879 0
1790397506.362073845 1069879 PROBE-server 535
1790397506.362073845 1069885 PROBE-server 481
1790397506.362073845 1069886 iou-wrk-1069879 0
1790397506.567113600 1069879 PROBE-server 547
1790397506.567113600 1069885 PROBE-server 492
1790397506.567113600 1069886 iou-wrk-1069879 0
1790397506.771537932 1069879 PROBE-server 560
1790397506.771537932 1069885 PROBE-server 503
1790397506.771537932 1069886 iou-wrk-1069879 0
1790397506.976007454 1069879 PROBE-server 572
1790397506.976007454 1069885 PROBE-server 514
1790397506.976007454 1069886 iou-wrk-1069879 0
1790397507.180471656 1069879 PROBE-server 583
1790397507.180471656 1069885 PROBE-server 526
1790397507.180471656 1069886 iou-wrk-1069879 0
1790397507.384757757 1069879 PROBE-server 596
1790397507.384757757 1069885 PROBE-server 536
1790397507.384757757 1069886 iou-wrk-1069879 0
1790397507.590112843 1069879 PROBE-server 608
1790397507.590112843 1069885 PROBE-server 547
1790397507.590112843 1069886 iou-wrk-1069879 0
1790397507.795401519 1069879 PROBE-server 620
1790397507.795401519 1069885 PROBE-server 558
1790397507.795401519 1069886 iou-wrk-1069879 0
1790397507.999966022 1069879 PROBE-server 632
1790397507.999966022 1069885 PROBE-server 569
1790397507.999966022 1069886 iou-wrk-1069879 0
1790397508.204169613 1069879 PROBE-server 645
1790397508.204169613 1069885 PROBE-server 580
1790397508.204169613 1069886 iou-wrk-1069879 0
1790397508.409720580 1069879 PROBE-server 654
1790397508.409720580 1069885 PROBE-server 588
1790397508.409720580 1069886 iou-wrk-1069879 0
1790397508.615831960 1069879 PROBE-server 654
1790397508.615831960 1069885 PROBE-server 588
1790397508.615831960 1069886 iou-wrk-1069879 0
