1790397319.206831748 1056045 PROBE-server 0
1790397319.206831748 1056051 PROBE-server 0
1790397319.206831748 1056052 iou-wrk-1056045 0
1790397319.413017221 1056045 PROBE-server 11
1790397319.413017221 1056051 PROBE-server 10
1790397319.413017221 1056052 iou-wrk-1056045 0
1790397319.619456976 1056045 PROBE-server 22
1790397319.619456976 1056051 PROBE-server 21
1790397319.619456976 1056052 iou-wrk-1056045 0
1790397319.824173032 1056045 PROBE-server 34
1790397319.824173032 1056051 PROBE-server 32
1790397319.824173032 1056052 iou-wrk-1056045 0
1790397320.029651072 1056045 PROBE-server 46
1790397320.029651072 1056051 PROBE-server 42
1790397320.029651072 1056052 iou-wrk-1056045 0
1790397320.235229223 1056045 PROBE-server 57
1790397320.235229223 1056051 PROBE-server 53
1790397320.235229223 1056052 iou-wrk-1056045 0
1790397320.441087305 1056045 PROBE-server 69
1790397320.441087305 1056051 PROBE-server 63
1790397320.441087305 1056052 iou-wrk-1056045 0
1790397320.646477404 1056045 PROBE-server 80
1790397320.646477404 1056051 PROBE-server 75
1790397320.646477404 1056052 iou-wrk-1056045 0
1790397320.851598773 1056045 PROBE-server 92
1790397320.851598773 1056051 PROBE-server 86
1790397320.851598773 1056052 iou-wrk-1056045 0
1790397321.056510910 1056045 PROBE-server 104
1790397321.056510910 1056051 PROBE-server 96
1790397321.056510910 1056052 iou-wrk-1056045 0
1790397321.261762700 1056045 PROBE-server 116
1790397321.261762700 1056051 PROBE-server 107
1790397321.261762700 1056052 iou-wrk-1056045 0
1790397321.466886549 1056045 PROBE-server 127
1790397321.466886549 1056051 PROBE-server 118
1790397321.466886549 1056052 iou-wrk-1056045 0
1790397321.671691496 1056045 PROBE-server 139
1790397321.671691496 1056051 PROBE-server 129
1790397321.671691496 1056052 iou-wrk-1056045 0
1790397321.877244437 1056045 PROBE-server 151
1790397321.877244437 1056051 PROBE-server 139
1790397321.877244437 1056052 iou-wrk-1056045 0
1790397322.082191714 1056045 PROBE-server 163
1790397322.082191714 1056051 PROBE-server 150
1790397322.082191714 1056052 iou-wrk-1056045 0
1790397322.288075957 1056045 PROBE-server 174
1790397322.288075957 1056051 PROBE-server 161
1790397322.288075957 1056052 iou-wrk-1056045 0
1790397322.492881704 1056045 PROBE-server 186
1790397322.492881704 1056051 PROBE-server 172
1790397322.492881704 1056052 iou-wrk-1056045 0
1790397322.698336935 1056045 PROBE-server 198
1790397322.698336935 1056051 PROBE-server 182
1790397322.698336935 1056052 iou-wrk-1056045 0
1790397322.903864785 1056045 PROBE-server 210
1790397322.903864785 1056051 PROBE-server 193
1790397322.903864785 1056052 iou-wrk-1056045 0
1790397323.108683003 1056045 PROBE-server 222
1790397323.108683003 1056051 PROBE-server 204
1790397323.108683003 1056052 iou-wrk-1056045 0
1790397323.314729876 1056045 PROBE-server 234
1790397323.314729876 1056051 PROBE-server 215
1790397323.314729876 1056052 iou-wrk-1056045 0
1790397323.520305357 1056045 PROBE-server 246
1790397323.520305357 1056051 PROBE-server 226
1790397323.520305357 1056052 iou-wrk-1056045 0
1790397323.725467816 1056045 PROBE-server 258
1790397323.725467816 1056051 PROBE-server 237
1790397323.725467816 1056052 iou-wrk-1056045 0
1790397323.931284279 1056045 PROBE-server 270
1790397323.931284279 1056051 PROBE-server 247
1790397323.931284279 1056052 iou-wrk-1056045 0
1790397324.136663829 1056045 PROBE-server 281
1790397324.136663829 1056051 PROBE-server 259
1790397324.136663829 1056052 iou-wrk-1056045 0
1790397324.342632672 1056045 PROBE-server 293
1790397324.342632672 1056051 PROBE-server 269
1790397324.342632672 1056052 iou-wrk-1056045 0
1790397324.547602140 1056045 PROBE-server 305
1790397324.547602140 1056051 PROBE-server 280
1790397324.547602140 1056052 iou-wrk-1056045 0
1790397324.753387243 1056045 PROBE-server 317
1790397324.753387243 1056051 PROBE-server 291
1790397324.753387243 1056052 iou-wrk-1056045 0
1790397324.958976374 1056045 PROBE-server 329
1790397324.958976374 1056051 PROBE-server 302
1790397324.958976374 1056052 iou-wrk-1056045 0
1790397325.164882597 1056045 PROBE-server 341
1790397325.164882597 1056051 PROBE-server 313
1790397325.164882597 1056052 iou-wrk-1056045 0
1790397325.370522068 1056045 PROBE-server 353
1790397325.370522068 1056051 PROBE-server 324
1790397325.370522068 1056052 iou-wrk-1056045 0
1790397325.576193280 1056045 PROBE-server 365
1790397325.576193280 1056051 PROBE-server 334
1790397325.576193280 1056052 iou-wrk-1056045 0
1790397325.781105509 1056045 PROBE-server 377
1790397325.781105509 1056051 PROBE-server 345
1790397325.781105509 1056052 iou-wrk-1056045 0
1790397325.986186838 1056045 PROBE-server 388
1790397325.986186838 1056051 PROBE-server 355
1790397325.986186838 1056052 iou-wrk-1056045 0
1790397326.192071691 1056045 PROBE-server 400
1790397326.192071691 1056051 PROBE-server 367
1790397326.192071691 1056052 iou-wrk-1056045 0
1790397326.397765133 1056045 PROBE-server 412
1790397326.397765133 1056051 PROBE-server 378
1790397326.397765133 1056052 iou-wrk-1056045 0
1790397326.602608781 1056045 PROBE-server 424
1790397326.602608781 1056051 PROBE-server 388
1790397326.602608781 1056052 iou-wrk-1056045 0
1790397326.808252703 1056045 PROBE-server 436
1790397326.808252703 1056051 PROBE-server 399
1790397326.808252703 1056052 iou-wrk-1056045 0
1790397327.012853480 1056045 PROBE-server 447
1790397327.012853480 1056051 PROBE-server 410
1790397327.012853480 1056052 iou-wrk-1056045 0
1790397327.218358012 1056045 PROBE-server 459
1790397327.218358012 1056051 PROBE-server 420
1790397327.218358012 1056052 iou-wrk-1056045 0
1790397327.424588406 1056045 PROBE-server 471
1790397327.424588406 1056051 PROBE-server 432
1790397327.424588406 1056052 iou-wrk-1056045 0
1790397327.629338435 1056045 PROBE-server 484
1790397327.629338435 1056051 PROBE-server 442
1790397327.629338435 1056052 iou-wrk-1056045 0
1790397327.834925966 1056045 PROBE-server 495
1790397327.834925966 1056051 PROBE-server 453
1790397327.834925966 1056052 iou-wrk-1056045 0
1790397328.040308347 1056045 PROBE-server 507
1790397328.040308347 1056051 PROBE-server 463
1790397328.040308347 1056052 iou-wrk-1056045 0
1790397328.245972209 1056045 PROBE-server 519
1790397328.245972209 1056051 PROBE-server 475
1790397328.245972209 1056052 iou-wrk-1056045 0
1790397328.451619492 1056045 PROBE-server 530
1790397328.451619492 1056051 PROBE-server 486
1790397328.451619492 1056052 iou-wrk-1056045 0
1790397328.657278394 1056045 PROBE-server 543
1790397328.657278394 1056051 PROBE-server 496
1790397328.657278394 1056052 iou-wrk-1056045 0
1790397328.862652815 1056045 PROBE-server 554
1790397328.862652815 1056051 PROBE-server 506
1790397328.862652815 1056052 iou-wrk-1056045 0
1790397329.067966756 1056045 PROBE-server 566
1790397329.067966756 1056051 PROBE-server 517
1790397329.067966756 1056052 iou-wrk-1056045 0
1790397329.272407463 1056045 PROBE-server 578
1790397329.272407463 1056051 PROBE-server 528
1790397329.272407463 1056052 iou-wrk-1056045 0
1790397329.477516293 1056045 PROBE-server 589
1790397329.477516293 1056051 PROBE-server 540
1790397329.477516293 1056052 iou-wrk-1056045 0
1790397329.683217916 1056045 PROBE-server 601
1790397329.683217916 1056051 PROBE-server 550
1790397329.683217916 1056052 iou-wrk-1056045 0
1790397329.888266175 1056045 PROBE-server 613
1790397329.888266175 1056051 PROBE-server 561
1790397329.888266175 1056052 iou-wrk-1056045 0
1790397330.093149924 1056045 PROBE-server 625
1790397330.093149924 1056051 PROBE-server 571
1790397330.093149924 1056052 iou-wrk-1056045 0
1790397330.297752302 1056045 PROBE-server 632
1790397330.297752302 1056051 PROBE-server 578
1790397330.297752302 1056052 iou-wrk-1056045 0
