1790397180.525672778 1045471 PROBE-server 0
1790397180.525672778 1045477 PROBE-server 0
1790397180.525672778 1045478 iou-wrk-1045471 0
1790397180.731485032 1045471 PROBE-server 12
1790397180.731485032 1045477 PROBE-server 10
1790397180.731485032 1045478 iou-wrk-1045471 0
1790397180.937233996 1045471 PROBE-server 23
1790397180.937233996 1045477 PROBE-server 22
1790397180.937233996 1045478 iou-wrk-1045471 0
1790397181.141730955 1045471 PROBE-server 35
1790397181.141730955 1045477 PROBE-server 33
1790397181.141730955 1045478 iou-wrk-1045471 0
1790397181.347101468 1045471 PROBE-server 46
1790397181.347101468 1045477 PROBE-server 44
1790397181.347101468 1045478 iou-wrk-1045471 0
1790397181.553102723 1045471 PROBE-server 58
1790397181.553102723 1045477 PROBE-server 55
1790397181.553102723 1045478 iou-wrk-1045471 0
1790397181.758025273 1045471 PROBE-server 70
1790397181.758025273 1045477 PROBE-server 66
1790397181.758025273 1045478 iou-wrk-1045471 0
1790397181.963830958 1045471 PROBE-server 82
1790397181.963830958 1045477 PROBE-server 77
1790397181.963830958 1045478 iou-wrk-1045471 0
1790397182.169293111 1045471 PROBE-server 93
1790397182.169293111 1045477 PROBE-server 88
1790397182.169293111 1045478 iou-wrk-1045471 0
1790397182.374280252 1045471 PROBE-server 105
1790397182.374280252 1045477 PROBE-server 98
1790397182.374280252 1045478 iou-wrk-1045471 0
1790397182.579064772 1045471 PROBE-server 117
1790397182.579064772 1045477 PROBE-server 110
1790397182.579064772 1045478 iou-wrk-1045471 0
1790397182.784422945 1045471 PROBE-server 129
1790397182.784422945 1045477 PROBE-server 121
1790397182.784422945 1045478 iou-wrk-1045471 0
1790397182.989759768 1045471 PROBE-server 141
1790397182.989759768 1045477 PROBE-server 132
1790397182.989759768 1045478 iou-wrk-1045471 0
1790397183.195426212 1045471 PROBE-server 153
1790397183.195426212 1045477 PROBE-server 143
1790397183.195426212 1045478 iou-wrk-1045471 0
1790397183.400889865 1045471 PROBE-server 164
1790397183.400889865 1045477 PROBE-server 154
1790397183.400889865 1045478 iou-wrk-1045471 0
1790397183.605956647 1045471 PROBE-server 176
1790397183.605956647 1045477 PROBE-server 165
1790397183.605956647 1045478 iou-wrk-1045471 0
1790397183.811060169 1045471 PROBE-server 188
1790397183.811060169 1045477 PROBE-server 176
1790397183.811060169 1045478 iou-wrk-1045471 0
1790397184.016170001 1045471 PROBE-server 199
1790397184.016170001 1045477 PROBE-server 188
1790397184.016170001 1045478 iou-wrk-1045471 0
1790397184.221268233 1045471 PROBE-server 211
1790397184.221268233 1045477 PROBE-server 198
1790397184.221268233 1045478 iou-wrk-1045471 0
1790397184.426405855 1045471 PROBE-server 222
1790397184.426405855 1045477 PROBE-server 209
1790397184.426405855 1045478 iou-wrk-1045471 0
1790397184.631526957 1045471 PROBE-server 234
1790397184.631526957 1045477 PROBE-server 221
1790397184.631526957 1045478 iou-wrk-1045471 0
1790397184.836086137 1045471 PROBE-server 247
1790397184.836086137 1045477 PROBE-server 232
1790397184.836086137 1045478 iou-wrk-1045471 0
1790397185.041314989 1045471 PROBE-server 259
1790397185.041314989 1045477 PROBE-server 244
1790397185.041314989 1045478 iou-wrk-1045471 0
1790397185.247043014 1045471 PROBE-server 271
1790397185.247043014 1045477 PROBE-server 254
1790397185.247043014 1045478 iou-wrk-1045471 0
1790397185.452587108 1045471 PROBE-server 283
1790397185.452587108 1045477 PROBE-server 266
1790397185.452587108 1045478 iou-wrk-1045471 0
1790397185.658131813 1045471 PROBE-server 294
1790397185.658131813 1045477 PROBE-server 277
1790397185.658131813 1045478 iou-wrk-1045471 0
1790397185.863637907 1045471 PROBE-server 306
1790397185.863637907 1045477 PROBE-server 287
1790397185.863637907 1045478 iou-wrk-1045471 0
1790397186.068540958 1045471 PROBE-server 318
1790397186.068540958 1045477 PROBE-server 299
1790397186.068540958 1045478 iou-wrk-1045471 0
1790397186.274473454 1045471 PROBE-server 330
1790397186.274473454 1045477 PROBE-server 310
1790397186.274473454 1045478 iou-wrk-1045471 0
1790397186.480131729 1045471 PROBE-server 341
1790397186.480131729 1045477 PROBE-server 322
1790397186.480131729 1045478 iou-wrk-1045471 0
1790397186.685365622 1045471 PROBE-server 353
1790397186.685365622 1045477 PROBE-server 333
1790397186.685365622 1045478 iou-wrk-1045471 0
1790397186.891054237 1045471 PROBE-server 365
1790397186.891054237 1045477 PROBE-server 344
1790397186.891054237 1045478 iou-wrk-1045471 0
1790397187.096687992 1045471 PROBE-server 377
1790397187.096687992 1045477 PROBE-server 355
1790397187.096687992 1045478 iou-wrk-1045471 0
1790397187.302285257 1045471 PROBE-server 389
1790397187.302285257 1045477 PROBE-server 366
1790397187.302285257 1045478 iou-wrk-1045471 0
1790397187.507529360 1045471 PROBE-server 402
1790397187.507529360 1045477 PROBE-server 379
1790397187.507529360 1045478 iou-wrk-1045471 0
1790397187.713062975 1045471 PROBE-server 414
1790397187.713062975 1045477 PROBE-server 390
1790397187.713062975 1045478 iou-wrk-1045471 0
1790397187.918322998 1045471 PROBE-server 426
1790397187.918322998 1045477 PROBE-server 401
1790397187.918322998 1045478 iou-wrk-1045471 0
1790397188.123784972 1045471 PROBE-server 437
1790397188.123784972 1045477 PROBE-server 412
1790397188.123784972 1045478 iou-wrk-1045471 0
1790397188.329112266 1045471 PROBE-server 449
1790397188.329112266 1045477 PROBE-server 423
1790397188.329112266 1045478 iou-wrk-1045471 0
1790397188.534079379 1045471 PROBE-server 460
1790397188.534079379 1045477 PROBE-server 433
1790397188.534079379 1045478 iou-wrk-1045471 0
1790397188.738635569 1045471 PROBE-server 472
1790397188.738635569 1045477 PROBE-server 445
1790397188.738635569 1045478 iou-wrk-1045471 0
1790397188.943372521 1045471 PROBE-server 485
1790397188.943372521 1045477 PROBE-server 456
1790397188.943372521 1045478 iou-wrk-1045471 0
1790397189.148798005 1045471 PROBE-server 496
1790397189.148798005 1045477 PROBE-server 467
1790397189.148798005 1045478 iou-wrk-1045471 0
1790397189.354153059 1045471 PROBE-server 508
1790397189.354153059 1045477 PROBE-server 478
1790397189.354153059 1045478 iou-wrk-1045471 0
1790397189.559499193 1045471 PROBE-server 519
1790397189.559499193 1045477 PROBE-server 489
1790397189.559499193 1045478 iou-wrk-1045471 0
1790397189.765359160 1045471 PROBE-server 531
1790397189.765359160 1045477 PROBE-server 500
1790397189.765359160 1045478 iou-wrk-1045471 0
1790397189.970912455 1045471 PROBE-server 543
1790397189.970912455 1045477 PROBE-server 511
1790397189.970912455 1045478 iou-wrk-1045471 0
1790397190.176118879 1045471 PROBE-server 555
1790397190.176118879 1045477 PROBE-server 523
1790397190.176118879 1045478 iou-wrk-1045471 0
1790397190.381450773 1045471 PROBE-server 566
1790397190.381450773 1045477 PROBE-server 533
1790397190.381450773 1045478 iou-wrk-1045471 0
1790397190.586989888 1045471 PROBE-server 578
1790397190.586989888 1045477 PROBE-server 545
1790397190.586989888 1045478 iou-wrk-1045471 0
1790397190.792760285 1045471 PROBE-server 591
1790397190.792760285 1045477 PROBE-server 556
1790397190.792760285 1045478 iou-wrk-1045471 0
1790397190.998865092 1045471 PROBE-server 602
1790397190.998865092 1045477 PROBE-server 567
1790397190.998865092 1045478 iou-wrk-1045471 0
1790397191.204226967 1045471 PROBE-server 615
1790397191.204226967 1045477 PROBE-server 579
1790397191.204226967 1045478 iou-wrk-1045471 0
1790397191.410199594 1045471 PROBE-server 626
1790397191.410199594 1045477 PROBE-server 590
1790397191.410199594 1045478 iou-wrk-1045471 0
1790397191.615416178 1045471 PROBE-server 634
1790397191.615416178 1045477 PROBE-server 597
1790397191.615416178 1045478 iou-wrk-1045471 0
