1790397541.599179288 1072987 PROBE-server 0
1790397541.599179288 1072993 PROBE-server 0
1790397541.599179288 1072994 iou-wrk-1072987 0
1790397541.804774319 1072987 PROBE-server 11
1790397541.804774319 1072993 PROBE-server 10
1790397541.804774319 1072994 iou-wrk-1072987 0
1790397541.804774319 1073047 iou-wrk-1072993 0
1790397542.012095519 1072987 PROBE-server 23
1790397542.012095519 1072993 PROBE-server 21
1790397542.012095519 1072994 iou-wrk-1072987 0
1790397542.012095519 1073047 iou-wrk-1072993 0
1790397542.219045126 1072987 PROBE-server 36
1790397542.219045126 1072993 PROBE-server 33
1790397542.219045126 1072994 iou-wrk-1072987 0
1790397542.219045126 1073047 iou-wrk-1072993 0
1790397542.425688262 1072987 PROBE-server 48
1790397542.425688262 1072993 PROBE-server 44
1790397542.425688262 1072994 iou-wrk-1072987 0
1790397542.425688262 1073047 iou-wrk-1072993 0
1790397542.633223302 1072987 PROBE-server 60
1790397542.633223302 1072993 PROBE-server 54
1790397542.633223302 1072994 iou-wrk-1072987 0
1790397542.633223302 1073047 iou-wrk-1072993 0
1790397542.839278295 1072987 PROBE-server 73
1790397542.839278295 1072993 PROBE-server 66
1790397542.839278295 1072994 iou-wrk-1072987 0
1790397542.839278295 1073047 iou-wrk-1072993 0
1790397543.046568244 1072987 PROBE-server 84
1790397543.046568244 1072993 PROBE-server 77
1790397543.046568244 1072994 iou-wrk-1072987 0
1790397543.046568244 1073047 iou-wrk-1072993 0
1790397543.253021150 1072987 PROBE-server 97
1790397543.253021150 1072993 PROBE-server 88
1790397543.253021150 1072994 iou-wrk-1072987 0
1790397543.253021150 1073047 iou-wrk-1072993 0
1790397543.459438295 1072987 PROBE-server 109
1790397543.459438295 1072993 PROBE-server 99
1790397543.459438295 1072994 iou-wrk-1072987 0
1790397543.459438295 1073047 iou-wrk-1072993 0
1790397543.666251412 1072987 PROBE-server 121
1790397543.666251412 1072993 PROBE-server 110
1790397543.666251412 1072994 iou-wrk-1072987 0
1790397543.666251412 1073047 iou-wrk-1072993 0
1790397543.873154299 1072987 PROBE-server 134
1790397543.873154299 1072993 PROBE-server 122
1790397543.873154299 1072994 iou-wrk-1072987 0
1790397543.873154299 1073047 iou-wrk-1072993 0
1790397544.080231617 1072987 PROBE-server 146
1790397544.080231617 1072993 PROBE-server 133
1790397544.080231617 1072994 iou-wrk-1072987 0
1790397544.080231617 1073047 iou-wrk-1072993 0
1790397544.286898803 1072987 PROBE-server 157
1790397544.286898803 1072993 PROBE-server 144
1790397544.286898803 1072994 iou-wrk-1072987 0
1790397544.286898803 1073047 iou-wrk-1072993 0
1790397544.492779336 1072987 PROBE-server 170
1790397544.492779336 1072993 PROBE-server 155
1790397544.492779336 1072994 iou-wrk-1072987 0
1790397544.492779336 1073047 iou-wrk-1072993 0
1790397544.700329027 1072987 PROBE-server 182
1790397544.700329027 1072993 PROBE-server 166
1790397544.700329027 1072994 iou-wrk-1072987 0
1790397544.700329027 1073047 iou-wrk-1072993 0
1790397544.906305429 1072987 PROBE-server 194
1790397544.906305429 1072993 PROBE-server 177
1790397544.906305429 1072994 iou-wrk-1072987 0
1790397544.906305429 1073047 iou-wrk-1072993 0
1790397545.113000536 1072987 PROBE-server 207
1790397545.113000536 1072993 PROBE-server 189
1790397545.113000536 1072994 iou-wrk-1072987 0
1790397545.113000536 1073047 iou-wrk-1072993 0
1790397545.320763757 1072987 PROBE-server 218
1790397545.320763757 1072993 PROBE-server 199
1790397545.320763757 1072994 iou-wrk-1072987 0
1790397545.320763757 1073047 iou-wrk-1072993 0
1790397545.527353644 1072987 PROBE-server 231
1790397545.527353644 1072993 PROBE-server 210
1790397545.527353644 1072994 iou-wrk-1072987 0
1790397545.527353644 1073047 iou-wrk-1072993 0
1790397545.733293437 1072987 PROBE-server 243
1790397545.733293437 1072993 PROBE-server 222
1790397545.733293437 1072994 iou-wrk-1072987 0
1790397545.733293437 1073047 iou-wrk-1072993 0
1790397545.939985153 1072987 PROBE-server 255
1790397545.939985153 1072993 PROBE-server 233
1790397545.939985153 1072994 iou-wrk-1072987 0
1790397545.939985153 1073047 iou-wrk-1072993 0
1790397546.147133522 1072987 PROBE-server 268
1790397546.147133522 1072993 PROBE-server 244
1790397546.147133522 1072994 iou-wrk-1072987 0
1790397546.147133522 1073047 iou-wrk-1072993 0
1790397546.353718238 1072987 PROBE-server 280
1790397546.353718238 1072993 PROBE-server 255
1790397546.353718238 1072994 iou-wrk-1072987 0
1790397546.353718238 1073047 iou-wrk-1072993 0
1790397546.559466671 1072987 PROBE-server 292
1790397546.559466671 1072993 PROBE-server 266
1790397546.559466671 1072994 iou-wrk-1072987 0
1790397546.559466671 1073047 iou-wrk-1072993 0
1790397546.766016977 1072987 PROBE-server 304
1790397546.766016977 1072993 PROBE-server 278
1790397546.766016977 1072994 iou-wrk-1072987 0
1790397546.766016977 1073047 iou-wrk-1072993 0
1790397546.973252596 1072987 PROBE-server 317
1790397546.973252596 1072993 PROBE-server 288
1790397546.973252596 1072994 iou-wrk-1072987 0
1790397546.973252596 1073047 iou-wrk-1072993 0
1790397547.180572445 1072987 PROBE-server 328
1790397547.180572445 1072993 PROBE-server 300
1790397547.180572445 1072994 iou-wrk-1072987 0
1790397547.180572445 1073047 iou-wrk-1072993 0
1790397547.387340113 1072987 PROBE-server 341
1790397547.387340113 1072993 PROBE-server 311
1790397547.387340113 1072994 iou-wrk-1072987 0
1790397547.387340113 1073047 iou-wrk-1072993 0
1790397547.594521002 1072987 PROBE-server 353
1790397547.594521002 1072993 PROBE-server 322
1790397547.594521002 1072994 iou-wrk-1072987 0
1790397547.594521002 1073047 iou-wrk-1072993 0
1790397547.800978477 1072987 PROBE-server 365
1790397547.800978477 1072993 PROBE-server 334
1790397547.800978477 1072994 iou-wrk-1072987 0
1790397547.800978477 1073047 iou-wrk-1072993 0
1790397548.007376433 1072987 PROBE-server 376
1790397548.007376433 1072993 PROBE-server 345
1790397548.007376433 1072994 iou-wrk-1072987 0
1790397548.007376433 1073047 iou-wrk-1072993 0
1790397548.213663828 1072987 PROBE-server 388
1790397548.213663828 1072993 PROBE-server 356
1790397548.213663828 1072994 iou-wrk-1072987 0
1790397548.213663828 1073047 iou-wrk-1072993 0
1790397548.421132728 1072987 PROBE-server 401
1790397548.421132728 1072993 PROBE-server 366
1790397548.421132728 1072994 iou-wrk-1072987 0
1790397548.421132728 1073047 iou-wrk-1072993 0
1790397548.628242577 1072987 PROBE-server 412
1790397548.628242577 1072993 PROBE-server 377
1790397548.628242577 1072994 iou-wrk-1072987 0
1790397548.628242577 1073047 iou-wrk-1072993 0
1790397548.834763553 1072987 PROBE-server 425
1790397548.834763553 1072993 PROBE-server 389
1790397548.834763553 1072994 iou-wrk-1072987 0
1790397548.834763553 1073047 iou-wrk-1072993 0
1790397549.041697941 1072987 PROBE-server 437
1790397549.041697941 1072993 PROBE-server 400
1790397549.041697941 1072994 iou-wrk-1072987 0
1790397549.041697941 1073047 iou-wrk-1072993 0
1790397549.248214977 1072987 PROBE-server 449
1790397549.248214977 1072993 PROBE-server 411
1790397549.248214977 1072994 iou-wrk-1072987 0
1790397549.248214977 1073047 iou-wrk-1072993 0
1790397549.455331126 1072987 PROBE-server 461
1790397549.455331126 1072993 PROBE-server 422
1790397549.455331126 1072994 iou-wrk-1072987 0
1790397549.455331126 1073047 iou-wrk-1072993 0
1790397549.662336835 1072987 PROBE-server 473
1790397549.662336835 1072993 PROBE-server 433
1790397549.662336835 1072994 iou-wrk-1072987 0
1790397549.662336835 1073047 iou-wrk-1072993 0
1790397549.869200962 1072987 PROBE-server 485
1790397549.869200962 1072993 PROBE-server 444
1790397549.869200962 1072994 iou-wrk-1072987 0
1790397549.869200962 1073047 iou-wrk-1072993 0
1790397550.075905749 1072987 PROBE-server 498
1790397550.075905749 1072993 PROBE-server 456
1790397550.075905749 1072994 iou-wrk-1072987 0
1790397550.075905749 1073047 iou-wrk-1072993 0
1790397550.283047959 1072987 PROBE-server 510
1790397550.283047959 1072993 PROBE-server 467
1790397550.283047959 1072994 iou-wrk-1072987 0
1790397550.283047959 1073047 iou-wrk-1072993 0
1790397550.490290148 1072987 PROBE-server 522
1790397550.490290148 1072993 PROBE-server 478
1790397550.490290148 1072994 iou-wrk-1072987 0
1790397550.490290148 1073047 iou-wrk-1072993 0
1790397550.697141866 1072987 PROBE-server 533
1790397550.697141866 1072993 PROBE-server 489
1790397550.697141866 1072994 iou-wrk-1072987 0
1790397550.697141866 1073047 iou-wrk-1072993 0
1790397550.903293640 1072987 PROBE-server 546
1790397550.903293640 1072993 PROBE-server 500
1790397550.903293640 1072994 iou-wrk-1072987 0
1790397550.903293640 1073047 iou-wrk-1072993 0
1790397551.109967308 1072987 PROBE-server 558
1790397551.109967308 1072993 PROBE-server 511
1790397551.109967308 1072994 iou-wrk-1072987 0
1790397551.109967308 1073047 iou-wrk-1072993 0
1790397551.317099697 1072987 PROBE-server 569
1790397551.317099697 1072993 PROBE-server 522
1790397551.317099697 1072994 iou-wrk-1072987 0
1790397551.317099697 1073047 iou-wrk-1072993 0
1790397551.523943405 1072987 PROBE-server 581
1790397551.523943405 1072993 PROBE-server 533
1790397551.523943405 1072994 iou-wrk-1072987 0
1790397551.523943405 1073047 iou-wrk-1072993 0
1790397551.730578632 1072987 PROBE-server 593
1790397551.730578632 1072993 PROBE-server 545
1790397551.730578632 1072994 iou-wrk-1072987 0
1790397551.730578632 1073047 iou-wrk-1072993 0
1790397551.936939328 1072987 PROBE-server 605
1790397551.936939328 1072993 PROBE-server 555
1790397551.936939328 1072994 iou-wrk-1072987 0
1790397551.936939328 1073047 iou-wrk-1072993 0
1790397552.143437554 1072987 PROBE-server 617
1790397552.143437554 1072993 PROBE-server 567
1790397552.143437554 1072994 iou-wrk-1072987 0
1790397552.143437554 1073047 iou-wrk-1072993 0
1790397552.349847090 1072987 PROBE-server 630
1790397552.349847090 1072993 PROBE-server 578
1790397552.349847090 1072994 iou-wrk-1072987 0
1790397552.349847090 1073047 iou-wrk-1072993 0
1790397552.556597568 1072987 PROBE-server 641
1790397552.556597568 1072993 PROBE-server 589
1790397552.556597568 1072994 iou-wrk-1072987 0
1790397552.556597568 1073047 iou-wrk-1072993 0
1790397552.763188554 1072987 PROBE-server 645
1790397552.763188554 1072993 PROBE-server 592
1790397552.763188554 1072994 iou-wrk-1072987 0
1790397552.763188554 1073047 iou-wrk-1072993 0
