1790397441.891260981 1065757 PROBE-server 0
1790397441.891260981 1065763 PROBE-server 0
1790397441.891260981 1065764 iou-wrk-1065757 0
1790397442.097686524 1065757 PROBE-server 12
1790397442.097686524 1065763 PROBE-server 10
1790397442.097686524 1065764 iou-wrk-1065757 0
1790397442.303507274 1065757 PROBE-server 23
1790397442.303507274 1065763 PROBE-server 21
1790397442.303507274 1065764 iou-wrk-1065757 0
1790397442.508033909 1065757 PROBE-server 35
1790397442.508033909 1065763 PROBE-server 32
1790397442.508033909 1065764 iou-wrk-1065757 0
1790397442.712953965 1065757 PROBE-server 48
1790397442.712953965 1065763 PROBE-server 43
1790397442.712953965 1065764 iou-wrk-1065757 0
1790397442.917754170 1065757 PROBE-server 61
1790397442.917754170 1065763 PROBE-server 55
1790397442.917754170 1065764 iou-wrk-1065757 0
1790397443.123545280 1065757 PROBE-server 73
1790397443.123545280 1065763 PROBE-server 65
1790397443.123545280 1065764 iou-wrk-1065757 0
1790397443.328634577 1065757 PROBE-server 85
1790397443.328634577 1065763 PROBE-server 77
1790397443.328634577 1065764 iou-wrk-1065757 0
1790397443.533712324 1065757 PROBE-server 96
1790397443.533712324 1065763 PROBE-server 87
1790397443.533712324 1065764 iou-wrk-1065757 0
1790397443.739564524 1065757 PROBE-server 109
1790397443.739564524 1065763 PROBE-server 99
1790397443.739564524 1065764 iou-wrk-1065757 0
1790397443.944799612 1065757 PROBE-server 121
1790397443.944799612 1065763 PROBE-server 110
1790397443.944799612 1065764 iou-wrk-1065757 0
1790397444.150223451 1065757 PROBE-server 133
1790397444.150223451 1065763 PROBE-server 121
1790397444.150223451 1065764 iou-wrk-1065757 0
1790397444.355511029 1065757 PROBE-server 145
1790397444.355511029 1065763 PROBE-server 131
1790397444.355511029 1065764 iou-wrk-1065757 0
1790397444.561130148 1065757 PROBE-server 157
1790397444.561130148 1065763 PROBE-server 143
1790397444.561130148 1065764 iou-wrk-1065757 0
1790397444.766430276 1065757 PROBE-server 169
1790397444.766430276 1065763 PROBE-server 154
1790397444.766430276 1065764 iou-wrk-1065757 0
1790397444.972572818 1065757 PROBE-server 182
1790397444.972572818 1065763 PROBE-server 166
1790397444.972572818 1065764 iou-wrk-1065757 0
1790397445.178454759 1065757 PROBE-server 195
1790397445.178454759 1065763 PROBE-server 176
1790397445.178454759 1065764 iou-wrk-1065757 0
1790397445.383975968 1065757 PROBE-server 206
1790397445.383975968 1065763 PROBE-server 187
1790397445.383975968 1065764 iou-wrk-1065757 0
1790397445.589418877 1065757 PROBE-server 219
1790397445.589418877 1065763 PROBE-server 198
1790397445.589418877 1065764 iou-wrk-1065757 0
1790397445.795585919 1065757 PROBE-server 231
1790397445.795585919 1065763 PROBE-server 209
1790397445.795585919 1065764 iou-wrk-1065757 0
1790397446.000324424 1065757 PROBE-server 243
1790397446.000324424 1065763 PROBE-server 220
1790397446.000324424 1065764 iou-wrk-1065757 0
1790397446.205523842 1065757 PROBE-server 256
1790397446.205523842 1065763 PROBE-server 232
1790397446.205523842 1065764 iou-wrk-1065757 0
1790397446.411545264 1065757 PROBE-server 267
1790397446.411545264 1065763 PROBE-server 243
1790397446.411545264 1065764 iou-wrk-1065757 0
1790397446.617670336 1065757 PROBE-server 280
1790397446.617670336 1065763 PROBE-server 254
1790397446.617670336 1065764 iou-wrk-1065757 0
1790397446.823377186 1065757 PROBE-server 293
1790397446.823377186 1065763 PROBE-server 265
1790397446.823377186 1065764 iou-wrk-1065757 0
1790397447.029343307 1065757 PROBE-server 305
1790397447.029343307 1065763 PROBE-server 276
1790397447.029343307 1065764 iou-wrk-1065757 0
1790397447.234711336 1065757 PROBE-server 317
1790397447.234711336 1065763 PROBE-server 288
1790397447.234711336 1065764 iou-wrk-1065757 0
1790397447.440037804 1065757 PROBE-server 329
1790397447.440037804 1065763 PROBE-server 299
1790397447.440037804 1065764 iou-wrk-1065757 0
1790397447.645274552 1065757 PROBE-server 341
1790397447.645274552 1065763 PROBE-server 309
1790397447.645274552 1065764 iou-wrk-1065757 0
1790397447.850766842 1065757 PROBE-server 354
1790397447.850766842 1065763 PROBE-server 320
1790397447.850766842 1065764 iou-wrk-1065757 0
1790397448.056584233 1065757 PROBE-server 366
1790397448.056584233 1065763 PROBE-server 332
1790397448.056584233 1065764 iou-wrk-1065757 0
1790397448.262359363 1065757 PROBE-server 378
1790397448.262359363 1065763 PROBE-server 343
1790397448.262359363 1065764 iou-wrk-1065757 0
1790397448.468517036 1065757 PROBE-server 390
1790397448.468517036 1065763 PROBE-server 354
1790397448.468517036 1065764 iou-wrk-1065757 0
1790397448.674198646 1065757 PROBE-server 402
1790397448.674198646 1065763 PROBE-server 365
1790397448.674198646 1065764 iou-wrk-1065757 0
1790397448.879373924 1065757 PROBE-server 415
1790397448.879373924 1065763 PROBE-server 376
1790397448.879373924 1065764 iou-wrk-1065757 0
1790397449.084979454 1065757 PROBE-server 426
1790397449.084979454 1065763 PROBE-server 387
1790397449.084979454 1065764 iou-wrk-1065757 0
1790397449.291233087 1065757 PROBE-server 439
1790397449.291233087 1065763 PROBE-server 399
1790397449.291233087 1065764 iou-wrk-1065757 0
1790397449.497249509 1065757 PROBE-server 451
1790397449.497249509 1065763 PROBE-server 410
1790397449.497249509 1065764 iou-wrk-1065757 0
1790397449.702261906 1065757 PROBE-server 464
1790397449.702261906 1065763 PROBE-server 421
1790397449.702261906 1065764 iou-wrk-1065757 0
1790397449.908039937 1065757 PROBE-server 475
1790397449.908039937 1065763 PROBE-server 432
1790397449.908039937 1065764 iou-wrk-1065757 0
1790397450.114193630 1065757 PROBE-server 487
1790397450.114193630 1065763 PROBE-server 443
1790397450.114193630 1065764 iou-wrk-1065757 0
1790397450.319552399 1065757 PROBE-server 500
1790397450.319552399 1065763 PROBE-server 454
1790397450.319552399 1065764 iou-wrk-1065757 0
1790397450.525709241 1065757 PROBE-server 512
1790397450.525709241 1065763 PROBE-server 465
1790397450.525709241 1065764 iou-wrk-1065757 0
1790397450.731455172 1065757 PROBE-server 524
1790397450.731455172 1065763 PROBE-server 476
1790397450.731455172 1065764 iou-wrk-1065757 0
1790397450.937161063 1065757 PROBE-server 537
1790397450.937161063 1065763 PROBE-server 487
1790397450.937161063 1065764 iou-wrk-1065757 0
1790397451.142380401 1065757 PROBE-server 549
1790397451.142380401 1065763 PROBE-server 499
1790397451.142380401 1065764 iou-wrk-1065757 0
1790397451.348164553 1065757 PROBE-server 561
1790397451.348164553 1065763 PROBE-server 510
1790397451.348164553 1065764 iou-wrk-1065757 0
1790397451.553836023 1065757 PROBE-server 573
1790397451.553836023 1065763 PROBE-server 521
1790397451.553836023 1065764 iou-wrk-1065757 0
1790397451.759768535 1065757 PROBE-server 585
1790397451.759768535 1065763 PROBE-server 532
1790397451.759768535 1065764 iou-wrk-1065757 0
1790397451.964654182 1065757 PROBE-server 597
1790397451.964654182 1065763 PROBE-server 543
1790397451.964654182 1065764 iou-wrk-1065757 0
1790397452.170085532 1065757 PROBE-server 610
1790397452.170085532 1065763 PROBE-server 553
1790397452.170085532 1065764 iou-wrk-1065757 0
1790397452.376125774 1065757 PROBE-server 622
1790397452.376125774 1065763 PROBE-server 566
1790397452.376125774 1065764 iou-wrk-1065757 0
1790397452.581353623 1065757 PROBE-server 634
1790397452.581353623 1065763 PROBE-server 576
1790397452.581353623 1065764 iou-wrk-1065757 0
1790397452.787176574 1065757 PROBE-server 646
1790397452.787176574 1065763 PROBE-server 587
1790397452.787176574 1065764 iou-wrk-1065757 0
1790397452.993167167 1065757 PROBE-server 653
1790397452.993167167 1065763 PROBE-server 594
1790397452.993167167 1065764 iou-wrk-1065757 0
