1790397346.932862479 1058239 PROBE-server 0
1790397346.932862479 1058245 PROBE-server 0
1790397346.932862479 1058246 iou-wrk-1058239 0
1790397347.139057237 1058239 PROBE-server 11
1790397347.139057237 1058245 PROBE-server 11
1790397347.139057237 1058246 iou-wrk-1058239 0
1790397347.344608752 1058239 PROBE-server 23
1790397347.344608752 1058245 PROBE-server 21
1790397347.344608752 1058246 iou-wrk-1058239 0
1790397347.549757665 1058239 PROBE-server 34
1790397347.549757665 1058245 PROBE-server 33
1790397347.549757665 1058246 iou-wrk-1058239 0
1790397347.756450605 1058239 PROBE-server 47
1790397347.756450605 1058245 PROBE-server 45
1790397347.756450605 1058246 iou-wrk-1058239 0
1790397347.961804739 1058239 PROBE-server 58
1790397347.961804739 1058245 PROBE-server 56
1790397347.961804739 1058246 iou-wrk-1058239 0
1790397348.166914982 1058239 PROBE-server 70
1790397348.166914982 1058245 PROBE-server 67
1790397348.166914982 1058246 iou-wrk-1058239 0
1790397348.372523127 1058239 PROBE-server 81
1790397348.372523127 1058245 PROBE-server 79
1790397348.372523127 1058246 iou-wrk-1058239 0
1790397348.577554520 1058239 PROBE-server 93
1790397348.577554520 1058245 PROBE-server 89
1790397348.577554520 1058246 iou-wrk-1058239 0
1790397348.782450042 1058239 PROBE-server 105
1790397348.782450042 1058245 PROBE-server 101
1790397348.782450042 1058246 iou-wrk-1058239 0
1790397348.987745156 1058239 PROBE-server 117
1790397348.987745156 1058245 PROBE-server 112
1790397348.987745156 1058246 iou-wrk-1058239 0
1790397349.193416892 1058239 PROBE-server 128
1790397349.193416892 1058245 PROBE-server 124
1790397349.193416892 1058246 iou-wrk-1058239 0
1790397349.399585200 1058239 PROBE-server 140
1790397349.399585200 1058245 PROBE-server 135
1790397349.399585200 1058246 iou-wrk-1058239 0
1790397349.605088215 1058239 PROBE-server 152
1790397349.605088215 1058245 PROBE-server 146
1790397349.605088215 1058246 iou-wrk-1058239 0
1790397349.810480430 1058239 PROBE-server 164
1790397349.810480430 1058245 PROBE-server 158
1790397349.810480430 1058246 iou-wrk-1058239 0
1790397350.016602197 1058239 PROBE-server 175
1790397350.016602197 1058245 PROBE-server 169
1790397350.016602197 1058246 iou-wrk-1058239 0
1790397350.221788921 1058239 PROBE-server 188
1790397350.221788921 1058245 PROBE-server 180
1790397350.221788921 1058246 iou-wrk-1058239 0
1790397350.427624258 1058239 PROBE-server 199
1790397350.427624258 1058245 PROBE-server 191
1790397350.427624258 1058246 iou-wrk-1058239 0
1790397350.633025702 1058239 PROBE-server 212
1790397350.633025702 1058245 PROBE-server 203
1790397350.633025702 1058246 iou-wrk-1058239 0
1790397350.839122180 1058239 PROBE-server 223
1790397350.839122180 1058245 PROBE-server 214
1790397350.839122180 1058246 iou-wrk-1058239 0
1790397351.045242958 1058239 PROBE-server 235
1790397351.045242958 1058245 PROBE-server 226
1790397351.045242958 1058246 iou-wrk-1058239 0
1790397351.250086761 1058239 PROBE-server 246
1790397351.250086761 1058245 PROBE-server 236
1790397351.250086761 1058246 iou-wrk-1058239 0
1790397351.456188739 1058239 PROBE-server 259
1790397351.456188739 1058245 PROBE-server 249
1790397351.456188739 1058246 iou-wrk-1058239 0
1790397351.662194426 1058239 PROBE-server 271
1790397351.662194426 1058245 PROBE-server 260
1790397351.662194426 1058246 iou-wrk-1058239 0
1790397351.867987813 1058239 PROBE-server 282
1790397351.867987813 1058245 PROBE-server 271
1790397351.867987813 1058246 iou-wrk-1058239 0
1790397352.073519718 1058239 PROBE-server 294
1790397352.073519718 1058245 PROBE-server 282
1790397352.073519718 1058246 iou-wrk-1058239 0
1790397352.278453711 1058239 PROBE-server 306
1790397352.278453711 1058245 PROBE-server 294
1790397352.278453711 1058246 iou-wrk-1058239 0
1790397352.483314524 1058239 PROBE-server 317
1790397352.483314524 1058245 PROBE-server 305
1790397352.483314524 1058246 iou-wrk-1058239 0
1790397352.688167097 1058239 PROBE-server 328
1790397352.688167097 1058245 PROBE-server 315
1790397352.688167097 1058246 iou-wrk-1058239 0
1790397352.893071810 1058239 PROBE-server 340
1790397352.893071810 1058245 PROBE-server 327
1790397352.893071810 1058246 iou-wrk-1058239 0
1790397353.098938417 1058239 PROBE-server 352
1790397353.098938417 1058245 PROBE-server 338
1790397353.098938417 1058246 iou-wrk-1058239 0
1790397353.304271662 1058239 PROBE-server 364
1790397353.304271662 1058245 PROBE-server 350
1790397353.304271662 1058246 iou-wrk-1058239 0
1790397353.509665587 1058239 PROBE-server 377
1790397353.509665587 1058245 PROBE-server 361
1790397353.509665587 1058246 iou-wrk-1058239 0
1790397353.714726831 1058239 PROBE-server 388
1790397353.714726831 1058245 PROBE-server 372
1790397353.714726831 1058246 iou-wrk-1058239 0
1790397353.919553403 1058239 PROBE-server 399
1790397353.919553403 1058245 PROBE-server 384
1790397353.919553403 1058246 iou-wrk-1058239 0
1790397354.124103765 1058239 PROBE-server 412
1790397354.124103765 1058245 PROBE-server 395
1790397354.124103765 1058246 iou-wrk-1058239 0
1790397354.329586931 1058239 PROBE-server 423
1790397354.329586931 1058245 PROBE-server 406
1790397354.329586931 1058246 iou-wrk-1058239 0
1790397354.535149287 1058239 PROBE-server 435
1790397354.535149287 1058245 PROBE-server 418
1790397354.535149287 1058246 iou-wrk-1058239 0
1790397354.739839739 1058239 PROBE-server 446
1790397354.739839739 1058245 PROBE-server 429
1790397354.739839739 1058246 iou-wrk-1058239 0
1790397354.945136604 1058239 PROBE-server 459
1790397354.945136604 1058245 PROBE-server 440
1790397354.945136604 1058246 iou-wrk-1058239 0
1790397355.150580700 1058239 PROBE-server 470
1790397355.150580700 1058245 PROBE-server 451
1790397355.150580700 1058246 iou-wrk-1058239 0
1790397355.356984670 1058239 PROBE-server 482
1790397355.356984670 1058245 PROBE-server 462
1790397355.356984670 1058246 iou-wrk-1058239 0
1790397355.562481755 1058239 PROBE-server 494
1790397355.562481755 1058245 PROBE-server 474
1790397355.562481755 1058246 iou-wrk-1058239 0
1790397355.768159712 1058239 PROBE-server 505
1790397355.768159712 1058245 PROBE-server 485
1790397355.768159712 1058246 iou-wrk-1058239 0
1790397355.973439457 1058239 PROBE-server 517
1790397355.973439457 1058245 PROBE-server 496
1790397355.973439457 1058246 iou-wrk-1058239 0
1790397356.178653562 1058239 PROBE-server 530
1790397356.178653562 1058245 PROBE-server 508
1790397356.178653562 1058246 iou-wrk-1058239 0
1790397356.383649836 1058239 PROBE-server 541
1790397356.383649836 1058245 PROBE-server 518
1790397356.383649836 1058246 iou-wrk-1058239 0
1790397356.588934231 1058239 PROBE-server 553
1790397356.588934231 1058245 PROBE-server 530
1790397356.588934231 1058246 iou-wrk-1058239 0
1790397356.793320492 1058239 PROBE-server 565
1790397356.793320492 1058245 PROBE-server 541
1790397356.793320492 1058246 iou-wrk-1058239 0
1790397356.999224720 1058239 PROBE-server 576
1790397356.999224720 1058245 PROBE-server 552
1790397356.999224720 1058246 iou-wrk-1058239 0
1790397357.204460315 1058239 PROBE-server 588
1790397357.204460315 1058245 PROBE-server 563
1790397357.204460315 1058246 iou-wrk-1058239 0
1790397357.409528900 1058239 PROBE-server 599
1790397357.409528900 1058245 PROBE-server 575
1790397357.409528900 1058246 iou-wrk-1058239 0
1790397357.615383618 1058239 PROBE-server 612
1790397357.615383618 1058245 PROBE-server 586
1790397357.615383618 1058246 iou-wrk-1058239 0
1790397357.820378552 1058239 PROBE-server 624
1790397357.820378552 1058245 PROBE-server 597
1790397357.820378552 1058246 iou-wrk-1058239 0
1790397358.026202099 1058239 PROBE-server 631
1790397358.026202099 1058245 PROBE-server 603
1790397358.026202099 1058246 iou-wrk-1058239 0
