1790397402.557084366 1062385 PROBE-server 0
1790397402.557084366 1062391 PROBE-server 0
1790397402.557084366 1062392 iou-wrk-1062385 0
1790397402.763611894 1062385 PROBE-server 19
1790397402.763611894 1062391 PROBE-server 0
1790397402.763611894 1062392 iou-wrk-1062385 0
1790397402.763611894 1062442 iou-wrk-1062391 0
1790397402.970670113 1062385 PROBE-server 40
1790397402.970670113 1062391 PROBE-server 0
1790397402.970670113 1062392 iou-wrk-1062385 0
1790397402.970670113 1062442 iou-wrk-1062391 0
1790397403.177386942 1062385 PROBE-server 59
1790397403.177386942 1062391 PROBE-server 0
1790397403.177386942 1062392 iou-wrk-1062385 0
1790397403.177386942 1062442 iou-wrk-1062391 0
1790397403.384282212 1062385 PROBE-server 80
1790397403.384282212 1062391 PROBE-server 0
1790397403.384282212 1062392 iou-wrk-1062385 0
1790397403.384282212 1062442 iou-wrk-1062391 0
1790397403.591207411 1062385 PROBE-server 100
1790397403.591207411 1062391 PROBE-server 0
1790397403.591207411 1062392 iou-wrk-1062385 0
1790397403.591207411 1062442 iou-wrk-1062391 0
1790397403.798071240 1062385 PROBE-server 120
1790397403.798071240 1062391 PROBE-server 0
1790397403.798071240 1062392 iou-wrk-1062385 0
1790397403.798071240 1062442 iou-wrk-1062391 0
1790397404.005052750 1062385 PROBE-server 140
1790397404.005052750 1062391 PROBE-server 0
1790397404.005052750 1062392 iou-wrk-1062385 0
1790397404.005052750 1062442 iou-wrk-1062391 0
1790397404.211635768 1062385 PROBE-server 161
1790397404.211635768 1062391 PROBE-server 0
1790397404.211635768 1062392 iou-wrk-1062385 0
1790397404.211635768 1062442 iou-wrk-1062391 0
1790397404.418136926 1062385 PROBE-server 181
1790397404.418136926 1062391 PROBE-server 0
1790397404.418136926 1062392 iou-wrk-1062385 0
1790397404.418136926 1062442 iou-wrk-1062391 0
1790397404.624620624 1062385 PROBE-server 202
1790397404.624620624 1062391 PROBE-server 0
1790397404.624620624 1062392 iou-wrk-1062385 0
1790397404.624620624 1062442 iou-wrk-1062391 0
1790397404.830708110 1062385 PROBE-server 222
1790397404.830708110 1062391 PROBE-server 0
1790397404.830708110 1062392 iou-wrk-1062385 0
1790397404.830708110 1062442 iou-wrk-1062391 0
1790397405.037695220 1062385 PROBE-server 242
1790397405.037695220 1062391 PROBE-server 0
1790397405.037695220 1062392 iou-wrk-1062385 0
1790397405.037695220 1062442 iou-wrk-1062391 0
1790397405.244713120 1062385 PROBE-server 262
1790397405.244713120 1062391 PROBE-server 0
1790397405.244713120 1062392 iou-wrk-1062385 0
1790397405.244713120 1062442 iou-wrk-1062391 0
1790397405.451445129 1062385 PROBE-server 282
1790397405.451445129 1062391 PROBE-server 0
1790397405.451445129 1062392 iou-wrk-1062385 0
1790397405.451445129 1062442 iou-wrk-1062391 0
1790397405.658068168 1062385 PROBE-server 302
1790397405.658068168 1062391 PROBE-server 0
1790397405.658068168 1062392 iou-wrk-1062385 0
1790397405.658068168 1062442 iou-wrk-1062391 0
1790397405.864467465 1062385 PROBE-server 323
1790397405.864467465 1062391 PROBE-server 0
1790397405.864467465 1062392 iou-wrk-1062385 0
1790397405.864467465 1062442 iou-wrk-1062391 0
1790397406.070437591 1062385 PROBE-server 343
1790397406.070437591 1062391 PROBE-server 0
1790397406.070437591 1062392 iou-wrk-1062385 0
1790397406.070437591 1062442 iou-wrk-1062391 0
1790397406.277219741 1062385 PROBE-server 364
1790397406.277219741 1062391 PROBE-server 0
1790397406.277219741 1062392 iou-wrk-1062385 0
1790397406.277219741 1062442 iou-wrk-1062391 0
1790397406.484501682 1062385 PROBE-server 384
1790397406.484501682 1062391 PROBE-server 0
1790397406.484501682 1062392 iou-wrk-1062385 0
1790397406.484501682 1062442 iou-wrk-1062391 0
1790397406.691313452 1062385 PROBE-server 404
1790397406.691313452 1062391 PROBE-server 0
1790397406.691313452 1062392 iou-wrk-1062385 0
1790397406.691313452 1062442 iou-wrk-1062391 0
1790397406.898284412 1062385 PROBE-server 424
1790397406.898284412 1062391 PROBE-server 0
1790397406.898284412 1062392 iou-wrk-1062385 0
1790397406.898284412 1062442 iou-wrk-1062391 0
1790397407.104859170 1062385 PROBE-server 445
1790397407.104859170 1062391 PROBE-server 0
1790397407.104859170 1062392 iou-wrk-1062385 0
1790397407.104859170 1062442 iou-wrk-1062391 0
1790397407.312061752 1062385 PROBE-server 465
1790397407.312061752 1062391 PROBE-server 0
1790397407.312061752 1062392 iou-wrk-1062385 0
1790397407.312061752 1062442 iou-wrk-1062391 0
1790397407.518884361 1062385 PROBE-server 485
1790397407.518884361 1062391 PROBE-server 0
1790397407.518884361 1062392 iou-wrk-1062385 0
1790397407.518884361 1062442 iou-wrk-1062391 0
1790397407.725048738 1062385 PROBE-server 505
1790397407.725048738 1062391 PROBE-server 0
1790397407.725048738 1062392 iou-wrk-1062385 0
1790397407.725048738 1062442 iou-wrk-1062391 0
1790397407.931523916 1062385 PROBE-server 526
1790397407.931523916 1062391 PROBE-server 0
1790397407.931523916 1062392 iou-wrk-1062385 0
1790397407.931523916 1062442 iou-wrk-1062391 0
1790397408.138381006 1062385 PROBE-server 546
1790397408.138381006 1062391 PROBE-server 0
1790397408.138381006 1062392 iou-wrk-1062385 0
1790397408.138381006 1062442 iou-wrk-1062391 0
1790397408.344702074 1062385 PROBE-server 567
1790397408.344702074 1062391 PROBE-server 0
1790397408.344702074 1062392 iou-wrk-1062385 0
1790397408.344702074 1062442 iou-wrk-1062391 0
1790397408.551146892 1062385 PROBE-server 587
1790397408.551146892 1062391 PROBE-server 0
1790397408.551146892 1062392 iou-wrk-1062385 0
1790397408.551146892 1062442 iou-wrk-1062391 0
1790397408.757776711 1062385 PROBE-server 607
1790397408.757776711 1062391 PROBE-server 0
1790397408.757776711 1062392 iou-wrk-1062385 0
1790397408.757776711 1062442 iou-wrk-1062391 0
1790397408.964702971 1062385 PROBE-server 627
1790397408.964702971 1062391 PROBE-server 0
1790397408.964702971 1062392 iou-wrk-1062385 0
1790397408.964702971 1062442 iou-wrk-1062391 0
1790397409.171590612 1062385 PROBE-server 647
1790397409.171590612 1062391 PROBE-server 0
1790397409.171590612 1062392 iou-wrk-1062385 0
1790397409.171590612 1062442 iou-wrk-1062391 0
1790397409.378528902 1062385 PROBE-server 668
1790397409.378528902 1062391 PROBE-server 0
1790397409.378528902 1062392 iou-wrk-1062385 0
1790397409.378528902 1062442 iou-wrk-1062391 0
1790397409.585199831 1062385 PROBE-server 688
1790397409.585199831 1062391 PROBE-server 0
1790397409.585199831 1062392 iou-wrk-1062385 0
1790397409.585199831 1062442 iou-wrk-1062391 0
1790397409.791868051 1062385 PROBE-server 708
1790397409.791868051 1062391 PROBE-server 0
1790397409.791868051 1062392 iou-wrk-1062385 0
1790397409.791868051 1062442 iou-wrk-1062391 0
1790397409.997899287 1062385 PROBE-server 728
1790397409.997899287 1062391 PROBE-server 1
1790397409.997899287 1062392 iou-wrk-1062385 0
1790397409.997899287 1062442 iou-wrk-1062391 0
1790397410.204852278 1062385 PROBE-server 749
1790397410.204852278 1062391 PROBE-server 1
1790397410.204852278 1062392 iou-wrk-1062385 0
1790397410.204852278 1062442 iou-wrk-1062391 0
1790397410.411463347 1062385 PROBE-server 769
1790397410.411463347 1062391 PROBE-server 1
1790397410.411463347 1062392 iou-wrk-1062385 0
1790397410.411463347 1062442 iou-wrk-1062391 0
1790397410.618232337 1062385 PROBE-server 789
1790397410.618232337 1062391 PROBE-server 1
1790397410.618232337 1062392 iou-wrk-1062385 0
1790397410.618232337 1062442 iou-wrk-1062391 0
1790397410.825382039 1062385 PROBE-server 809
1790397410.825382039 1062391 PROBE-server 1
1790397410.825382039 1062392 iou-wrk-1062385 0
1790397410.825382039 1062442 iou-wrk-1062391 0
1790397411.033083833 1062385 PROBE-server 830
1790397411.033083833 1062391 PROBE-server 1
1790397411.033083833 1062392 iou-wrk-1062385 0
1790397411.033083833 1062442 iou-wrk-1062391 0
1790397411.239732762 1062385 PROBE-server 850
1790397411.239732762 1062391 PROBE-server 1
1790397411.239732762 1062392 iou-wrk-1062385 0
1790397411.239732762 1062442 iou-wrk-1062391 0
1790397411.446543872 1062385 PROBE-server 871
1790397411.446543872 1062391 PROBE-server 1
1790397411.446543872 1062392 iou-wrk-1062385 0
1790397411.446543872 1062442 iou-wrk-1062391 0
1790397411.653621984 1062385 PROBE-server 891
1790397411.653621984 1062391 PROBE-server 1
1790397411.653621984 1062392 iou-wrk-1062385 0
1790397411.653621984 1062442 iou-wrk-1062391 0
1790397411.860368604 1062385 PROBE-server 912
1790397411.860368604 1062391 PROBE-server 1
1790397411.860368604 1062392 iou-wrk-1062385 0
1790397411.860368604 1062442 iou-wrk-1062391 0
1790397412.066979813 1062385 PROBE-server 932
1790397412.066979813 1062391 PROBE-server 1
1790397412.066979813 1062392 iou-wrk-1062385 0
1790397412.066979813 1062442 iou-wrk-1062391 0
1790397412.274171145 1062385 PROBE-server 952
1790397412.274171145 1062391 PROBE-server 1
1790397412.274171145 1062392 iou-wrk-1062385 0
1790397412.274171145 1062442 iou-wrk-1062391 0
1790397412.480895815 1062385 PROBE-server 972
1790397412.480895815 1062391 PROBE-server 1
1790397412.480895815 1062392 iou-wrk-1062385 0
1790397412.480895815 1062442 iou-wrk-1062391 0
1790397412.687431074 1062385 PROBE-server 993
1790397412.687431074 1062391 PROBE-server 1
1790397412.687431074 1062392 iou-wrk-1062385 0
1790397412.687431074 1062442 iou-wrk-1062391 0
1790397412.894264995 1062385 PROBE-server 1013
1790397412.894264995 1062391 PROBE-server 1
1790397412.894264995 1062392 iou-wrk-1062385 0
1790397412.894264995 1062442 iou-wrk-1062391 0
1790397413.102056239 1062385 PROBE-server 1033
1790397413.102056239 1062391 PROBE-server 1
1790397413.102056239 1062392 iou-wrk-1062385 0
1790397413.102056239 1062442 iou-wrk-1062391 0
1790397413.308660249 1062385 PROBE-server 1053
1790397413.308660249 1062391 PROBE-server 1
1790397413.308660249 1062392 iou-wrk-1062385 0
1790397413.308660249 1062442 iou-wrk-1062391 0
1790397413.515679431 1062385 PROBE-server 1073
1790397413.515679431 1062391 PROBE-server 1
1790397413.515679431 1062392 iou-wrk-1062385 0
1790397413.515679431 1062442 iou-wrk-1062391 0
1790397413.722470531 1062385 PROBE-server 1080
1790397413.722470531 1062391 PROBE-server 1
1790397413.722470531 1062392 iou-wrk-1062385 0
1790397413.722470531 1062442 iou-wrk-1062391 0
1790397413.929722833 1062385 PROBE-server 1080
1790397413.929722833 1062391 PROBE-server 1
1790397413.929722833 1062392 iou-wrk-1062385 0
1790397413.929722833 1062442 iou-wrk-1062391 0
