1790397330.562530014 1057058 PROBE-server 0
1790397330.562530014 1057064 PROBE-server 0
1790397330.562530014 1057065 iou-wrk-1057058 0
1790397330.768044806 1057058 PROBE-server 11
1790397330.768044806 1057064 PROBE-server 11
1790397330.768044806 1057065 iou-wrk-1057058 0
1790397330.973382658 1057058 PROBE-server 23
1790397330.973382658 1057064 PROBE-server 21
1790397330.973382658 1057065 iou-wrk-1057058 0
1790397331.178084936 1057058 PROBE-server 35
1790397331.178084936 1057064 PROBE-server 32
1790397331.178084936 1057065 iou-wrk-1057058 0
1790397331.382975476 1057058 PROBE-server 47
1790397331.382975476 1057064 PROBE-server 44
1790397331.382975476 1057065 iou-wrk-1057058 0
1790397331.588602828 1057058 PROBE-server 59
1790397331.588602828 1057064 PROBE-server 55
1790397331.588602828 1057065 iou-wrk-1057058 0
1790397331.793652198 1057058 PROBE-server 71
1790397331.793652198 1057064 PROBE-server 66
1790397331.793652198 1057065 iou-wrk-1057058 0
1790397331.999003120 1057058 PROBE-server 83
1790397331.999003120 1057064 PROBE-server 78
1790397331.999003120 1057065 iou-wrk-1057058 0
1790397332.204358341 1057058 PROBE-server 95
1790397332.204358341 1057064 PROBE-server 89
1790397332.204358341 1057065 iou-wrk-1057058 0
1790397332.409344621 1057058 PROBE-server 108
1790397332.409344621 1057064 PROBE-server 101
1790397332.409344621 1057065 iou-wrk-1057058 0
1790397332.615105105 1057058 PROBE-server 119
1790397332.615105105 1057064 PROBE-server 113
1790397332.615105105 1057065 iou-wrk-1057058 0
1790397332.820516306 1057058 PROBE-server 132
1790397332.820516306 1057064 PROBE-server 124
1790397332.820516306 1057065 iou-wrk-1057058 0
1790397333.026303990 1057058 PROBE-server 144
1790397333.026303990 1057064 PROBE-server 135
1790397333.026303990 1057065 iou-wrk-1057058 0
1790397333.231405821 1057058 PROBE-server 155
1790397333.231405821 1057064 PROBE-server 147
1790397333.231405821 1057065 iou-wrk-1057058 0
1790397333.436046699 1057058 PROBE-server 169
1790397333.436046699 1057064 PROBE-server 158
1790397333.436046699 1057065 iou-wrk-1057058 0
1790397333.640912249 1057058 PROBE-server 181
1790397333.640912249 1057064 PROBE-server 170
1790397333.640912249 1057065 iou-wrk-1057058 0
1790397333.846089030 1057058 PROBE-server 192
1790397333.846089030 1057064 PROBE-server 181
1790397333.846089030 1057065 iou-wrk-1057058 0
1790397334.051711623 1057058 PROBE-server 204
1790397334.051711623 1057064 PROBE-server 191
1790397334.051711623 1057065 iou-wrk-1057058 0
1790397334.256504292 1057058 PROBE-server 216
1790397334.256504292 1057064 PROBE-server 203
1790397334.256504292 1057065 iou-wrk-1057058 0
1790397334.462579047 1057058 PROBE-server 229
1790397334.462579047 1057064 PROBE-server 216
1790397334.462579047 1057065 iou-wrk-1057058 0
1790397334.668623692 1057058 PROBE-server 242
1790397334.668623692 1057064 PROBE-server 227
1790397334.668623692 1057065 iou-wrk-1057058 0
1790397334.873150181 1057058 PROBE-server 253
1790397334.873150181 1057064 PROBE-server 239
1790397334.873150181 1057065 iou-wrk-1057058 0
1790397335.078403482 1057058 PROBE-server 266
1790397335.078403482 1057064 PROBE-server 251
1790397335.078403482 1057065 iou-wrk-1057058 0
1790397335.284214776 1057058 PROBE-server 278
1790397335.284214776 1057064 PROBE-server 262
1790397335.284214776 1057065 iou-wrk-1057058 0
1790397335.490058091 1057058 PROBE-server 290
1790397335.490058091 1057064 PROBE-server 273
1790397335.490058091 1057065 iou-wrk-1057058 0
1790397335.695475763 1057058 PROBE-server 302
1790397335.695475763 1057064 PROBE-server 284
1790397335.695475763 1057065 iou-wrk-1057058 0
1790397335.901315017 1057058 PROBE-server 315
1790397335.901315017 1057064 PROBE-server 296
1790397335.901315017 1057065 iou-wrk-1057058 0
1790397336.106839960 1057058 PROBE-server 328
1790397336.106839960 1057064 PROBE-server 308
1790397336.106839960 1057065 iou-wrk-1057058 0
1790397336.312078692 1057058 PROBE-server 341
1790397336.312078692 1057064 PROBE-server 321
1790397336.312078692 1057065 iou-wrk-1057058 0
1790397336.517614115 1057058 PROBE-server 352
1790397336.517614115 1057064 PROBE-server 331
1790397336.517614115 1057065 iou-wrk-1057058 0
1790397336.723449869 1057058 PROBE-server 364
1790397336.723449869 1057064 PROBE-server 343
1790397336.723449869 1057065 iou-wrk-1057058 0
1790397336.929390044 1057058 PROBE-server 376
1790397336.929390044 1057064 PROBE-server 354
1790397336.929390044 1057065 iou-wrk-1057058 0
1790397337.135192348 1057058 PROBE-server 388
1790397337.135192348 1057064 PROBE-server 366
1790397337.135192348 1057065 iou-wrk-1057058 0
1790397337.340436700 1057058 PROBE-server 401
1790397337.340436700 1057064 PROBE-server 377
1790397337.340436700 1057065 iou-wrk-1057058 0
1790397337.545159550 1057058 PROBE-server 413
1790397337.545159550 1057064 PROBE-server 389
1790397337.545159550 1057065 iou-wrk-1057058 0
1790397337.750201961 1057058 PROBE-server 424
1790397337.750201961 1057064 PROBE-server 400
1790397337.750201961 1057065 iou-wrk-1057058 0
1790397337.955335082 1057058 PROBE-server 436
1790397337.955335082 1057064 PROBE-server 412
1790397337.955335082 1057065 iou-wrk-1057058 0
1790397338.160905726 1057058 PROBE-server 448
1790397338.160905726 1057064 PROBE-server 424
1790397338.160905726 1057065 iou-wrk-1057058 0
1790397338.366168008 1057058 PROBE-server 459
1790397338.366168008 1057064 PROBE-server 434
1790397338.366168008 1057065 iou-wrk-1057058 0
1790397338.572019333 1057058 PROBE-server 472
1790397338.572019333 1057064 PROBE-server 446
1790397338.572019333 1057065 iou-wrk-1057058 0
1790397338.777372605 1057058 PROBE-server 485
1790397338.777372605 1057064 PROBE-server 457
1790397338.777372605 1057065 iou-wrk-1057058 0
1790397338.982241526 1057058 PROBE-server 496
1790397338.982241526 1057064 PROBE-server 469
1790397338.982241526 1057065 iou-wrk-1057058 0
1790397339.187755209 1057058 PROBE-server 509
1790397339.187755209 1057064 PROBE-server 481
1790397339.187755209 1057065 iou-wrk-1057058 0
1790397339.393014842 1057058 PROBE-server 522
1790397339.393014842 1057064 PROBE-server 494
1790397339.393014842 1057065 iou-wrk-1057058 0
1790397339.598465895 1057058 PROBE-server 533
1790397339.598465895 1057064 PROBE-server 504
1790397339.598465895 1057065 iou-wrk-1057058 0
1790397339.803666187 1057058 PROBE-server 545
1790397339.803666187 1057064 PROBE-server 516
1790397339.803666187 1057065 iou-wrk-1057058 0
1790397340.009420712 1057058 PROBE-server 557
1790397340.009420712 1057064 PROBE-server 527
1790397340.009420712 1057065 iou-wrk-1057058 0
1790397340.214223142 1057058 PROBE-server 570
1790397340.214223142 1057064 PROBE-server 538
1790397340.214223142 1057065 iou-wrk-1057058 0
1790397340.418892252 1057058 PROBE-server 581
1790397340.418892252 1057064 PROBE-server 550
1790397340.418892252 1057065 iou-wrk-1057058 0
1790397340.624797277 1057058 PROBE-server 593
1790397340.624797277 1057064 PROBE-server 561
1790397340.624797277 1057065 iou-wrk-1057058 0
1790397340.830556892 1057058 PROBE-server 606
1790397340.830556892 1057064 PROBE-server 574
1790397340.830556892 1057065 iou-wrk-1057058 0
1790397341.037022740 1057058 PROBE-server 620
1790397341.037022740 1057064 PROBE-server 587
1790397341.037022740 1057065 iou-wrk-1057058 0
1790397341.242921575 1057058 PROBE-server 632
1790397341.242921575 1057064 PROBE-server 598
1790397341.242921575 1057065 iou-wrk-1057058 0
1790397341.448383509 1057058 PROBE-server 643
1790397341.448383509 1057064 PROBE-server 610
1790397341.448383509 1057065 iou-wrk-1057058 0
1790397341.653590521 1057058 PROBE-server 651
1790397341.653590521 1057064 PROBE-server 617
1790397341.653590521 1057065 iou-wrk-1057058 0
