1790397414.195663707 1063689 PROBE-server 0
1790397414.195663707 1063695 PROBE-server 0
1790397414.195663707 1063696 iou-wrk-1063689 0
1790397414.401360323 1063689 PROBE-server 12
1790397414.401360323 1063695 PROBE-server 10
1790397414.401360323 1063696 iou-wrk-1063689 0
1790397414.607479110 1063689 PROBE-server 23
1790397414.607479110 1063695 PROBE-server 22
1790397414.607479110 1063696 iou-wrk-1063689 0
1790397414.813505098 1063689 PROBE-server 35
1790397414.813505098 1063695 PROBE-server 33
1790397414.813505098 1063696 iou-wrk-1063689 0
1790397415.018738761 1063689 PROBE-server 46
1790397415.018738761 1063695 PROBE-server 43
1790397415.018738761 1063696 iou-wrk-1063689 0
1790397415.223557133 1063689 PROBE-server 58
1790397415.223557133 1063695 PROBE-server 54
1790397415.223557133 1063696 iou-wrk-1063689 0
1790397415.429230749 1063689 PROBE-server 69
1790397415.429230749 1063695 PROBE-server 64
1790397415.429230749 1063696 iou-wrk-1063689 0
1790397415.634711634 1063689 PROBE-server 81
1790397415.634711634 1063695 PROBE-server 75
1790397415.634711634 1063696 iou-wrk-1063689 0
1790397415.840229359 1063689 PROBE-server 92
1790397415.840229359 1063695 PROBE-server 85
1790397415.840229359 1063696 iou-wrk-1063689 0
1790397416.045621663 1063689 PROBE-server 104
1790397416.045621663 1063695 PROBE-server 97
1790397416.045621663 1063696 iou-wrk-1063689 0
1790397416.251293309 1063689 PROBE-server 116
1790397416.251293309 1063695 PROBE-server 107
1790397416.251293309 1063696 iou-wrk-1063689 0
1790397416.456503533 1063689 PROBE-server 128
1790397416.456503533 1063695 PROBE-server 118
1790397416.456503533 1063696 iou-wrk-1063689 0
1790397416.662225709 1063689 PROBE-server 139
1790397416.662225709 1063695 PROBE-server 129
1790397416.662225709 1063696 iou-wrk-1063689 0
1790397416.868296817 1063689 PROBE-server 151
1790397416.868296817 1063695 PROBE-server 140
1790397416.868296817 1063696 iou-wrk-1063689 0
1790397417.073174539 1063689 PROBE-server 162
1790397417.073174539 1063695 PROBE-server 150
1790397417.073174539 1063696 iou-wrk-1063689 0
1790397417.278167192 1063689 PROBE-server 173
1790397417.278167192 1063695 PROBE-server 161
1790397417.278167192 1063696 iou-wrk-1063689 0
1790397417.483554647 1063689 PROBE-server 185
1790397417.483554647 1063695 PROBE-server 172
1790397417.483554647 1063696 iou-wrk-1063689 0
1790397417.689115882 1063689 PROBE-server 196
1790397417.689115882 1063695 PROBE-server 182
1790397417.689115882 1063696 iou-wrk-1063689 0
1790397417.893867574 1063689 PROBE-server 208
1790397417.893867574 1063695 PROBE-server 192
1790397417.893867574 1063696 iou-wrk-1063689 0
1790397418.100130153 1063689 PROBE-server 219
1790397418.100130153 1063695 PROBE-server 203
1790397418.100130153 1063696 iou-wrk-1063689 0
1790397418.305610648 1063689 PROBE-server 231
1790397418.305610648 1063695 PROBE-server 214
1790397418.305610648 1063696 iou-wrk-1063689 0
1790397418.510930083 1063689 PROBE-server 242
1790397418.510930083 1063695 PROBE-server 224
1790397418.510930083 1063696 iou-wrk-1063689 0
1790397418.716634579 1063689 PROBE-server 254
1790397418.716634579 1063695 PROBE-server 235
1790397418.716634579 1063696 iou-wrk-1063689 0
1790397418.922491196 1063689 PROBE-server 265
1790397418.922491196 1063695 PROBE-server 246
1790397418.922491196 1063696 iou-wrk-1063689 0
1790397419.128406733 1063689 PROBE-server 277
1790397419.128406733 1063695 PROBE-server 257
1790397419.128406733 1063696 iou-wrk-1063689 0
1790397419.333857848 1063689 PROBE-server 288
1790397419.333857848 1063695 PROBE-server 267
1790397419.333857848 1063696 iou-wrk-1063689 0
1790397419.539810396 1063689 PROBE-server 300
1790397419.539810396 1063695 PROBE-server 278
1790397419.539810396 1063696 iou-wrk-1063689 0
1790397419.745166571 1063689 PROBE-server 311
1790397419.745166571 1063695 PROBE-server 289
1790397419.745166571 1063696 iou-wrk-1063689 0
1790397419.950837227 1063689 PROBE-server 322
1790397419.950837227 1063695 PROBE-server 299
1790397419.950837227 1063696 iou-wrk-1063689 0
1790397420.155570489 1063689 PROBE-server 334
1790397420.155570489 1063695 PROBE-server 309
1790397420.155570489 1063696 iou-wrk-1063689 0
1790397420.361282686 1063689 PROBE-server 345
1790397420.361282686 1063695 PROBE-server 320
1790397420.361282686 1063696 iou-wrk-1063689 0
1790397420.567324364 1063689 PROBE-server 357
1790397420.567324364 1063695 PROBE-server 330
1790397420.567324364 1063696 iou-wrk-1063689 0
1790397420.773197991 1063689 PROBE-server 369
1790397420.773197991 1063695 PROBE-server 342
1790397420.773197991 1063696 iou-wrk-1063689 0
1790397420.978371356 1063689 PROBE-server 380
1790397420.978371356 1063695 PROBE-server 353
1790397420.978371356 1063696 iou-wrk-1063689 0
1790397421.184158333 1063689 PROBE-server 392
1790397421.184158333 1063695 PROBE-server 363
1790397421.184158333 1063696 iou-wrk-1063689 0
1790397421.389569788 1063689 PROBE-server 404
1790397421.389569788 1063695 PROBE-server 374
1790397421.389569788 1063696 iou-wrk-1063689 0
1790397421.594764033 1063689 PROBE-server 415
1790397421.594764033 1063695 PROBE-server 384
1790397421.594764033 1063696 iou-wrk-1063689 0
1790397421.800399049 1063689 PROBE-server 427
1790397421.800399049 1063695 PROBE-server 396
1790397421.800399049 1063696 iou-wrk-1063689 0
1790397422.005517813 1063689 PROBE-server 438
1790397422.005517813 1063695 PROBE-server 406
1790397422.005517813 1063696 iou-wrk-1063689 0
1790397422.211179940 1063689 PROBE-server 450
1790397422.211179940 1063695 PROBE-server 417
1790397422.211179940 1063696 iou-wrk-1063689 0
1790397422.416608315 1063689 PROBE-server 461
1790397422.416608315 1063695 PROBE-server 427
1790397422.416608315 1063696 iou-wrk-1063689 0
1790397422.622863315 1063689 PROBE-server 473
1790397422.622863315 1063695 PROBE-server 438
1790397422.622863315 1063696 iou-wrk-1063689 0
1790397422.828434181 1063689 PROBE-server 485
1790397422.828434181 1063695 PROBE-server 449
1790397422.828434181 1063696 iou-wrk-1063689 0
1790397423.033260454 1063689 PROBE-server 496
1790397423.033260454 1063695 PROBE-server 460
1790397423.033260454 1063696 iou-wrk-1063689 0
1790397423.238724030 1063689 PROBE-server 508
1790397423.238724030 1063695 PROBE-server 471
1790397423.238724030 1063696 iou-wrk-1063689 0
1790397423.444018405 1063689 PROBE-server 519
1790397423.444018405 1063695 PROBE-server 481
1790397423.444018405 1063696 iou-wrk-1063689 0
1790397423.648857088 1063689 PROBE-server 531
1790397423.648857088 1063695 PROBE-server 491
1790397423.648857088 1063696 iou-wrk-1063689 0
1790397423.854360614 1063689 PROBE-server 542
1790397423.854360614 1063695 PROBE-server 502
1790397423.854360614 1063696 iou-wrk-1063689 0
1790397424.059198247 1063689 PROBE-server 553
1790397424.059198247 1063695 PROBE-server 513
1790397424.059198247 1063696 iou-wrk-1063689 0
1790397424.264663883 1063689 PROBE-server 565
1790397424.264663883 1063695 PROBE-server 524
1790397424.264663883 1063696 iou-wrk-1063689 0
1790397424.470206560 1063689 PROBE-server 576
1790397424.470206560 1063695 PROBE-server 534
1790397424.470206560 1063696 iou-wrk-1063689 0
1790397424.675843966 1063689 PROBE-server 588
1790397424.675843966 1063695 PROBE-server 545
1790397424.675843966 1063696 iou-wrk-1063689 0
1790397424.880643760 1063689 PROBE-server 599
1790397424.880643760 1063695 PROBE-server 556
1790397424.880643760 1063696 iou-wrk-1063689 0
1790397425.085999935 1063689 PROBE-server 611
1790397425.085999935 1063695 PROBE-server 566
1790397425.085999935 1063696 iou-wrk-1063689 0
1790397425.292484976 1063689 PROBE-server 618
1790397425.292484976 1063695 PROBE-server 573
1790397425.292484976 1063696 iou-wrk-1063689 0
