1790397374.652503796 1060294 PROBE-server 0
1790397374.652503796 1060300 PROBE-server 0
1790397374.652503796 1060301 iou-wrk-1060294 0
1790397374.858033455 1060294 PROBE-server 11
1790397374.858033455 1060300 PROBE-server 10
1790397374.858033455 1060301 iou-wrk-1060294 0
1790397375.063323503 1060294 PROBE-server 22
1790397375.063323503 1060300 PROBE-server 21
1790397375.063323503 1060301 iou-wrk-1060294 0
1790397375.267692737 1060294 PROBE-server 35
1790397375.267692737 1060300 PROBE-server 31
1790397375.267692737 1060301 iou-wrk-1060294 0
1790397375.472170831 1060294 PROBE-server 46
1790397375.472170831 1060300 PROBE-server 42
1790397375.472170831 1060301 iou-wrk-1060294 0
1790397375.676964258 1060294 PROBE-server 57
1790397375.676964258 1060300 PROBE-server 53
1790397375.676964258 1060301 iou-wrk-1060294 0
1790397375.881593003 1060294 PROBE-server 69
1790397375.881593003 1060300 PROBE-server 64
1790397375.881593003 1060301 iou-wrk-1060294 0
1790397376.086332638 1060294 PROBE-server 80
1790397376.086332638 1060300 PROBE-server 75
1790397376.086332638 1060301 iou-wrk-1060294 0
1790397376.291023984 1060294 PROBE-server 91
1790397376.291023984 1060300 PROBE-server 85
1790397376.291023984 1060301 iou-wrk-1060294 0
1790397376.495504709 1060294 PROBE-server 103
1790397376.495504709 1060300 PROBE-server 97
1790397376.495504709 1060301 iou-wrk-1060294 0
1790397376.699663822 1060294 PROBE-server 115
1790397376.699663822 1060300 PROBE-server 107
1790397376.699663822 1060301 iou-wrk-1060294 0
1790397376.904134297 1060294 PROBE-server 126
1790397376.904134297 1060300 PROBE-server 117
1790397376.904134297 1060301 iou-wrk-1060294 0
1790397377.108450821 1060294 PROBE-server 138
1790397377.108450821 1060300 PROBE-server 128
1790397377.108450821 1060301 iou-wrk-1060294 0
1790397377.313365358 1060294 PROBE-server 150
1790397377.313365358 1060300 PROBE-server 139
1790397377.313365358 1060301 iou-wrk-1060294 0
1790397377.518729086 1060294 PROBE-server 161
1790397377.518729086 1060300 PROBE-server 150
1790397377.518729086 1060301 iou-wrk-1060294 0
1790397377.724062705 1060294 PROBE-server 172
1790397377.724062705 1060300 PROBE-server 161
1790397377.724062705 1060301 iou-wrk-1060294 0
1790397377.928509940 1060294 PROBE-server 185
1790397377.928509940 1060300 PROBE-server 172
1790397377.928509940 1060301 iou-wrk-1060294 0
1790397378.133144706 1060294 PROBE-server 196
1790397378.133144706 1060300 PROBE-server 183
1790397378.133144706 1060301 iou-wrk-1060294 0
1790397378.337655861 1060294 PROBE-server 208
1790397378.337655861 1060300 PROBE-server 194
1790397378.337655861 1060301 iou-wrk-1060294 0
1790397378.542145206 1060294 PROBE-server 219
1790397378.542145206 1060300 PROBE-server 205
1790397378.542145206 1060301 iou-wrk-1060294 0
1790397378.746613011 1060294 PROBE-server 231
1790397378.746613011 1060300 PROBE-server 215
1790397378.746613011 1060301 iou-wrk-1060294 0
1790397378.951282787 1060294 PROBE-server 242
1790397378.951282787 1060300 PROBE-server 225
1790397378.951282787 1060301 iou-wrk-1060294 0
1790397379.155667141 1060294 PROBE-server 255
1790397379.155667141 1060300 PROBE-server 237
1790397379.155667141 1060301 iou-wrk-1060294 0
1790397379.360061196 1060294 PROBE-server 266
1790397379.360061196 1060300 PROBE-server 248
1790397379.360061196 1060301 iou-wrk-1060294 0
1790397379.564408481 1060294 PROBE-server 277
1790397379.564408481 1060300 PROBE-server 259
1790397379.564408481 1060301 iou-wrk-1060294 0
1790397379.770114951 1060294 PROBE-server 289
1790397379.770114951 1060300 PROBE-server 269
1790397379.770114951 1060301 iou-wrk-1060294 0
1790397379.974550526 1060294 PROBE-server 301
1790397379.974550526 1060300 PROBE-server 280
1790397379.974550526 1060301 iou-wrk-1060294 0
1790397380.179195872 1060294 PROBE-server 312
1790397380.179195872 1060300 PROBE-server 291
1790397380.179195872 1060301 iou-wrk-1060294 0
1790397380.384388821 1060294 PROBE-server 323
1790397380.384388821 1060300 PROBE-server 302
1790397380.384388821 1060301 iou-wrk-1060294 0
1790397380.589167197 1060294 PROBE-server 335
1790397380.589167197 1060300 PROBE-server 313
1790397380.589167197 1060301 iou-wrk-1060294 0
1790397380.793669833 1060294 PROBE-server 347
1790397380.793669833 1060300 PROBE-server 324
1790397380.793669833 1060301 iou-wrk-1060294 0
1790397380.998834691 1060294 PROBE-server 358
1790397380.998834691 1060300 PROBE-server 335
1790397380.998834691 1060301 iou-wrk-1060294 0
1790397381.203414277 1060294 PROBE-server 370
1790397381.203414277 1060300 PROBE-server 346
1790397381.203414277 1060301 iou-wrk-1060294 0
1790397381.407635472 1060294 PROBE-server 382
1790397381.407635472 1060300 PROBE-server 357
1790397381.407635472 1060301 iou-wrk-1060294 0
1790397381.612204227 1060294 PROBE-server 394
1790397381.612204227 1060300 PROBE-server 368
1790397381.612204227 1060301 iou-wrk-1060294 0
1790397381.816749463 1060294 PROBE-server 405
1790397381.816749463 1060300 PROBE-server 379
1790397381.816749463 1060301 iou-wrk-1060294 0
1790397382.021404709 1060294 PROBE-server 417
1790397382.021404709 1060300 PROBE-server 390
1790397382.021404709 1060301 iou-wrk-1060294 0
1790397382.225941425 1060294 PROBE-server 428
1790397382.225941425 1060300 PROBE-server 400
1790397382.225941425 1060301 iou-wrk-1060294 0
1790397382.430533051 1060294 PROBE-server 440
1790397382.430533051 1060300 PROBE-server 411
1790397382.430533051 1060301 iou-wrk-1060294 0
1790397382.634999237 1060294 PROBE-server 452
1790397382.634999237 1060300 PROBE-server 422
1790397382.634999237 1060301 iou-wrk-1060294 0
1790397382.839899604 1060294 PROBE-server 463
1790397382.839899604 1060300 PROBE-server 433
1790397382.839899604 1060301 iou-wrk-1060294 0
1790397383.044777482 1060294 PROBE-server 474
1790397383.044777482 1060300 PROBE-server 444
1790397383.044777482 1060301 iou-wrk-1060294 0
1790397383.249368828 1060294 PROBE-server 486
1790397383.249368828 1060300 PROBE-server 455
1790397383.249368828 1060301 iou-wrk-1060294 0
1790397383.454060475 1060294 PROBE-server 498
1790397383.454060475 1060300 PROBE-server 466
1790397383.454060475 1060301 iou-wrk-1060294 0
1790397383.659532385 1060294 PROBE-server 510
1790397383.659532385 1060300 PROBE-server 477
1790397383.659532385 1060301 iou-wrk-1060294 0
1790397383.864357502 1060294 PROBE-server 522
1790397383.864357502 1060300 PROBE-server 489
1790397383.864357502 1060301 iou-wrk-1060294 0
1790397384.069265550 1060294 PROBE-server 533
1790397384.069265550 1060300 PROBE-server 500
1790397384.069265550 1060301 iou-wrk-1060294 0
1790397384.273997757 1060294 PROBE-server 545
1790397384.273997757 1060300 PROBE-server 510
1790397384.273997757 1060301 iou-wrk-1060294 0
1790397384.479908549 1060294 PROBE-server 557
1790397384.479908549 1060300 PROBE-server 522
1790397384.479908549 1060301 iou-wrk-1060294 0
1790397384.685380380 1060294 PROBE-server 569
1790397384.685380380 1060300 PROBE-server 533
1790397384.685380380 1060301 iou-wrk-1060294 0
1790397384.891219572 1060294 PROBE-server 580
1790397384.891219572 1060300 PROBE-server 544
1790397384.891219572 1060301 iou-wrk-1060294 0
1790397385.097179804 1060294 PROBE-server 593
1790397385.097179804 1060300 PROBE-server 554
1790397385.097179804 1060301 iou-wrk-1060294 0
1790397385.302309653 1060294 PROBE-server 603
1790397385.302309653 1060300 PROBE-server 565
1790397385.302309653 1060301 iou-wrk-1060294 0
1790397385.507857544 1060294 PROBE-server 615
1790397385.507857544 1060300 PROBE-server 576
1790397385.507857544 1060301 iou-wrk-1060294 0
1790397385.714035087 1060294 PROBE-server 625
1790397385.714035087 1060300 PROBE-server 584
1790397385.714035087 1060301 iou-wrk-1060294 0
1790397385.920363602 1060294 PROBE-server 625
1790397385.920363602 1060300 PROBE-server 584
1790397385.920363602 1060301 iou-wrk-1060294 0
