1790397302.863044631 1054990 PROBE-server 0
1790397302.863044631 1054996 PROBE-server 0
1790397302.863044631 1054997 iou-wrk-1054990 0
1790397303.068764590 1054990 PROBE-server 11
1790397303.068764590 1054996 PROBE-server 10
1790397303.068764590 1054997 iou-wrk-1054990 0
1790397303.274103166 1054990 PROBE-server 23
1790397303.274103166 1054996 PROBE-server 21
1790397303.274103166 1054997 iou-wrk-1054990 0
1790397303.479049371 1054990 PROBE-server 36
1790397303.479049371 1054996 PROBE-server 33
1790397303.479049371 1054997 iou-wrk-1054990 0
1790397303.684975220 1054990 PROBE-server 49
1790397303.684975220 1054996 PROBE-server 46
1790397303.684975220 1054997 iou-wrk-1054990 0
1790397303.889991425 1054990 PROBE-server 61
1790397303.889991425 1054996 PROBE-server 58
1790397303.889991425 1054997 iou-wrk-1054990 0
1790397304.095098421 1054990 PROBE-server 74
1790397304.095098421 1054996 PROBE-server 69
1790397304.095098421 1054997 iou-wrk-1054990 0
1790397304.300070796 1054990 PROBE-server 85
1790397304.300070796 1054996 PROBE-server 79
1790397304.300070796 1054997 iou-wrk-1054990 0
1790397304.504771590 1054990 PROBE-server 98
1790397304.504771590 1054996 PROBE-server 90
1790397304.504771590 1054997 iou-wrk-1054990 0
1790397304.710135047 1054990 PROBE-server 109
1790397304.710135047 1054996 PROBE-server 102
1790397304.710135047 1054997 iou-wrk-1054990 0
1790397304.915431634 1054990 PROBE-server 122
1790397304.915431634 1054996 PROBE-server 114
1790397304.915431634 1054997 iou-wrk-1054990 0
1790397305.120664170 1054990 PROBE-server 134
1790397305.120664170 1054996 PROBE-server 125
1790397305.120664170 1054997 iou-wrk-1054990 0
1790397305.325704566 1054990 PROBE-server 146
1790397305.325704566 1054996 PROBE-server 137
1790397305.325704566 1054997 iou-wrk-1054990 0
1790397305.530619841 1054990 PROBE-server 158
1790397305.530619841 1054996 PROBE-server 147
1790397305.530619841 1054997 iou-wrk-1054990 0
1790397305.735265575 1054990 PROBE-server 170
1790397305.735265575 1054996 PROBE-server 158
1790397305.735265575 1054997 iou-wrk-1054990 0
1790397305.939987069 1054990 PROBE-server 182
1790397305.939987069 1054996 PROBE-server 170
1790397305.939987069 1054997 iou-wrk-1054990 0
1790397306.145488777 1054990 PROBE-server 194
1790397306.145488777 1054996 PROBE-server 182
1790397306.145488777 1054997 iou-wrk-1054990 0
1790397306.350384672 1054990 PROBE-server 206
1790397306.350384672 1054996 PROBE-server 192
1790397306.350384672 1054997 iou-wrk-1054990 0
1790397306.555233037 1054990 PROBE-server 218
1790397306.555233037 1054996 PROBE-server 203
1790397306.555233037 1054997 iou-wrk-1054990 0
1790397306.760185502 1054990 PROBE-server 230
1790397306.760185502 1054996 PROBE-server 215
1790397306.760185502 1054997 iou-wrk-1054990 0
1790397306.964522815 1054990 PROBE-server 242
1790397306.964522815 1054996 PROBE-server 226
1790397306.964522815 1054997 iou-wrk-1054990 0
1790397307.169336930 1054990 PROBE-server 255
1790397307.169336930 1054996 PROBE-server 239
1790397307.169336930 1054997 iou-wrk-1054990 0
1790397307.374597047 1054990 PROBE-server 267
1790397307.374597047 1054996 PROBE-server 250
1790397307.374597047 1054997 iou-wrk-1054990 0
1790397307.579329451 1054990 PROBE-server 279
1790397307.579329451 1054996 PROBE-server 261
1790397307.579329451 1054997 iou-wrk-1054990 0
1790397307.783883235 1054990 PROBE-server 291
1790397307.783883235 1054996 PROBE-server 272
1790397307.783883235 1054997 iou-wrk-1054990 0
1790397307.988883151 1054990 PROBE-server 303
1790397307.988883151 1054996 PROBE-server 284
1790397307.988883151 1054997 iou-wrk-1054990 0
1790397308.193649996 1054990 PROBE-server 316
1790397308.193649996 1054996 PROBE-server 295
1790397308.193649996 1054997 iou-wrk-1054990 0
1790397308.398144830 1054990 PROBE-server 328
1790397308.398144830 1054996 PROBE-server 307
1790397308.398144830 1054997 iou-wrk-1054990 0
1790397308.602995245 1054990 PROBE-server 339
1790397308.602995245 1054996 PROBE-server 318
1790397308.602995245 1054997 iou-wrk-1054990 0
1790397308.807630990 1054990 PROBE-server 352
1790397308.807630990 1054996 PROBE-server 329
1790397308.807630990 1054997 iou-wrk-1054990 0
1790397309.012885547 1054990 PROBE-server 364
1790397309.012885547 1054996 PROBE-server 341
1790397309.012885547 1054997 iou-wrk-1054990 0
1790397309.218624826 1054990 PROBE-server 375
1790397309.218624826 1054996 PROBE-server 351
1790397309.218624826 1054997 iou-wrk-1054990 0
1790397309.423053349 1054990 PROBE-server 387
1790397309.423053349 1054996 PROBE-server 363
1790397309.423053349 1054997 iou-wrk-1054990 0
1790397309.628075646 1054990 PROBE-server 399
1790397309.628075646 1054996 PROBE-server 374
1790397309.628075646 1054997 iou-wrk-1054990 0
1790397309.832678320 1054990 PROBE-server 411
1790397309.832678320 1054996 PROBE-server 386
1790397309.832678320 1054997 iou-wrk-1054990 0
1790397310.037392655 1054990 PROBE-server 423
1790397310.037392655 1054996 PROBE-server 397
1790397310.037392655 1054997 iou-wrk-1054990 0
1790397310.242774963 1054990 PROBE-server 436
1790397310.242774963 1054996 PROBE-server 408
1790397310.242774963 1054997 iou-wrk-1054990 0
1790397310.447221167 1054990 PROBE-server 447
1790397310.447221167 1054996 PROBE-server 419
1790397310.447221167 1054997 iou-wrk-1054990 0
1790397310.651573951 1054990 PROBE-server 460
1790397310.651573951 1054996 PROBE-server 431
1790397310.651573951 1054997 iou-wrk-1054990 0
1790397310.855902564 1054990 PROBE-server 472
1790397310.855902564 1054996 PROBE-server 442
1790397310.855902564 1054997 iou-wrk-1054990 0
1790397311.060490528 1054990 PROBE-server 484
1790397311.060490528 1054996 PROBE-server 453
1790397311.060490528 1054997 iou-wrk-1054990 0
1790397311.265823846 1054990 PROBE-server 497
1790397311.265823846 1054996 PROBE-server 466
1790397311.265823846 1054997 iou-wrk-1054990 0
1790397311.470945683 1054990 PROBE-server 509
1790397311.470945683 1054996 PROBE-server 476
1790397311.470945683 1054997 iou-wrk-1054990 0
1790397311.675806279 1054990 PROBE-server 521
1790397311.675806279 1054996 PROBE-server 487
1790397311.675806279 1054997 iou-wrk-1054990 0
1790397311.880422474 1054990 PROBE-server 533
1790397311.880422474 1054996 PROBE-server 499
1790397311.880422474 1054997 iou-wrk-1054990 0
1790397312.085004579 1054990 PROBE-server 545
1790397312.085004579 1054996 PROBE-server 510
1790397312.085004579 1054997 iou-wrk-1054990 0
1790397312.289541964 1054990 PROBE-server 557
1790397312.289541964 1054996 PROBE-server 521
1790397312.289541964 1054997 iou-wrk-1054990 0
1790397312.493867977 1054990 PROBE-server 570
1790397312.493867977 1054996 PROBE-server 532
1790397312.493867977 1054997 iou-wrk-1054990 0
1790397312.698154491 1054990 PROBE-server 583
1790397312.698154491 1054996 PROBE-server 545
1790397312.698154491 1054997 iou-wrk-1054990 0
1790397312.902768186 1054990 PROBE-server 595
1790397312.902768186 1054996 PROBE-server 556
1790397312.902768186 1054997 iou-wrk-1054990 0
1790397313.107767982 1054990 PROBE-server 607
1790397313.107767982 1054996 PROBE-server 568
1790397313.107767982 1054997 iou-wrk-1054990 0
1790397313.314120845 1054990 PROBE-server 620
1790397313.314120845 1054996 PROBE-server 579
1790397313.314120845 1054997 iou-wrk-1054990 0
1790397313.519065442 1054990 PROBE-server 631
1790397313.519065442 1054996 PROBE-server 591
1790397313.519065442 1054997 iou-wrk-1054990 0
1790397313.723504176 1054990 PROBE-server 644
1790397313.723504176 1054996 PROBE-server 602
1790397313.723504176 1054997 iou-wrk-1054990 0
1790397313.928414543 1054990 PROBE-server 653
1790397313.928414543 1054996 PROBE-server 610
1790397313.928414543 1054997 iou-wrk-1054990 0
