1790397358.291351649 1059250 PROBE-server 0
1790397358.291351649 1059256 PROBE-server 0
1790397358.291351649 1059257 iou-wrk-1059250 0
1790397358.497190477 1059250 PROBE-server 11
1790397358.497190477 1059256 PROBE-server 10
1790397358.497190477 1059257 iou-wrk-1059250 0
1790397358.702639063 1059250 PROBE-server 24
1790397358.702639063 1059256 PROBE-server 22
1790397358.702639063 1059257 iou-wrk-1059250 0
1790397358.907938279 1059250 PROBE-server 36
1790397358.907938279 1059256 PROBE-server 33
1790397358.907938279 1059257 iou-wrk-1059250 0
1790397359.112421461 1059250 PROBE-server 50
1790397359.112421461 1059256 PROBE-server 44
1790397359.112421461 1059257 iou-wrk-1059250 0
1790397359.317295935 1059250 PROBE-server 63
1790397359.317295935 1059256 PROBE-server 56
1790397359.317295935 1059257 iou-wrk-1059250 0
1790397359.522189268 1059250 PROBE-server 75
1790397359.522189268 1059256 PROBE-server 67
1790397359.522189268 1059257 iou-wrk-1059250 0
1790397359.727336543 1059250 PROBE-server 88
1790397359.727336543 1059256 PROBE-server 79
1790397359.727336543 1059257 iou-wrk-1059250 0
1790397359.932973831 1059250 PROBE-server 100
1790397359.932973831 1059256 PROBE-server 91
1790397359.932973831 1059257 iou-wrk-1059250 0
1790397360.138510798 1059250 PROBE-server 113
1790397360.138510798 1059256 PROBE-server 103
1790397360.138510798 1059257 iou-wrk-1059250 0
1790397360.344278726 1059250 PROBE-server 126
1790397360.344278726 1059256 PROBE-server 114
1790397360.344278726 1059257 iou-wrk-1059250 0
1790397360.549153040 1059250 PROBE-server 139
1790397360.549153040 1059256 PROBE-server 125
1790397360.549153040 1059257 iou-wrk-1059250 0
1790397360.754175494 1059250 PROBE-server 152
1790397360.754175494 1059256 PROBE-server 136
1790397360.754175494 1059257 iou-wrk-1059250 0
1790397360.960145723 1059250 PROBE-server 165
1790397360.960145723 1059256 PROBE-server 147
1790397360.960145723 1059257 iou-wrk-1059250 0
1790397361.164715596 1059250 PROBE-server 177
1790397361.164715596 1059256 PROBE-server 159
1790397361.164715596 1059257 iou-wrk-1059250 0
1790397361.369996262 1059250 PROBE-server 190
1790397361.369996262 1059256 PROBE-server 170
1790397361.369996262 1059257 iou-wrk-1059250 0
1790397361.576165532 1059250 PROBE-server 202
1790397361.576165532 1059256 PROBE-server 182
1790397361.576165532 1059257 iou-wrk-1059250 0
1790397361.781244187 1059250 PROBE-server 215
1790397361.781244187 1059256 PROBE-server 194
1790397361.781244187 1059257 iou-wrk-1059250 0
1790397361.986524433 1059250 PROBE-server 227
1790397361.986524433 1059256 PROBE-server 205
1790397361.986524433 1059257 iou-wrk-1059250 0
1790397362.191736308 1059250 PROBE-server 240
1790397362.191736308 1059256 PROBE-server 216
1790397362.191736308 1059257 iou-wrk-1059250 0
1790397362.396352392 1059250 PROBE-server 253
1790397362.396352392 1059256 PROBE-server 226
1790397362.396352392 1059257 iou-wrk-1059250 0
1790397362.601697888 1059250 PROBE-server 265
1790397362.601697888 1059256 PROBE-server 238
1790397362.601697888 1059257 iou-wrk-1059250 0
1790397362.807262235 1059250 PROBE-server 277
1790397362.807262235 1059256 PROBE-server 249
1790397362.807262235 1059257 iou-wrk-1059250 0
1790397363.012255180 1059250 PROBE-server 290
1790397363.012255180 1059256 PROBE-server 260
1790397363.012255180 1059257 iou-wrk-1059250 0
1790397363.217193225 1059250 PROBE-server 303
1790397363.217193225 1059256 PROBE-server 271
1790397363.217193225 1059257 iou-wrk-1059250 0
1790397363.422119710 1059250 PROBE-server 315
1790397363.422119710 1059256 PROBE-server 282
1790397363.422119710 1059257 iou-wrk-1059250 0
1790397363.626531902 1059250 PROBE-server 328
1790397363.626531902 1059256 PROBE-server 293
1790397363.626531902 1059257 iou-wrk-1059250 0
1790397363.832157860 1059250 PROBE-server 340
1790397363.832157860 1059256 PROBE-server 304
1790397363.832157860 1059257 iou-wrk-1059250 0
1790397364.037306026 1059250 PROBE-server 353
1790397364.037306026 1059256 PROBE-server 317
1790397364.037306026 1059257 iou-wrk-1059250 0
1790397364.242802303 1059250 PROBE-server 366
1790397364.242802303 1059256 PROBE-server 328
1790397364.242802303 1059257 iou-wrk-1059250 0
1790397364.447579577 1059250 PROBE-server 379
1790397364.447579577 1059256 PROBE-server 340
1790397364.447579577 1059257 iou-wrk-1059250 0
1790397364.652947744 1059250 PROBE-server 391
1790397364.652947744 1059256 PROBE-server 350
1790397364.652947744 1059257 iou-wrk-1059250 0
1790397364.857946439 1059250 PROBE-server 404
1790397364.857946439 1059256 PROBE-server 362
1790397364.857946439 1059257 iou-wrk-1059250 0
1790397365.062704543 1059250 PROBE-server 417
1790397365.062704543 1059256 PROBE-server 373
1790397365.062704543 1059257 iou-wrk-1059250 0
1790397365.268028620 1059250 PROBE-server 430
1790397365.268028620 1059256 PROBE-server 385
1790397365.268028620 1059257 iou-wrk-1059250 0
1790397365.473236426 1059250 PROBE-server 442
1790397365.473236426 1059256 PROBE-server 396
1790397365.473236426 1059257 iou-wrk-1059250 0
1790397365.678790864 1059250 PROBE-server 455
1790397365.678790864 1059256 PROBE-server 408
1790397365.678790864 1059257 iou-wrk-1059250 0
1790397365.884217211 1059250 PROBE-server 467
1790397365.884217211 1059256 PROBE-server 419
1790397365.884217211 1059257 iou-wrk-1059250 0
1790397366.089842709 1059250 PROBE-server 480
1790397366.089842709 1059256 PROBE-server 430
1790397366.089842709 1059257 iou-wrk-1059250 0
1790397366.295389227 1059250 PROBE-server 493
1790397366.295389227 1059256 PROBE-server 441
1790397366.295389227 1059257 iou-wrk-1059250 0
1790397366.500390463 1059250 PROBE-server 505
1790397366.500390463 1059256 PROBE-server 453
1790397366.500390463 1059257 iou-wrk-1059250 0
1790397366.706583264 1059250 PROBE-server 517
1790397366.706583264 1059256 PROBE-server 464
1790397366.706583264 1059257 iou-wrk-1059250 0
1790397366.912163442 1059250 PROBE-server 530
1790397366.912163442 1059256 PROBE-server 475
1790397366.912163442 1059257 iou-wrk-1059250 0
1790397367.117113087 1059250 PROBE-server 543
1790397367.117113087 1059256 PROBE-server 487
1790397367.117113087 1059257 iou-wrk-1059250 0
1790397367.322448304 1059250 PROBE-server 556
1790397367.322448304 1059256 PROBE-server 497
1790397367.322448304 1059257 iou-wrk-1059250 0
1790397367.527902612 1059250 PROBE-server 568
1790397367.527902612 1059256 PROBE-server 510
1790397367.527902612 1059257 iou-wrk-1059250 0
1790397367.732737557 1059250 PROBE-server 581
1790397367.732737557 1059256 PROBE-server 520
1790397367.732737557 1059257 iou-wrk-1059250 0
1790397367.937857323 1059250 PROBE-server 594
1790397367.937857323 1059256 PROBE-server 532
1790397367.937857323 1059257 iou-wrk-1059250 0
1790397368.142469997 1059250 PROBE-server 606
1790397368.142469997 1059256 PROBE-server 543
1790397368.142469997 1059257 iou-wrk-1059250 0
1790397368.347400832 1059250 PROBE-server 619
1790397368.347400832 1059256 PROBE-server 555
1790397368.347400832 1059257 iou-wrk-1059250 0
1790397368.552724910 1059250 PROBE-server 631
1790397368.552724910 1059256 PROBE-server 566
1790397368.552724910 1059257 iou-wrk-1059250 0
1790397368.758412078 1059250 PROBE-server 644
1790397368.758412078 1059256 PROBE-server 577
1790397368.758412078 1059257 iou-wrk-1059250 0
1790397368.964223558 1059250 PROBE-server 656
1790397368.964223558 1059256 PROBE-server 589
1790397368.964223558 1059257 iou-wrk-1059250 0
1790397369.169220784 1059250 PROBE-server 669
1790397369.169220784 1059256 PROBE-server 601
1790397369.169220784 1059257 iou-wrk-1059250 0
1790397369.374331130 1059250 PROBE-server 677
1790397369.374331130 1059256 PROBE-server 608
1790397369.374331130 1059257 iou-wrk-1059250 0
