1790397208.318002529 1047800 PROBE-server 0
1790397208.318002529 1047806 PROBE-server 0
1790397208.318002529 1047807 iou-wrk-1047800 0
1790397208.523129176 1047800 PROBE-server 11
1790397208.523129176 1047806 PROBE-server 10
1790397208.523129176 1047807 iou-wrk-1047800 0
1790397208.728007292 1047800 PROBE-server 23
1790397208.728007292 1047806 PROBE-server 23
1790397208.728007292 1047807 iou-wrk-1047800 0
1790397208.932757738 1047800 PROBE-server 35
1790397208.932757738 1047806 PROBE-server 33
1790397208.932757738 1047807 iou-wrk-1047800 0
1790397209.138489368 1047800 PROBE-server 47
1790397209.138489368 1047806 PROBE-server 44
1790397209.138489368 1047807 iou-wrk-1047800 0
1790397209.344041148 1047800 PROBE-server 59
1790397209.344041148 1047806 PROBE-server 56
1790397209.344041148 1047807 iou-wrk-1047800 0
1790397209.549517167 1047800 PROBE-server 71
1790397209.549517167 1047806 PROBE-server 66
1790397209.549517167 1047807 iou-wrk-1047800 0
1790397209.755259947 1047800 PROBE-server 83
1790397209.755259947 1047806 PROBE-server 78
1790397209.755259947 1047807 iou-wrk-1047800 0
1790397209.960984777 1047800 PROBE-server 95
1790397209.960984777 1047806 PROBE-server 90
1790397209.960984777 1047807 iou-wrk-1047800 0
1790397210.166635097 1047800 PROBE-server 106
1790397210.166635097 1047806 PROBE-server 101
1790397210.166635097 1047807 iou-wrk-1047800 0
1790397210.372490408 1047800 PROBE-server 117
1790397210.372490408 1047806 PROBE-server 111
1790397210.372490408 1047807 iou-wrk-1047800 0
1790397210.577289154 1047800 PROBE-server 129
1790397210.577289154 1047806 PROBE-server 123
1790397210.577289154 1047807 iou-wrk-1047800 0
1790397210.782351142 1047800 PROBE-server 141
1790397210.782351142 1047806 PROBE-server 133
1790397210.782351142 1047807 iou-wrk-1047800 0
1790397210.987822911 1047800 PROBE-server 152
1790397210.987822911 1047806 PROBE-server 144
1790397210.987822911 1047807 iou-wrk-1047800 0
1790397211.193281200 1047800 PROBE-server 164
1790397211.193281200 1047806 PROBE-server 156
1790397211.193281200 1047807 iou-wrk-1047800 0
1790397211.399080911 1047800 PROBE-server 176
1790397211.399080911 1047806 PROBE-server 167
1790397211.399080911 1047807 iou-wrk-1047800 0
1790397211.603985148 1047800 PROBE-server 187
1790397211.603985148 1047806 PROBE-server 178
1790397211.603985148 1047807 iou-wrk-1047800 0
1790397211.808966126 1047800 PROBE-server 199
1790397211.808966126 1047806 PROBE-server 189
1790397211.808966126 1047807 iou-wrk-1047800 0
1790397212.014422665 1047800 PROBE-server 210
1790397212.014422665 1047806 PROBE-server 200
1790397212.014422665 1047807 iou-wrk-1047800 0
1790397212.219228232 1047800 PROBE-server 222
1790397212.219228232 1047806 PROBE-server 211
1790397212.219228232 1047807 iou-wrk-1047800 0
1790397212.424762242 1047800 PROBE-server 234
1790397212.424762242 1047806 PROBE-server 221
1790397212.424762242 1047807 iou-wrk-1047800 0
1790397212.630567533 1047800 PROBE-server 246
1790397212.630567533 1047806 PROBE-server 232
1790397212.630567533 1047807 iou-wrk-1047800 0
1790397212.836351574 1047800 PROBE-server 257
1790397212.836351574 1047806 PROBE-server 244
1790397212.836351574 1047807 iou-wrk-1047800 0
1790397213.042283065 1047800 PROBE-server 269
1790397213.042283065 1047806 PROBE-server 255
1790397213.042283065 1047807 iou-wrk-1047800 0
1790397213.247904436 1047800 PROBE-server 281
1790397213.247904436 1047806 PROBE-server 266
1790397213.247904436 1047807 iou-wrk-1047800 0
1790397213.453554537 1047800 PROBE-server 292
1790397213.453554537 1047806 PROBE-server 277
1790397213.453554537 1047807 iou-wrk-1047800 0
1790397213.658918806 1047800 PROBE-server 304
1790397213.658918806 1047806 PROBE-server 288
1790397213.658918806 1047807 iou-wrk-1047800 0
1790397213.864165915 1047800 PROBE-server 316
1790397213.864165915 1047806 PROBE-server 299
1790397213.864165915 1047807 iou-wrk-1047800 0
1790397214.069276683 1047800 PROBE-server 328
1790397214.069276683 1047806 PROBE-server 310
1790397214.069276683 1047807 iou-wrk-1047800 0
1790397214.274760604 1047800 PROBE-server 340
1790397214.274760604 1047806 PROBE-server 321
1790397214.274760604 1047807 iou-wrk-1047800 0
1790397214.480293644 1047800 PROBE-server 351
1790397214.480293644 1047806 PROBE-server 333
1790397214.480293644 1047807 iou-wrk-1047800 0
1790397214.686074545 1047800 PROBE-server 363
1790397214.686074545 1047806 PROBE-server 344
1790397214.686074545 1047807 iou-wrk-1047800 0
1790397214.891328984 1047800 PROBE-server 375
1790397214.891328984 1047806 PROBE-server 355
1790397214.891328984 1047807 iou-wrk-1047800 0
1790397215.097141996 1047800 PROBE-server 387
1790397215.097141996 1047806 PROBE-server 366
1790397215.097141996 1047807 iou-wrk-1047800 0
1790397215.302954558 1047800 PROBE-server 399
1790397215.302954558 1047806 PROBE-server 378
1790397215.302954558 1047807 iou-wrk-1047800 0
1790397215.509104201 1047800 PROBE-server 410
1790397215.509104201 1047806 PROBE-server 388
1790397215.509104201 1047807 iou-wrk-1047800 0
1790397215.714343750 1047800 PROBE-server 422
1790397215.714343750 1047806 PROBE-server 400
1790397215.714343750 1047807 iou-wrk-1047800 0
1790397215.920131352 1047800 PROBE-server 433
1790397215.920131352 1047806 PROBE-server 412
1790397215.920131352 1047807 iou-wrk-1047800 0
1790397216.126072004 1047800 PROBE-server 446
1790397216.126072004 1047806 PROBE-server 422
1790397216.126072004 1047807 iou-wrk-1047800 0
1790397216.331673575 1047800 PROBE-server 458
1790397216.331673575 1047806 PROBE-server 433
1790397216.331673575 1047807 iou-wrk-1047800 0
1790397216.537193096 1047800 PROBE-server 469
1790397216.537193096 1047806 PROBE-server 444
1790397216.537193096 1047807 iou-wrk-1047800 0
1790397216.743151129 1047800 PROBE-server 481
1790397216.743151129 1047806 PROBE-server 456
1790397216.743151129 1047807 iou-wrk-1047800 0
1790397216.948360808 1047800 PROBE-server 493
1790397216.948360808 1047806 PROBE-server 467
1790397216.948360808 1047807 iou-wrk-1047800 0
1790397217.153949259 1047800 PROBE-server 504
1790397217.153949259 1047806 PROBE-server 478
1790397217.153949259 1047807 iou-wrk-1047800 0
1790397217.359773542 1047800 PROBE-server 516
1790397217.359773542 1047806 PROBE-server 489
1790397217.359773542 1047807 iou-wrk-1047800 0
1790397217.565047121 1047800 PROBE-server 527
1790397217.565047121 1047806 PROBE-server 501
1790397217.565047121 1047807 iou-wrk-1047800 0
1790397217.771006894 1047800 PROBE-server 540
1790397217.771006894 1047806 PROBE-server 511
1790397217.771006894 1047807 iou-wrk-1047800 0
1790397217.976393925 1047800 PROBE-server 551
1790397217.976393925 1047806 PROBE-server 523
1790397217.976393925 1047807 iou-wrk-1047800 0
1790397218.181270713 1047800 PROBE-server 562
1790397218.181270713 1047806 PROBE-server 533
1790397218.181270713 1047807 iou-wrk-1047800 0
1790397218.386198781 1047800 PROBE-server 574
1790397218.386198781 1047806 PROBE-server 544
1790397218.386198781 1047807 iou-wrk-1047800 0
1790397218.590961959 1047800 PROBE-server 585
1790397218.590961959 1047806 PROBE-server 556
1790397218.590961959 1047807 iou-wrk-1047800 0
1790397218.796810732 1047800 PROBE-server 597
1790397218.796810732 1047806 PROBE-server 567
1790397218.796810732 1047807 iou-wrk-1047800 0
1790397219.002019092 1047800 PROBE-server 609
1790397219.002019092 1047806 PROBE-server 578
1790397219.002019092 1047807 iou-wrk-1047800 0
1790397219.207957575 1047800 PROBE-server 621
1790397219.207957575 1047806 PROBE-server 589
1790397219.207957575 1047807 iou-wrk-1047800 0
1790397219.413604477 1047800 PROBE-server 628
1790397219.413604477 1047806 PROBE-server 595
1790397219.413604477 1047807 iou-wrk-1047800 0
