1790397136.122998361 1041953 PROBE-server 0
1790397136.122998361 1041959 PROBE-server 0
1790397136.122998361 1041960 iou-wrk-1041953 0
1790397136.328838005 1041953 PROBE-server 10
1790397136.328838005 1041959 PROBE-server 11
1790397136.328838005 1041960 iou-wrk-1041953 0
1790397136.534156617 1041953 PROBE-server 23
1790397136.534156617 1041959 PROBE-server 22
1790397136.534156617 1041960 iou-wrk-1041953 0
1790397136.739251978 1041953 PROBE-server 35
1790397136.739251978 1041959 PROBE-server 34
1790397136.739251978 1041960 iou-wrk-1041953 0
1790397136.943810386 1041953 PROBE-server 46
1790397136.943810386 1041959 PROBE-server 45
1790397136.943810386 1041960 iou-wrk-1041953 0
1790397137.148875507 1041953 PROBE-server 58
1790397137.148875507 1041959 PROBE-server 57
1790397137.148875507 1041960 iou-wrk-1041953 0
1790397137.354716842 1041953 PROBE-server 70
1790397137.354716842 1041959 PROBE-server 68
1790397137.354716842 1041960 iou-wrk-1041953 0
1790397137.560040614 1041953 PROBE-server 81
1790397137.560040614 1041959 PROBE-server 80
1790397137.560040614 1041960 iou-wrk-1041953 0
1790397137.765055544 1041953 PROBE-server 94
1790397137.765055544 1041959 PROBE-server 92
1790397137.765055544 1041960 iou-wrk-1041953 0
1790397137.970889769 1041953 PROBE-server 105
1790397137.970889769 1041959 PROBE-server 103
1790397137.970889769 1041960 iou-wrk-1041953 0
1790397138.176196561 1041953 PROBE-server 117
1790397138.176196561 1041959 PROBE-server 114
1790397138.176196561 1041960 iou-wrk-1041953 0
1790397138.381285502 1041953 PROBE-server 129
1790397138.381285502 1041959 PROBE-server 126
1790397138.381285502 1041960 iou-wrk-1041953 0
1790397138.586365614 1041953 PROBE-server 141
1790397138.586365614 1041959 PROBE-server 137
1790397138.586365614 1041960 iou-wrk-1041953 0
1790397138.791317464 1041953 PROBE-server 153
1790397138.791317464 1041959 PROBE-server 149
1790397138.791317464 1041960 iou-wrk-1041953 0
1790397138.996605057 1041953 PROBE-server 165
1790397138.996605057 1041959 PROBE-server 161
1790397138.996605057 1041960 iou-wrk-1041953 0
1790397139.201232016 1041953 PROBE-server 176
1790397139.201232016 1041959 PROBE-server 172
1790397139.201232016 1041960 iou-wrk-1041953 0
1790397139.406362428 1041953 PROBE-server 188
1790397139.406362428 1041959 PROBE-server 184
1790397139.406362428 1041960 iou-wrk-1041953 0
1790397139.612010802 1041953 PROBE-server 199
1790397139.612010802 1041959 PROBE-server 195
1790397139.612010802 1041960 iou-wrk-1041953 0
1790397139.817408345 1041953 PROBE-server 212
1790397139.817408345 1041959 PROBE-server 207
1790397139.817408345 1041960 iou-wrk-1041953 0
1790397140.022889668 1041953 PROBE-server 223
1790397140.022889668 1041959 PROBE-server 218
1790397140.022889668 1041960 iou-wrk-1041953 0
1790397140.228399072 1041953 PROBE-server 234
1790397140.228399072 1041959 PROBE-server 229
1790397140.228399072 1041960 iou-wrk-1041953 0
1790397140.433847705 1041953 PROBE-server 247
1790397140.433847705 1041959 PROBE-server 241
1790397140.433847705 1041960 iou-wrk-1041953 0
1790397140.639486339 1041953 PROBE-server 259
1790397140.639486339 1041959 PROBE-server 253
1790397140.639486339 1041960 iou-wrk-1041953 0
1790397140.845608515 1041953 PROBE-server 270
1790397140.845608515 1041959 PROBE-server 265
1790397140.845608515 1041960 iou-wrk-1041953 0
1790397141.051253800 1041953 PROBE-server 282
1790397141.051253800 1041959 PROBE-server 277
1790397141.051253800 1041960 iou-wrk-1041953 0
1790397141.256339162 1041953 PROBE-server 294
1790397141.256339162 1041959 PROBE-server 288
1790397141.256339162 1041960 iou-wrk-1041953 0
1790397141.461499524 1041953 PROBE-server 305
1790397141.461499524 1041959 PROBE-server 299
1790397141.461499524 1041960 iou-wrk-1041953 0
1790397141.666690307 1041953 PROBE-server 318
1790397141.666690307 1041959 PROBE-server 310
1790397141.666690307 1041960 iou-wrk-1041953 0
1790397141.871961219 1041953 PROBE-server 330
1790397141.871961219 1041959 PROBE-server 322
1790397141.871961219 1041960 iou-wrk-1041953 0
1790397142.077064331 1041953 PROBE-server 341
1790397142.077064331 1041959 PROBE-server 334
1790397142.077064331 1041960 iou-wrk-1041953 0
1790397142.282197924 1041953 PROBE-server 353
1790397142.282197924 1041959 PROBE-server 346
1790397142.282197924 1041960 iou-wrk-1041953 0
1790397142.487668258 1041953 PROBE-server 365
1790397142.487668258 1041959 PROBE-server 357
1790397142.487668258 1041960 iou-wrk-1041953 0
1790397142.692404139 1041953 PROBE-server 377
1790397142.692404139 1041959 PROBE-server 368
1790397142.692404139 1041960 iou-wrk-1041953 0
1790397142.897748672 1041953 PROBE-server 388
1790397142.897748672 1041959 PROBE-server 380
1790397142.897748672 1041960 iou-wrk-1041953 0
1790397143.102257282 1041953 PROBE-server 400
1790397143.102257282 1041959 PROBE-server 392
1790397143.102257282 1041960 iou-wrk-1041953 0
1790397143.306706232 1041953 PROBE-server 412
1790397143.306706232 1041959 PROBE-server 404
1790397143.306706232 1041960 iou-wrk-1041953 0
1790397143.511667694 1041953 PROBE-server 423
1790397143.511667694 1041959 PROBE-server 415
1790397143.511667694 1041960 iou-wrk-1041953 0
1790397143.716527706 1041953 PROBE-server 436
1790397143.716527706 1041959 PROBE-server 427
1790397143.716527706 1041960 iou-wrk-1041953 0
1790397143.922053490 1041953 PROBE-server 448
1790397143.922053490 1041959 PROBE-server 438
1790397143.922053490 1041960 iou-wrk-1041953 0
1790397144.127941396 1041953 PROBE-server 460
1790397144.127941396 1041959 PROBE-server 449
1790397144.127941396 1041960 iou-wrk-1041953 0
1790397144.333047239 1041953 PROBE-server 471
1790397144.333047239 1041959 PROBE-server 461
1790397144.333047239 1041960 iou-wrk-1041953 0
1790397144.538184002 1041953 PROBE-server 483
1790397144.538184002 1041959 PROBE-server 473
1790397144.538184002 1041960 iou-wrk-1041953 0
1790397144.743403695 1041953 PROBE-server 494
1790397144.743403695 1041959 PROBE-server 484
1790397144.743403695 1041960 iou-wrk-1041953 0
1790397144.948067996 1041953 PROBE-server 506
1790397144.948067996 1041959 PROBE-server 496
1790397144.948067996 1041960 iou-wrk-1041953 0
1790397145.153111429 1041953 PROBE-server 518
1790397145.153111429 1041959 PROBE-server 507
1790397145.153111429 1041960 iou-wrk-1041953 0
1790397145.358141962 1041953 PROBE-server 530
1790397145.358141962 1041959 PROBE-server 518
1790397145.358141962 1041960 iou-wrk-1041953 0
1790397145.563200435 1041953 PROBE-server 541
1790397145.563200435 1041959 PROBE-server 531
1790397145.563200435 1041960 iou-wrk-1041953 0
1790397145.768289378 1041953 PROBE-server 554
1790397145.768289378 1041959 PROBE-server 542
1790397145.768289378 1041960 iou-wrk-1041953 0
1790397145.973202980 1041953 PROBE-server 565
1790397145.973202980 1041959 PROBE-server 553
1790397145.973202980 1041960 iou-wrk-1041953 0
1790397146.178207863 1041953 PROBE-server 577
1790397146.178207863 1041959 PROBE-server 565
1790397146.178207863 1041960 iou-wrk-1041953 0
1790397146.382678494 1041953 PROBE-server 588
1790397146.382678494 1041959 PROBE-server 577
1790397146.382678494 1041960 iou-wrk-1041953 0
1790397146.587273125 1041953 PROBE-server 600
1790397146.587273125 1041959 PROBE-server 588
1790397146.587273125 1041960 iou-wrk-1041953 0
1790397146.791994806 1041953 PROBE-server 612
1790397146.791994806 1041959 PROBE-server 599
1790397146.791994806 1041960 iou-wrk-1041953 0
1790397146.997105550 1041953 PROBE-server 624
1790397146.997105550 1041959 PROBE-server 611
1790397146.997105550 1041960 iou-wrk-1041953 0
1790397147.202921336 1041953 PROBE-server 632
1790397147.202921336 1041959 PROBE-server 619
1790397147.202921336 1041960 iou-wrk-1041953 0
