1790397219.678696034 1048827 PROBE-server 0
1790397219.678696034 1048833 PROBE-server 0
1790397219.678696034 1048834 iou-wrk-1048827 0
1790397219.885277320 1048827 PROBE-server 11
1790397219.885277320 1048833 PROBE-server 10
1790397219.885277320 1048834 iou-wrk-1048827 0
1790397220.090306739 1048827 PROBE-server 22
1790397220.090306739 1048833 PROBE-server 21
1790397220.090306739 1048834 iou-wrk-1048827 0
1790397220.294837476 1048827 PROBE-server 34
1790397220.294837476 1048833 PROBE-server 34
1790397220.294837476 1048834 iou-wrk-1048827 0
1790397220.499431954 1048827 PROBE-server 47
1790397220.499431954 1048833 PROBE-server 45
1790397220.499431954 1048834 iou-wrk-1048827 0
1790397220.704754864 1048827 PROBE-server 59
1790397220.704754864 1048833 PROBE-server 56
1790397220.704754864 1048834 iou-wrk-1048827 0
1790397220.909986954 1048827 PROBE-server 72
1790397220.909986954 1048833 PROBE-server 69
1790397220.909986954 1048834 iou-wrk-1048827 0
1790397221.115491496 1048827 PROBE-server 83
1790397221.115491496 1048833 PROBE-server 81
1790397221.115491496 1048834 iou-wrk-1048827 0
1790397221.319788203 1048827 PROBE-server 95
1790397221.319788203 1048833 PROBE-server 93
1790397221.319788203 1048834 iou-wrk-1048827 0
1790397221.524622141 1048827 PROBE-server 107
1790397221.524622141 1048833 PROBE-server 103
1790397221.524622141 1048834 iou-wrk-1048827 0
1790397221.728827787 1048827 PROBE-server 119
1790397221.728827787 1048833 PROBE-server 115
1790397221.728827787 1048834 iou-wrk-1048827 0
1790397221.933831177 1048827 PROBE-server 131
1790397221.933831177 1048833 PROBE-server 127
1790397221.933831177 1048834 iou-wrk-1048827 0
1790397222.138399875 1048827 PROBE-server 143
1790397222.138399875 1048833 PROBE-server 138
1790397222.138399875 1048834 iou-wrk-1048827 0
1790397222.342998413 1048827 PROBE-server 155
1790397222.342998413 1048833 PROBE-server 150
1790397222.342998413 1048834 iou-wrk-1048827 0
1790397222.547510891 1048827 PROBE-server 167
1790397222.547510891 1048833 PROBE-server 161
1790397222.547510891 1048834 iou-wrk-1048827 0
1790397222.751834897 1048827 PROBE-server 178
1790397222.751834897 1048833 PROBE-server 173
1790397222.751834897 1048834 iou-wrk-1048827 0
1790397222.956382105 1048827 PROBE-server 191
1790397222.956382105 1048833 PROBE-server 184
1790397222.956382105 1048834 iou-wrk-1048827 0
1790397223.161040764 1048827 PROBE-server 202
1790397223.161040764 1048833 PROBE-server 195
1790397223.161040764 1048834 iou-wrk-1048827 0
1790397223.365736583 1048827 PROBE-server 214
1790397223.365736583 1048833 PROBE-server 207
1790397223.365736583 1048834 iou-wrk-1048827 0
1790397223.570301010 1048827 PROBE-server 227
1790397223.570301010 1048833 PROBE-server 218
1790397223.570301010 1048834 iou-wrk-1048827 0
1790397223.774876189 1048827 PROBE-server 238
1790397223.774876189 1048833 PROBE-server 229
1790397223.774876189 1048834 iou-wrk-1048827 0
1790397223.980785972 1048827 PROBE-server 251
1790397223.980785972 1048833 PROBE-server 242
1790397223.980785972 1048834 iou-wrk-1048827 0
1790397224.185766733 1048827 PROBE-server 263
1790397224.185766733 1048833 PROBE-server 254
1790397224.185766733 1048834 iou-wrk-1048827 0
1790397224.391266775 1048827 PROBE-server 276
1790397224.391266775 1048833 PROBE-server 265
1790397224.391266775 1048834 iou-wrk-1048827 0
1790397224.595810823 1048827 PROBE-server 286
1790397224.595810823 1048833 PROBE-server 276
1790397224.595810823 1048834 iou-wrk-1048827 0
1790397224.800324231 1048827 PROBE-server 298
1790397224.800324231 1048833 PROBE-server 288
1790397224.800324231 1048834 iou-wrk-1048827 0
1790397225.004773549 1048827 PROBE-server 311
1790397225.004773549 1048833 PROBE-server 299
1790397225.004773549 1048834 iou-wrk-1048827 0
1790397225.209054517 1048827 PROBE-server 322
1790397225.209054517 1048833 PROBE-server 310
1790397225.209054517 1048834 iou-wrk-1048827 0
1790397225.413471974 1048827 PROBE-server 333
1790397225.413471974 1048833 PROBE-server 322
1790397225.413471974 1048834 iou-wrk-1048827 0
1790397225.618317244 1048827 PROBE-server 346
1790397225.618317244 1048833 PROBE-server 334
1790397225.618317244 1048834 iou-wrk-1048827 0
1790397225.822832282 1048827 PROBE-server 359
1790397225.822832282 1048833 PROBE-server 346
1790397225.822832282 1048834 iou-wrk-1048827 0
1790397226.027804422 1048827 PROBE-server 370
1790397226.027804422 1048833 PROBE-server 357
1790397226.027804422 1048834 iou-wrk-1048827 0
1790397226.232241250 1048827 PROBE-server 382
1790397226.232241250 1048833 PROBE-server 368
1790397226.232241250 1048834 iou-wrk-1048827 0
1790397226.436791129 1048827 PROBE-server 394
1790397226.436791129 1048833 PROBE-server 380
1790397226.436791129 1048834 iou-wrk-1048827 0
1790397226.641920300 1048827 PROBE-server 407
1790397226.641920300 1048833 PROBE-server 392
1790397226.641920300 1048834 iou-wrk-1048827 0
1790397226.847028341 1048827 PROBE-server 419
1790397226.847028341 1048833 PROBE-server 405
1790397226.847028341 1048834 iou-wrk-1048827 0
1790397227.051782280 1048827 PROBE-server 432
1790397227.051782280 1048833 PROBE-server 416
1790397227.051782280 1048834 iou-wrk-1048827 0
1790397227.257611935 1048827 PROBE-server 443
1790397227.257611935 1048833 PROBE-server 427
1790397227.257611935 1048834 iou-wrk-1048827 0
1790397227.463615560 1048827 PROBE-server 455
1790397227.463615560 1048833 PROBE-server 439
1790397227.463615560 1048834 iou-wrk-1048827 0
1790397227.669231983 1048827 PROBE-server 467
1790397227.669231983 1048833 PROBE-server 449
1790397227.669231983 1048834 iou-wrk-1048827 0
1790397227.874760416 1048827 PROBE-server 477
1790397227.874760416 1048833 PROBE-server 460
1790397227.874760416 1048834 iou-wrk-1048827 0
1790397228.081722245 1048827 PROBE-server 490
1790397228.081722245 1048833 PROBE-server 472
1790397228.081722245 1048834 iou-wrk-1048827 0
1790397228.286748336 1048827 PROBE-server 500
1790397228.286748336 1048833 PROBE-server 483
1790397228.286748336 1048834 iou-wrk-1048827 0
1790397228.491670387 1048827 PROBE-server 512
1790397228.491670387 1048833 PROBE-server 495
1790397228.491670387 1048834 iou-wrk-1048827 0
1790397228.697409221 1048827 PROBE-server 524
1790397228.697409221 1048833 PROBE-server 506
1790397228.697409221 1048834 iou-wrk-1048827 0
1790397228.903188526 1048827 PROBE-server 536
1790397228.903188526 1048833 PROBE-server 517
1790397228.903188526 1048834 iou-wrk-1048827 0
1790397229.109087840 1048827 PROBE-server 548
1790397229.109087840 1048833 PROBE-server 528
1790397229.109087840 1048834 iou-wrk-1048827 0
1790397229.314227652 1048827 PROBE-server 559
1790397229.314227652 1048833 PROBE-server 539
1790397229.314227652 1048834 iou-wrk-1048827 0
1790397229.519081683 1048827 PROBE-server 571
1790397229.519081683 1048833 PROBE-server 551
1790397229.519081683 1048834 iou-wrk-1048827 0
1790397229.724488525 1048827 PROBE-server 583
1790397229.724488525 1048833 PROBE-server 561
1790397229.724488525 1048834 iou-wrk-1048827 0
1790397229.930742232 1048827 PROBE-server 595
1790397229.930742232 1048833 PROBE-server 573
1790397229.930742232 1048834 iou-wrk-1048827 0
1790397230.136581757 1048827 PROBE-server 607
1790397230.136581757 1048833 PROBE-server 585
1790397230.136581757 1048834 iou-wrk-1048827 0
1790397230.342181801 1048827 PROBE-server 619
1790397230.342181801 1048833 PROBE-server 597
1790397230.342181801 1048834 iou-wrk-1048827 0
1790397230.547348443 1048827 PROBE-server 630
1790397230.547348443 1048833 PROBE-server 608
1790397230.547348443 1048834 iou-wrk-1048827 0
1790397230.752193714 1048827 PROBE-server 638
1790397230.752193714 1048833 PROBE-server 616
1790397230.752193714 1048834 iou-wrk-1048827 0
