1790397275.133341084 1052950 PROBE-server 0
1790397275.133341084 1052956 PROBE-server 0
1790397275.133341084 1052957 iou-wrk-1052950 0
1790397275.339316749 1052950 PROBE-server 11
1790397275.339316749 1052956 PROBE-server 11
1790397275.339316749 1052957 iou-wrk-1052950 0
1790397275.545391943 1052950 PROBE-server 25
1790397275.545391943 1052956 PROBE-server 22
1790397275.545391943 1052957 iou-wrk-1052950 0
1790397275.751218557 1052950 PROBE-server 37
1790397275.751218557 1052956 PROBE-server 33
1790397275.751218557 1052957 iou-wrk-1052950 0
1790397275.956850050 1052950 PROBE-server 49
1790397275.956850050 1052956 PROBE-server 44
1790397275.956850050 1052957 iou-wrk-1052950 0
1790397276.161895180 1052950 PROBE-server 62
1790397276.161895180 1052956 PROBE-server 55
1790397276.161895180 1052957 iou-wrk-1052950 0
1790397276.366480519 1052950 PROBE-server 75
1790397276.366480519 1052956 PROBE-server 66
1790397276.366480519 1052957 iou-wrk-1052950 0
1790397276.571404438 1052950 PROBE-server 87
1790397276.571404438 1052956 PROBE-server 77
1790397276.571404438 1052957 iou-wrk-1052950 0
1790397276.777087142 1052950 PROBE-server 100
1790397276.777087142 1052956 PROBE-server 88
1790397276.777087142 1052957 iou-wrk-1052950 0
1790397276.982926266 1052950 PROBE-server 112
1790397276.982926266 1052956 PROBE-server 99
1790397276.982926266 1052957 iou-wrk-1052950 0
1790397277.188219367 1052950 PROBE-server 125
1790397277.188219367 1052956 PROBE-server 111
1790397277.188219367 1052957 iou-wrk-1052950 0
1790397277.393642500 1052950 PROBE-server 138
1790397277.393642500 1052956 PROBE-server 121
1790397277.393642500 1052957 iou-wrk-1052950 0
1790397277.598760670 1052950 PROBE-server 150
1790397277.598760670 1052956 PROBE-server 132
1790397277.598760670 1052957 iou-wrk-1052950 0
1790397277.803281719 1052950 PROBE-server 163
1790397277.803281719 1052956 PROBE-server 144
1790397277.803281719 1052957 iou-wrk-1052950 0
1790397278.008132589 1052950 PROBE-server 176
1790397278.008132589 1052956 PROBE-server 155
1790397278.008132589 1052957 iou-wrk-1052950 0
1790397278.213397290 1052950 PROBE-server 188
1790397278.213397290 1052956 PROBE-server 166
1790397278.213397290 1052957 iou-wrk-1052950 0
1790397278.418484591 1052950 PROBE-server 202
1790397278.418484591 1052956 PROBE-server 176
1790397278.418484591 1052957 iou-wrk-1052950 0
1790397278.624056194 1052950 PROBE-server 213
1790397278.624056194 1052956 PROBE-server 188
1790397278.624056194 1052957 iou-wrk-1052950 0
1790397278.829634987 1052950 PROBE-server 226
1790397278.829634987 1052956 PROBE-server 199
1790397278.829634987 1052957 iou-wrk-1052950 0
1790397279.035219631 1052950 PROBE-server 239
1790397279.035219631 1052956 PROBE-server 211
1790397279.035219631 1052957 iou-wrk-1052950 0
1790397279.240620863 1052950 PROBE-server 251
1790397279.240620863 1052956 PROBE-server 222
1790397279.240620863 1052957 iou-wrk-1052950 0
1790397279.445346523 1052950 PROBE-server 264
1790397279.445346523 1052956 PROBE-server 233
1790397279.445346523 1052957 iou-wrk-1052950 0
1790397279.650682035 1052950 PROBE-server 277
1790397279.650682035 1052956 PROBE-server 244
1790397279.650682035 1052957 iou-wrk-1052950 0
1790397279.856638840 1052950 PROBE-server 290
1790397279.856638840 1052956 PROBE-server 255
1790397279.856638840 1052957 iou-wrk-1052950 0
1790397280.061949522 1052950 PROBE-server 302
1790397280.061949522 1052956 PROBE-server 266
1790397280.061949522 1052957 iou-wrk-1052950 0
1790397280.267428445 1052950 PROBE-server 314
1790397280.267428445 1052956 PROBE-server 278
1790397280.267428445 1052957 iou-wrk-1052950 0
1790397280.472970019 1052950 PROBE-server 328
1790397280.472970019 1052956 PROBE-server 288
1790397280.472970019 1052957 iou-wrk-1052950 0
1790397280.678007030 1052950 PROBE-server 340
1790397280.678007030 1052956 PROBE-server 300
1790397280.678007030 1052957 iou-wrk-1052950 0
1790397280.882598879 1052950 PROBE-server 352
1790397280.882598879 1052956 PROBE-server 311
1790397280.882598879 1052957 iou-wrk-1052950 0
1790397281.088095302 1052950 PROBE-server 365
1790397281.088095302 1052956 PROBE-server 322
1790397281.088095302 1052957 iou-wrk-1052950 0
1790397281.292719992 1052950 PROBE-server 376
1790397281.292719992 1052956 PROBE-server 334
1790397281.292719992 1052957 iou-wrk-1052950 0
1790397281.497445192 1052950 PROBE-server 390
1790397281.497445192 1052956 PROBE-server 345
1790397281.497445192 1052957 iou-wrk-1052950 0
1790397281.703044926 1052950 PROBE-server 402
1790397281.703044926 1052956 PROBE-server 356
1790397281.703044926 1052957 iou-wrk-1052950 0
1790397281.908581119 1052950 PROBE-server 414
1790397281.908581119 1052956 PROBE-server 367
1790397281.908581119 1052957 iou-wrk-1052950 0
1790397282.113200699 1052950 PROBE-server 427
1790397282.113200699 1052956 PROBE-server 378
1790397282.113200699 1052957 iou-wrk-1052950 0
1790397282.318818043 1052950 PROBE-server 440
1790397282.318818043 1052956 PROBE-server 389
1790397282.318818043 1052957 iou-wrk-1052950 0
1790397282.524336886 1052950 PROBE-server 452
1790397282.524336886 1052956 PROBE-server 400
1790397282.524336886 1052957 iou-wrk-1052950 0
1790397282.729494108 1052950 PROBE-server 465
1790397282.729494108 1052956 PROBE-server 412
1790397282.729494108 1052957 iou-wrk-1052950 0
1790397282.934854771 1052950 PROBE-server 478
1790397282.934854771 1052956 PROBE-server 423
1790397282.934854771 1052957 iou-wrk-1052950 0
1790397283.140219344 1052950 PROBE-server 490
1790397283.140219344 1052956 PROBE-server 433
1790397283.140219344 1052957 iou-wrk-1052950 0
1790397283.346152440 1052950 PROBE-server 503
1790397283.346152440 1052956 PROBE-server 445
1790397283.346152440 1052957 iou-wrk-1052950 0
1790397283.552323526 1052950 PROBE-server 515
1790397283.552323526 1052956 PROBE-server 456
1790397283.552323526 1052957 iou-wrk-1052950 0
1790397283.757156647 1052950 PROBE-server 528
1790397283.757156647 1052956 PROBE-server 468
1790397283.757156647 1052957 iou-wrk-1052950 0
1790397283.962387370 1052950 PROBE-server 541
1790397283.962387370 1052956 PROBE-server 478
1790397283.962387370 1052957 iou-wrk-1052950 0
1790397284.168326116 1052950 PROBE-server 553
1790397284.168326116 1052956 PROBE-server 490
1790397284.168326116 1052957 iou-wrk-1052950 0
1790397284.374013050 1052950 PROBE-server 566
1790397284.374013050 1052956 PROBE-server 501
1790397284.374013050 1052957 iou-wrk-1052950 0
1790397284.579407144 1052950 PROBE-server 578
1790397284.579407144 1052956 PROBE-server 512
1790397284.579407144 1052957 iou-wrk-1052950 0
1790397284.785598931 1052950 PROBE-server 591
1790397284.785598931 1052956 PROBE-server 524
1790397284.785598931 1052957 iou-wrk-1052950 0
1790397284.990728473 1052950 PROBE-server 604
1790397284.990728473 1052956 PROBE-server 535
1790397284.990728473 1052957 iou-wrk-1052950 0
1790397285.196375827 1052950 PROBE-server 616
1790397285.196375827 1052956 PROBE-server 546
1790397285.196375827 1052957 iou-wrk-1052950 0
1790397285.402206103 1052950 PROBE-server 629
1790397285.402206103 1052956 PROBE-server 557
1790397285.402206103 1052957 iou-wrk-1052950 0
1790397285.607753397 1052950 PROBE-server 642
1790397285.607753397 1052956 PROBE-server 569
1790397285.607753397 1052957 iou-wrk-1052950 0
1790397285.813430782 1052950 PROBE-server 655
1790397285.813430782 1052956 PROBE-server 580
1790397285.813430782 1052957 iou-wrk-1052950 0
1790397286.018597415 1052950 PROBE-server 668
1790397286.018597415 1052956 PROBE-server 591
1790397286.018597415 1052957 iou-wrk-1052950 0
1790397286.223579837 1052950 PROBE-server 675
1790397286.223579837 1052956 PROBE-server 598
1790397286.223579837 1052957 iou-wrk-1052950 0
