1790397469.630780313 1067811 PROBE-server 0
1790397469.630780313 1067817 PROBE-server 0
1790397469.630780313 1067818 iou-wrk-1067811 0
1790397469.836405016 1067811 PROBE-server 11
1790397469.836405016 1067817 PROBE-server 10
1790397469.836405016 1067818 iou-wrk-1067811 0
1790397470.043012753 1067811 PROBE-server 23
1790397470.043012753 1067817 PROBE-server 22
1790397470.043012753 1067818 iou-wrk-1067811 0
1790397470.248861897 1067811 PROBE-server 35
1790397470.248861897 1067817 PROBE-server 33
1790397470.248861897 1067818 iou-wrk-1067811 0
1790397470.453930997 1067811 PROBE-server 46
1790397470.453930997 1067817 PROBE-server 44
1790397470.453930997 1067818 iou-wrk-1067811 0
1790397470.660223033 1067811 PROBE-server 59
1790397470.660223033 1067817 PROBE-server 56
1790397470.660223033 1067818 iou-wrk-1067811 0
1790397470.865459574 1067811 PROBE-server 71
1790397470.865459574 1067817 PROBE-server 68
1790397470.865459574 1067818 iou-wrk-1067811 0
1790397471.071366268 1067811 PROBE-server 82
1790397471.071366268 1067817 PROBE-server 79
1790397471.071366268 1067818 iou-wrk-1067811 0
1790397471.277193412 1067811 PROBE-server 95
1790397471.277193412 1067817 PROBE-server 90
1790397471.277193412 1067818 iou-wrk-1067811 0
1790397471.483140827 1067811 PROBE-server 107
1790397471.483140827 1067817 PROBE-server 102
1790397471.483140827 1067818 iou-wrk-1067811 0
1790397471.689210372 1067811 PROBE-server 118
1790397471.689210372 1067817 PROBE-server 113
1790397471.689210372 1067818 iou-wrk-1067811 0
1790397471.894675734 1067811 PROBE-server 130
1790397471.894675734 1067817 PROBE-server 125
1790397471.894675734 1067818 iou-wrk-1067811 0
1790397472.099969846 1067811 PROBE-server 142
1790397472.099969846 1067817 PROBE-server 136
1790397472.099969846 1067818 iou-wrk-1067811 0
1790397472.305863730 1067811 PROBE-server 154
1790397472.305863730 1067817 PROBE-server 148
1790397472.305863730 1067818 iou-wrk-1067811 0
1790397472.511626944 1067811 PROBE-server 166
1790397472.511626944 1067817 PROBE-server 159
1790397472.511626944 1067818 iou-wrk-1067811 0
1790397472.717264937 1067811 PROBE-server 178
1790397472.717264937 1067817 PROBE-server 170
1790397472.717264937 1067818 iou-wrk-1067811 0
1790397472.923070791 1067811 PROBE-server 191
1790397472.923070791 1067817 PROBE-server 182
1790397472.923070791 1067818 iou-wrk-1067811 0
1790397473.128294872 1067811 PROBE-server 203
1790397473.128294872 1067817 PROBE-server 193
1790397473.128294872 1067818 iou-wrk-1067811 0
1790397473.333929596 1067811 PROBE-server 215
1790397473.333929596 1067817 PROBE-server 205
1790397473.333929596 1067818 iou-wrk-1067811 0
1790397473.538858666 1067811 PROBE-server 227
1790397473.538858666 1067817 PROBE-server 217
1790397473.538858666 1067818 iou-wrk-1067811 0
1790397473.744739740 1067811 PROBE-server 239
1790397473.744739740 1067817 PROBE-server 228
1790397473.744739740 1067818 iou-wrk-1067811 0
1790397473.950423964 1067811 PROBE-server 251
1790397473.950423964 1067817 PROBE-server 239
1790397473.950423964 1067818 iou-wrk-1067811 0
1790397474.156037687 1067811 PROBE-server 263
1790397474.156037687 1067817 PROBE-server 250
1790397474.156037687 1067818 iou-wrk-1067811 0
1790397474.361092418 1067811 PROBE-server 275
1790397474.361092418 1067817 PROBE-server 261
1790397474.361092418 1067818 iou-wrk-1067811 0
1790397474.566896622 1067811 PROBE-server 287
1790397474.566896622 1067817 PROBE-server 273
1790397474.566896622 1067818 iou-wrk-1067811 0
1790397474.772025453 1067811 PROBE-server 300
1790397474.772025453 1067817 PROBE-server 284
1790397474.772025453 1067818 iou-wrk-1067811 0
1790397474.977613246 1067811 PROBE-server 311
1790397474.977613246 1067817 PROBE-server 296
1790397474.977613246 1067818 iou-wrk-1067811 0
1790397475.182817398 1067811 PROBE-server 323
1790397475.182817398 1067817 PROBE-server 307
1790397475.182817398 1067818 iou-wrk-1067811 0
1790397475.388193320 1067811 PROBE-server 335
1790397475.388193320 1067817 PROBE-server 319
1790397475.388193320 1067818 iou-wrk-1067811 0
1790397475.593944574 1067811 PROBE-server 348
1790397475.593944574 1067817 PROBE-server 330
1790397475.593944574 1067818 iou-wrk-1067811 0
1790397475.799086886 1067811 PROBE-server 359
1790397475.799086886 1067817 PROBE-server 341
1790397475.799086886 1067818 iou-wrk-1067811 0
1790397476.004439608 1067811 PROBE-server 372
1790397476.004439608 1067817 PROBE-server 353
1790397476.004439608 1067818 iou-wrk-1067811 0
1790397476.209667830 1067811 PROBE-server 383
1790397476.209667830 1067817 PROBE-server 365
1790397476.209667830 1067818 iou-wrk-1067811 0
1790397476.415325684 1067811 PROBE-server 396
1790397476.415325684 1067817 PROBE-server 376
1790397476.415325684 1067818 iou-wrk-1067811 0
1790397476.620674766 1067811 PROBE-server 408
1790397476.620674766 1067817 PROBE-server 388
1790397476.620674766 1067818 iou-wrk-1067811 0
1790397476.825416866 1067811 PROBE-server 420
1790397476.825416866 1067817 PROBE-server 399
1790397476.825416866 1067818 iou-wrk-1067811 0
1790397477.030687048 1067811 PROBE-server 432
1790397477.030687048 1067817 PROBE-server 411
1790397477.030687048 1067818 iou-wrk-1067811 0
1790397477.235466178 1067811 PROBE-server 444
1790397477.235466178 1067817 PROBE-server 422
1790397477.235466178 1067818 iou-wrk-1067811 0
1790397477.440835540 1067811 PROBE-server 455
1790397477.440835540 1067817 PROBE-server 434
1790397477.440835540 1067818 iou-wrk-1067811 0
1790397477.646190483 1067811 PROBE-server 467
1790397477.646190483 1067817 PROBE-server 445
1790397477.646190483 1067818 iou-wrk-1067811 0
1790397477.851595925 1067811 PROBE-server 479
1790397477.851595925 1067817 PROBE-server 456
1790397477.851595925 1067818 iou-wrk-1067811 0
1790397478.057094579 1067811 PROBE-server 492
1790397478.057094579 1067817 PROBE-server 468
1790397478.057094579 1067818 iou-wrk-1067811 0
1790397478.262021389 1067811 PROBE-server 504
1790397478.262021389 1067817 PROBE-server 480
1790397478.262021389 1067818 iou-wrk-1067811 0
1790397478.466873020 1067811 PROBE-server 516
1790397478.466873020 1067817 PROBE-server 491
1790397478.466873020 1067818 iou-wrk-1067811 0
1790397478.671656650 1067811 PROBE-server 528
1790397478.671656650 1067817 PROBE-server 502
1790397478.671656650 1067818 iou-wrk-1067811 0
1790397478.876469910 1067811 PROBE-server 540
1790397478.876469910 1067817 PROBE-server 514
1790397478.876469910 1067818 iou-wrk-1067811 0
1790397479.081835703 1067811 PROBE-server 552
1790397479.081835703 1067817 PROBE-server 525
1790397479.081835703 1067818 iou-wrk-1067811 0
1790397479.287202086 1067811 PROBE-server 564
1790397479.287202086 1067817 PROBE-server 537
1790397479.287202086 1067818 iou-wrk-1067811 0
1790397479.492314078 1067811 PROBE-server 577
1790397479.492314078 1067817 PROBE-server 549
1790397479.492314078 1067818 iou-wrk-1067811 0
1790397479.697102778 1067811 PROBE-server 589
1790397479.697102778 1067817 PROBE-server 560
1790397479.697102778 1067818 iou-wrk-1067811 0
1790397479.902764872 1067811 PROBE-server 601
1790397479.902764872 1067817 PROBE-server 571
1790397479.902764872 1067818 iou-wrk-1067811 0
1790397480.108760938 1067811 PROBE-server 613
1790397480.108760938 1067817 PROBE-server 583
1790397480.108760938 1067818 iou-wrk-1067811 0
1790397480.314529682 1067811 PROBE-server 625
1790397480.314529682 1067817 PROBE-server 595
1790397480.314529682 1067818 iou-wrk-1067811 0
1790397480.519848705 1067811 PROBE-server 638
1790397480.519848705 1067817 PROBE-server 606
1790397480.519848705 1067818 iou-wrk-1067811 0
1790397480.725962412 1067811 PROBE-server 644
1790397480.725962412 1067817 PROBE-server 613
1790397480.725962412 1067818 iou-wrk-1067811 0
