1790393679.590329657 951354 PROBE-server 0
1790393679.590329657 951359 PROBE-server 0
1790393679.590329657 951360 iou-wrk-951354 0
1790393679.796289990 951354 PROBE-server 9
1790393679.796289990 951359 PROBE-server 0
1790393679.796289990 951360 iou-wrk-951354 0
1790393680.002467093 951354 PROBE-server 20
1790393680.002467093 951359 PROBE-server 0
1790393680.002467093 951360 iou-wrk-951354 0
1790393680.207872204 951354 PROBE-server 30
1790393680.207872204 951359 PROBE-server 0
1790393680.207872204 951360 iou-wrk-951354 0
1790393680.413290855 951354 PROBE-server 40
1790393680.413290855 951359 PROBE-server 0
1790393680.413290855 951360 iou-wrk-951354 0
1790393680.618807296 951354 PROBE-server 50
1790393680.618807296 951359 PROBE-server 0
1790393680.618807296 951360 iou-wrk-951354 0
1790393680.824159116 951354 PROBE-server 61
1790393680.824159116 951359 PROBE-server 0
1790393680.824159116 951360 iou-wrk-951354 0
1790393681.029468066 951354 PROBE-server 71
1790393681.029468066 951359 PROBE-server 0
1790393681.029468066 951360 iou-wrk-951354 0
1790393681.234643256 951354 PROBE-server 81
1790393681.234643256 951359 PROBE-server 0
1790393681.234643256 951360 iou-wrk-951354 0
1790393681.440398298 951354 PROBE-server 91
1790393681.440398298 951359 PROBE-server 0
1790393681.440398298 951360 iou-wrk-951354 0
1790393681.645901319 951354 PROBE-server 102
1790393681.645901319 951359 PROBE-server 0
1790393681.645901319 951360 iou-wrk-951354 0
1790393681.851187330 951354 PROBE-server 112
1790393681.851187330 951359 PROBE-server 0
1790393681.851187330 951360 iou-wrk-951354 0
1790393682.056746171 951354 PROBE-server 122
1790393682.056746171 951359 PROBE-server 0
1790393682.056746171 951360 iou-wrk-951354 0
1790393682.261655750 951354 PROBE-server 133
1790393682.261655750 951359 PROBE-server 0
1790393682.261655750 951360 iou-wrk-951354 0
1790393682.466970980 951354 PROBE-server 144
1790393682.466970980 951359 PROBE-server 0
1790393682.466970980 951360 iou-wrk-951354 0
1790393682.672143290 951354 PROBE-server 154
1790393682.672143290 951359 PROBE-server 0
1790393682.672143290 951360 iou-wrk-951354 0
1790393682.877434831 951354 PROBE-server 164
1790393682.877434831 951359 PROBE-server 0
1790393682.877434831 951360 iou-wrk-951354 0
1790393683.082617601 951354 PROBE-server 175
1790393683.082617601 951359 PROBE-server 0
1790393683.082617601 951360 iou-wrk-951354 0
1790393683.288081632 951354 PROBE-server 186
1790393683.288081632 951359 PROBE-server 0
1790393683.288081632 951360 iou-wrk-951354 0
1790393683.493164532 951354 PROBE-server 196
1790393683.493164532 951359 PROBE-server 0
1790393683.493164532 951360 iou-wrk-951354 0
1790393683.698768264 951354 PROBE-server 207
1790393683.698768264 951359 PROBE-server 0
1790393683.698768264 951360 iou-wrk-951354 0
1790393683.904511337 951354 PROBE-server 217
1790393683.904511337 951359 PROBE-server 0
1790393683.904511337 951360 iou-wrk-951354 0
1790393684.110037698 951354 PROBE-server 228
1790393684.110037698 951359 PROBE-server 0
1790393684.110037698 951360 iou-wrk-951354 0
1790393684.315461290 951354 PROBE-server 238
1790393684.315461290 951359 PROBE-server 0
1790393684.315461290 951360 iou-wrk-951354 0
1790393684.521067342 951354 PROBE-server 248
1790393684.521067342 951359 PROBE-server 0
1790393684.521067342 951360 iou-wrk-951354 0
1790393684.726596854 951354 PROBE-server 259
1790393684.726596854 951359 PROBE-server 0
1790393684.726596854 951360 iou-wrk-951354 0
1790393684.931962295 951354 PROBE-server 270
1790393684.931962295 951359 PROBE-server 0
1790393684.931962295 951360 iou-wrk-951354 0
1790393685.137715588 951354 PROBE-server 281
1790393685.137715588 951359 PROBE-server 0
1790393685.137715588 951360 iou-wrk-951354 0
1790393685.342851349 951354 PROBE-server 291
1790393685.342851349 951359 PROBE-server 0
1790393685.342851349 951360 iou-wrk-951354 0
1790393685.548182510 951354 PROBE-server 302
1790393685.548182510 951359 PROBE-server 0
1790393685.548182510 951360 iou-wrk-951354 0
1790393685.753332040 951354 PROBE-server 312
1790393685.753332040 951359 PROBE-server 0
1790393685.753332040 951360 iou-wrk-951354 0
1790393685.958924923 951354 PROBE-server 323
1790393685.958924923 951359 PROBE-server 0
1790393685.958924923 951360 iou-wrk-951354 0
1790393686.164333124 951354 PROBE-server 334
1790393686.164333124 951359 PROBE-server 0
1790393686.164333124 951360 iou-wrk-951354 0
1790393686.369914197 951354 PROBE-server 344
1790393686.369914197 951359 PROBE-server 0
1790393686.369914197 951360 iou-wrk-951354 0
1790393686.575339449 951354 PROBE-server 355
1790393686.575339449 951359 PROBE-server 0
1790393686.575339449 951360 iou-wrk-951354 0
1790393686.780208278 951354 PROBE-server 365
1790393686.780208278 951359 PROBE-server 0
1790393686.780208278 951360 iou-wrk-951354 0
1790393686.985548560 951354 PROBE-server 375
1790393686.985548560 951359 PROBE-server 0
1790393686.985548560 951360 iou-wrk-951354 0
1790393687.190911291 951354 PROBE-server 386
1790393687.190911291 951359 PROBE-server 0
1790393687.190911291 951360 iou-wrk-951354 0
1790393687.396066952 951354 PROBE-server 397
1790393687.396066952 951359 PROBE-server 0
1790393687.396066952 951360 iou-wrk-951354 0
1790393687.601661845 951354 PROBE-server 407
1790393687.601661845 951359 PROBE-server 0
1790393687.601661845 951360 iou-wrk-951354 0
1790393687.806841796 951354 PROBE-server 417
1790393687.806841796 951359 PROBE-server 0
1790393687.806841796 951360 iou-wrk-951354 0
1790393688.012459929 951354 PROBE-server 428
1790393688.012459929 951359 PROBE-server 1
1790393688.012459929 951360 iou-wrk-951354 0
1790393688.217699530 951354 PROBE-server 439
1790393688.217699530 951359 PROBE-server 1
1790393688.217699530 951360 iou-wrk-951354 0
1790393688.422950212 951354 PROBE-server 450
1790393688.422950212 951359 PROBE-server 1
1790393688.422950212 951360 iou-wrk-951354 0
1790393688.628425174 951354 PROBE-server 459
1790393688.628425174 951359 PROBE-server 1
1790393688.628425174 951360 iou-wrk-951354 0
1790393688.833706726 951354 PROBE-server 470
1790393688.833706726 951359 PROBE-server 1
1790393688.833706726 951360 iou-wrk-951354 0
1790393689.038603706 951354 PROBE-server 480
1790393689.038603706 951359 PROBE-server 1
1790393689.038603706 951360 iou-wrk-951354 0
1790393689.243549576 951354 PROBE-server 490
1790393689.243549576 951359 PROBE-server 1
1790393689.243549576 951360 iou-wrk-951354 0
1790393689.448899888 951354 PROBE-server 502
1790393689.448899888 951359 PROBE-server 1
1790393689.448899888 951360 iou-wrk-951354 0
1790393689.654293010 951354 PROBE-server 512
1790393689.654293010 951359 PROBE-server 1
1790393689.654293010 951360 iou-wrk-951354 0
1790393689.859658113 951354 PROBE-server 522
1790393689.859658113 951359 PROBE-server 1
1790393689.859658113 951360 iou-wrk-951354 0
1790393690.065289626 951354 PROBE-server 533
1790393690.065289626 951359 PROBE-server 1
1790393690.065289626 951360 iou-wrk-951354 0
1790393690.270697589 951354 PROBE-server 543
1790393690.270697589 951359 PROBE-server 1
1790393690.270697589 951360 iou-wrk-951354 0
1790393690.476134001 951354 PROBE-server 553
1790393690.476134001 951359 PROBE-server 1
1790393690.476134001 951360 iou-wrk-951354 0
1790393690.681366443 951354 PROBE-server 560
1790393690.681366443 951359 PROBE-server 1
1790393690.681366443 951360 iou-wrk-951354 0
