1790393283.003016701 923603 PROBE-server 0
1790393283.003016701 923608 PROBE-server 0
1790393283.003016701 923609 iou-wrk-923603 0
1790393283.209302554 923603 PROBE-server 19
1790393283.209302554 923608 PROBE-server 0
1790393283.209302554 923609 iou-wrk-923603 0
1790393283.414387773 923603 PROBE-server 39
1790393283.414387773 923608 PROBE-server 0
1790393283.414387773 923609 iou-wrk-923603 0
1790393283.618861399 923603 PROBE-server 59
1790393283.618861399 923608 PROBE-server 0
1790393283.618861399 923609 iou-wrk-923603 0
1790393283.823562316 923603 PROBE-server 80
1790393283.823562316 923608 PROBE-server 0
1790393283.823562316 923609 iou-wrk-923603 0
1790393284.028752595 923603 PROBE-server 100
1790393284.028752595 923608 PROBE-server 0
1790393284.028752595 923609 iou-wrk-923603 0
1790393284.233663753 923603 PROBE-server 119
1790393284.233663753 923608 PROBE-server 0
1790393284.233663753 923609 iou-wrk-923603 0
1790393284.437976189 923603 PROBE-server 139
1790393284.437976189 923608 PROBE-server 0
1790393284.437976189 923609 iou-wrk-923603 0
1790393284.642441356 923603 PROBE-server 160
1790393284.642441356 923608 PROBE-server 0
1790393284.642441356 923609 iou-wrk-923603 0
1790393284.846926082 923603 PROBE-server 180
1790393284.846926082 923608 PROBE-server 0
1790393284.846926082 923609 iou-wrk-923603 0
1790393285.052546744 923603 PROBE-server 200
1790393285.052546744 923608 PROBE-server 0
1790393285.052546744 923609 iou-wrk-923603 0
1790393285.257321282 923603 PROBE-server 220
1790393285.257321282 923608 PROBE-server 0
1790393285.257321282 923609 iou-wrk-923603 0
1790393285.461978990 923603 PROBE-server 240
1790393285.461978990 923608 PROBE-server 0
1790393285.461978990 923609 iou-wrk-923603 0
1790393285.666976379 923603 PROBE-server 260
1790393285.666976379 923608 PROBE-server 0
1790393285.666976379 923609 iou-wrk-923603 0
1790393285.872305119 923603 PROBE-server 280
1790393285.872305119 923608 PROBE-server 0
1790393285.872305119 923609 iou-wrk-923603 0
1790393286.077236248 923603 PROBE-server 301
1790393286.077236248 923608 PROBE-server 0
1790393286.077236248 923609 iou-wrk-923603 0
1790393286.282169737 923603 PROBE-server 320
1790393286.282169737 923608 PROBE-server 0
1790393286.282169737 923609 iou-wrk-923603 0
1790393286.487232307 923603 PROBE-server 341
1790393286.487232307 923608 PROBE-server 0
1790393286.487232307 923609 iou-wrk-923603 0
1790393286.692441987 923603 PROBE-server 361
1790393286.692441987 923608 PROBE-server 0
1790393286.692441987 923609 iou-wrk-923603 0
1790393286.897064095 923603 PROBE-server 381
1790393286.897064095 923608 PROBE-server 0
1790393286.897064095 923609 iou-wrk-923603 0
1790393287.101812044 923603 PROBE-server 401
1790393287.101812044 923608 PROBE-server 0
1790393287.101812044 923609 iou-wrk-923603 0
1790393287.306093251 923603 PROBE-server 422
1790393287.306093251 923608 PROBE-server 0
1790393287.306093251 923609 iou-wrk-923603 0
1790393287.510647129 923603 PROBE-server 442
1790393287.510647129 923608 PROBE-server 0
1790393287.510647129 923609 iou-wrk-923603 0
1790393287.716109561 923603 PROBE-server 462
1790393287.716109561 923608 PROBE-server 0
1790393287.716109561 923609 iou-wrk-923603 0
1790393287.921604613 923603 PROBE-server 482
1790393287.921604613 923608 PROBE-server 0
1790393287.921604613 923609 iou-wrk-923603 0
1790393288.126356242 923603 PROBE-server 502
1790393288.126356242 923608 PROBE-server 0
1790393288.126356242 923609 iou-wrk-923603 0
1790393288.330845410 923603 PROBE-server 522
1790393288.330845410 923608 PROBE-server 0
1790393288.330845410 923609 iou-wrk-923603 0
1790393288.535310549 923603 PROBE-server 542
1790393288.535310549 923608 PROBE-server 0
1790393288.535310549 923609 iou-wrk-923603 0
1790393288.739701897 923603 PROBE-server 562
1790393288.739701897 923608 PROBE-server 0
1790393288.739701897 923609 iou-wrk-923603 0
1790393288.944211965 923603 PROBE-server 582
1790393288.944211965 923608 PROBE-server 0
1790393288.944211965 923609 iou-wrk-923603 0
1790393289.149288946 923603 PROBE-server 602
1790393289.149288946 923608 PROBE-server 0
1790393289.149288946 923609 iou-wrk-923603 0
1790393289.354350057 923603 PROBE-server 622
1790393289.354350057 923608 PROBE-server 0
1790393289.354350057 923609 iou-wrk-923603 0
1790393289.558819046 923603 PROBE-server 643
1790393289.558819046 923608 PROBE-server 0
1790393289.558819046 923609 iou-wrk-923603 0
1790393289.763384055 923603 PROBE-server 662
1790393289.763384055 923608 PROBE-server 0
1790393289.763384055 923609 iou-wrk-923603 0
1790393289.968036665 923603 PROBE-server 683
1790393289.968036665 923608 PROBE-server 0
1790393289.968036665 923609 iou-wrk-923603 0
1790393290.172340123 923603 PROBE-server 703
1790393290.172340123 923608 PROBE-server 0
1790393290.172340123 923609 iou-wrk-923603 0
1790393290.376931903 923603 PROBE-server 723
1790393290.376931903 923608 PROBE-server 0
1790393290.376931903 923609 iou-wrk-923603 0
1790393290.581413012 923603 PROBE-server 743
1790393290.581413012 923608 PROBE-server 0
1790393290.581413012 923609 iou-wrk-923603 0
1790393290.786013892 923603 PROBE-server 763
1790393290.786013892 923608 PROBE-server 0
1790393290.786013892 923609 iou-wrk-923603 0
1790393290.990464911 923603 PROBE-server 783
1790393290.990464911 923608 PROBE-server 0
1790393290.990464911 923609 iou-wrk-923603 0
1790393291.195123021 923603 PROBE-server 804
1790393291.195123021 923608 PROBE-server 0
1790393291.195123021 923609 iou-wrk-923603 0
1790393291.400226323 923603 PROBE-server 824
1790393291.400226323 923608 PROBE-server 1
1790393291.400226323 923609 iou-wrk-923603 0
1790393291.604937724 923603 PROBE-server 843
1790393291.604937724 923608 PROBE-server 1
1790393291.604937724 923609 iou-wrk-923603 0
1790393291.809579244 923603 PROBE-server 864
1790393291.809579244 923608 PROBE-server 1
1790393291.809579244 923609 iou-wrk-923603 0
1790393292.014163224 923603 PROBE-server 883
1790393292.014163224 923608 PROBE-server 1
1790393292.014163224 923609 iou-wrk-923603 0
1790393292.218663574 923603 PROBE-server 904
1790393292.218663574 923608 PROBE-server 1
1790393292.218663574 923609 iou-wrk-923603 0
1790393292.423174635 923603 PROBE-server 924
1790393292.423174635 923608 PROBE-server 1
1790393292.423174635 923609 iou-wrk-923603 0
1790393292.627606774 923603 PROBE-server 944
1790393292.627606774 923608 PROBE-server 1
1790393292.627606774 923609 iou-wrk-923603 0
1790393292.832164045 923603 PROBE-server 964
1790393292.832164045 923608 PROBE-server 1
1790393292.832164045 923609 iou-wrk-923603 0
1790393293.036736506 923603 PROBE-server 984
1790393293.036736506 923608 PROBE-server 1
1790393293.036736506 923609 iou-wrk-923603 0
1790393293.242078219 923603 PROBE-server 1004
1790393293.242078219 923608 PROBE-server 1
1790393293.242078219 923609 iou-wrk-923603 0
1790393293.447135892 923603 PROBE-server 1025
1790393293.447135892 923608 PROBE-server 1
1790393293.447135892 923609 iou-wrk-923603 0
1790393293.652097804 923603 PROBE-server 1044
1790393293.652097804 923608 PROBE-server 1
1790393293.652097804 923609 iou-wrk-923603 0
1790393293.857126747 923603 PROBE-server 1064
1790393293.857126747 923608 PROBE-server 1
1790393293.857126747 923609 iou-wrk-923603 0
1790393294.062544411 923603 PROBE-server 1081
1790393294.062544411 923608 PROBE-server 1
1790393294.062544411 923609 iou-wrk-923603 0
1790393294.268389698 923603 PROBE-server 1081
1790393294.268389698 923608 PROBE-server 1
1790393294.268389698 923609 iou-wrk-923603 0
