1790393567.752448632 942492 PROBE-server 0
1790393567.752448632 942497 PROBE-server 0
1790393567.752448632 942498 iou-wrk-942492 0
1790393567.958203738 942492 PROBE-server 19
1790393567.958203738 942497 PROBE-server 0
1790393567.958203738 942498 iou-wrk-942492 0
1790393567.958203738 942551 iou-wrk-942497 0
1790393568.165361831 942492 PROBE-server 39
1790393568.165361831 942497 PROBE-server 0
1790393568.165361831 942498 iou-wrk-942492 0
1790393568.165361831 942551 iou-wrk-942497 0
1790393568.371652801 942492 PROBE-server 59
1790393568.371652801 942497 PROBE-server 0
1790393568.371652801 942498 iou-wrk-942492 0
1790393568.371652801 942551 iou-wrk-942497 0
1790393568.578461102 942492 PROBE-server 80
1790393568.578461102 942497 PROBE-server 0
1790393568.578461102 942498 iou-wrk-942492 0
1790393568.578461102 942551 iou-wrk-942497 0
1790393568.785198323 942492 PROBE-server 100
1790393568.785198323 942497 PROBE-server 0
1790393568.785198323 942498 iou-wrk-942492 0
1790393568.785198323 942551 iou-wrk-942497 0
1790393568.991919274 942492 PROBE-server 120
1790393568.991919274 942497 PROBE-server 0
1790393568.991919274 942498 iou-wrk-942492 0
1790393568.991919274 942551 iou-wrk-942497 0
1790393569.198431714 942492 PROBE-server 140
1790393569.198431714 942497 PROBE-server 0
1790393569.198431714 942498 iou-wrk-942492 0
1790393569.198431714 942551 iou-wrk-942497 0
1790393569.405118236 942492 PROBE-server 161
1790393569.405118236 942497 PROBE-server 0
1790393569.405118236 942498 iou-wrk-942492 0
1790393569.405118236 942551 iou-wrk-942497 0
1790393569.612106008 942492 PROBE-server 182
1790393569.612106008 942497 PROBE-server 0
1790393569.612106008 942498 iou-wrk-942492 0
1790393569.612106008 942551 iou-wrk-942497 0
1790393569.818048756 942492 PROBE-server 201
1790393569.818048756 942497 PROBE-server 0
1790393569.818048756 942498 iou-wrk-942492 0
1790393569.818048756 942551 iou-wrk-942497 0
1790393570.025132969 942492 PROBE-server 222
1790393570.025132969 942497 PROBE-server 0
1790393570.025132969 942498 iou-wrk-942492 0
1790393570.025132969 942551 iou-wrk-942497 0
1790393570.232159801 942492 PROBE-server 242
1790393570.232159801 942497 PROBE-server 0
1790393570.232159801 942498 iou-wrk-942492 0
1790393570.232159801 942551 iou-wrk-942497 0
1790393570.438666762 942492 PROBE-server 262
1790393570.438666762 942497 PROBE-server 0
1790393570.438666762 942498 iou-wrk-942492 0
1790393570.438666762 942551 iou-wrk-942497 0
1790393570.645715275 942492 PROBE-server 283
1790393570.645715275 942497 PROBE-server 0
1790393570.645715275 942498 iou-wrk-942492 0
1790393570.645715275 942551 iou-wrk-942497 0
1790393570.852009425 942492 PROBE-server 303
1790393570.852009425 942497 PROBE-server 0
1790393570.852009425 942498 iou-wrk-942492 0
1790393570.852009425 942551 iou-wrk-942497 0
1790393571.059131168 942492 PROBE-server 323
1790393571.059131168 942497 PROBE-server 0
1790393571.059131168 942498 iou-wrk-942492 0
1790393571.059131168 942551 iou-wrk-942497 0
1790393571.265830520 942492 PROBE-server 343
1790393571.265830520 942497 PROBE-server 0
1790393571.265830520 942498 iou-wrk-942492 0
1790393571.265830520 942551 iou-wrk-942497 0
1790393571.472680422 942492 PROBE-server 363
1790393571.472680422 942497 PROBE-server 0
1790393571.472680422 942498 iou-wrk-942492 0
1790393571.472680422 942551 iou-wrk-942497 0
1790393571.679543364 942492 PROBE-server 384
1790393571.679543364 942497 PROBE-server 0
1790393571.679543364 942498 iou-wrk-942492 0
1790393571.679543364 942551 iou-wrk-942497 0
1790393571.886316197 942492 PROBE-server 404
1790393571.886316197 942497 PROBE-server 0
1790393571.886316197 942498 iou-wrk-942492 0
1790393571.886316197 942551 iou-wrk-942497 0
1790393572.092753717 942492 PROBE-server 424
1790393572.092753717 942497 PROBE-server 0
1790393572.092753717 942498 iou-wrk-942492 0
1790393572.092753717 942551 iou-wrk-942497 0
1790393572.299675520 942492 PROBE-server 445
1790393572.299675520 942497 PROBE-server 0
1790393572.299675520 942498 iou-wrk-942492 0
1790393572.299675520 942551 iou-wrk-942497 0
1790393572.507149515 942492 PROBE-server 465
1790393572.507149515 942497 PROBE-server 0
1790393572.507149515 942498 iou-wrk-942492 0
1790393572.507149515 942551 iou-wrk-942497 0
1790393572.713879937 942492 PROBE-server 485
1790393572.713879937 942497 PROBE-server 0
1790393572.713879937 942498 iou-wrk-942492 0
1790393572.713879937 942551 iou-wrk-942497 0
1790393572.920823640 942492 PROBE-server 505
1790393572.920823640 942497 PROBE-server 0
1790393572.920823640 942498 iou-wrk-942492 0
1790393572.920823640 942551 iou-wrk-942497 0
1790393573.128030765 942492 PROBE-server 526
1790393573.128030765 942497 PROBE-server 0
1790393573.128030765 942498 iou-wrk-942492 0
1790393573.128030765 942551 iou-wrk-942497 0
1790393573.334798687 942492 PROBE-server 546
1790393573.334798687 942497 PROBE-server 0
1790393573.334798687 942498 iou-wrk-942492 0
1790393573.334798687 942551 iou-wrk-942497 0
1790393573.541140468 942492 PROBE-server 567
1790393573.541140468 942497 PROBE-server 0
1790393573.541140468 942498 iou-wrk-942492 0
1790393573.541140468 942551 iou-wrk-942497 0
1790393573.747867510 942492 PROBE-server 587
1790393573.747867510 942497 PROBE-server 0
1790393573.747867510 942498 iou-wrk-942492 0
1790393573.747867510 942551 iou-wrk-942497 0
1790393573.955082304 942492 PROBE-server 607
1790393573.955082304 942497 PROBE-server 0
1790393573.955082304 942498 iou-wrk-942492 0
1790393573.955082304 942551 iou-wrk-942497 0
1790393574.162712081 942492 PROBE-server 627
1790393574.162712081 942497 PROBE-server 1
1790393574.162712081 942498 iou-wrk-942492 0
1790393574.162712081 942551 iou-wrk-942497 0
1790393574.369603054 942492 PROBE-server 648
1790393574.369603054 942497 PROBE-server 1
1790393574.369603054 942498 iou-wrk-942492 0
1790393574.369603054 942551 iou-wrk-942497 0
1790393574.576359237 942492 PROBE-server 668
1790393574.576359237 942497 PROBE-server 1
1790393574.576359237 942498 iou-wrk-942492 0
1790393574.576359237 942551 iou-wrk-942497 0
1790393574.783118069 942492 PROBE-server 688
1790393574.783118069 942497 PROBE-server 1
1790393574.783118069 942498 iou-wrk-942492 0
1790393574.783118069 942551 iou-wrk-942497 0
1790393574.989479410 942492 PROBE-server 708
1790393574.989479410 942497 PROBE-server 1
1790393574.989479410 942498 iou-wrk-942492 0
1790393574.989479410 942551 iou-wrk-942497 0
1790393575.196323764 942492 PROBE-server 729
1790393575.196323764 942497 PROBE-server 1
1790393575.196323764 942498 iou-wrk-942492 0
1790393575.196323764 942551 iou-wrk-942497 0
1790393575.403347998 942492 PROBE-server 749
1790393575.403347998 942497 PROBE-server 1
1790393575.403347998 942498 iou-wrk-942492 0
1790393575.403347998 942551 iou-wrk-942497 0
1790393575.609365008 942492 PROBE-server 769
1790393575.609365008 942497 PROBE-server 1
1790393575.609365008 942498 iou-wrk-942492 0
1790393575.609365008 942551 iou-wrk-942497 0
1790393575.815878589 942492 PROBE-server 789
1790393575.815878589 942497 PROBE-server 1
1790393575.815878589 942498 iou-wrk-942492 0
1790393575.815878589 942551 iou-wrk-942497 0
1790393576.022953614 942492 PROBE-server 810
1790393576.022953614 942497 PROBE-server 1
1790393576.022953614 942498 iou-wrk-942492 0
1790393576.022953614 942551 iou-wrk-942497 0
1790393576.230108029 942492 PROBE-server 830
1790393576.230108029 942497 PROBE-server 1
1790393576.230108029 942498 iou-wrk-942492 0
1790393576.230108029 942551 iou-wrk-942497 0
1790393576.436795941 942492 PROBE-server 850
1790393576.436795941 942497 PROBE-server 1
1790393576.436795941 942498 iou-wrk-942492 0
1790393576.436795941 942551 iou-wrk-942497 0
1790393576.643857436 942492 PROBE-server 871
1790393576.643857436 942497 PROBE-server 1
1790393576.643857436 942498 iou-wrk-942492 0
1790393576.643857436 942551 iou-wrk-942497 0
1790393576.850690089 942492 PROBE-server 892
1790393576.850690089 942497 PROBE-server 1
1790393576.850690089 942498 iou-wrk-942492 0
1790393576.850690089 942551 iou-wrk-942497 0
1790393577.057549383 942492 PROBE-server 912
1790393577.057549383 942497 PROBE-server 1
1790393577.057549383 942498 iou-wrk-942492 0
1790393577.057549383 942551 iou-wrk-942497 0
1790393577.264257086 942492 PROBE-server 932
1790393577.264257086 942497 PROBE-server 1
1790393577.264257086 942498 iou-wrk-942492 0
1790393577.264257086 942551 iou-wrk-942497 0
1790393577.471264961 942492 PROBE-server 952
1790393577.471264961 942497 PROBE-server 1
1790393577.471264961 942498 iou-wrk-942492 0
1790393577.471264961 942551 iou-wrk-942497 0
1790393577.678095835 942492 PROBE-server 972
1790393577.678095835 942497 PROBE-server 1
1790393577.678095835 942498 iou-wrk-942492 0
1790393577.678095835 942551 iou-wrk-942497 0
1790393577.885133149 942492 PROBE-server 992
1790393577.885133149 942497 PROBE-server 1
1790393577.885133149 942498 iou-wrk-942492 0
1790393577.885133149 942551 iou-wrk-942497 0
1790393578.092143484 942492 PROBE-server 1013
1790393578.092143484 942497 PROBE-server 1
1790393578.092143484 942498 iou-wrk-942492 0
1790393578.092143484 942551 iou-wrk-942497 0
1790393578.300027883 942492 PROBE-server 1034
1790393578.300027883 942497 PROBE-server 1
1790393578.300027883 942498 iou-wrk-942492 0
1790393578.300027883 942551 iou-wrk-942497 0
1790393578.507047207 942492 PROBE-server 1054
1790393578.507047207 942497 PROBE-server 1
1790393578.507047207 942498 iou-wrk-942492 0
1790393578.507047207 942551 iou-wrk-942497 0
1790393578.713648380 942492 PROBE-server 1074
1790393578.713648380 942497 PROBE-server 1
1790393578.713648380 942498 iou-wrk-942492 0
1790393578.713648380 942551 iou-wrk-942497 0
1790393578.920472794 942492 PROBE-server 1080
1790393578.920472794 942497 PROBE-server 1
1790393578.920472794 942498 iou-wrk-942492 0
1790393578.920472794 942551 iou-wrk-942497 0
1790393579.127883641 942492 PROBE-server 1080
1790393579.127883641 942497 PROBE-server 1
1790393579.127883641 942498 iou-wrk-942492 0
1790393579.127883641 942551 iou-wrk-942497 0
