1790393260.285019216 921584 PROBE-server 0
1790393260.285019216 921589 PROBE-server 0
1790393260.285019216 921590 iou-wrk-921584 0
1790393260.491246308 921584 PROBE-server 11
1790393260.491246308 921589 PROBE-server 10
1790393260.491246308 921590 iou-wrk-921584 0
1790393260.697783382 921584 PROBE-server 23
1790393260.697783382 921589 PROBE-server 20
1790393260.697783382 921590 iou-wrk-921584 0
1790393260.903852064 921584 PROBE-server 35
1790393260.903852064 921589 PROBE-server 31
1790393260.903852064 921590 iou-wrk-921584 0
1790393261.109183453 921584 PROBE-server 47
1790393261.109183453 921589 PROBE-server 42
1790393261.109183453 921590 iou-wrk-921584 0
1790393261.314554963 921584 PROBE-server 59
1790393261.314554963 921589 PROBE-server 54
1790393261.314554963 921590 iou-wrk-921584 0
1790393261.519992023 921584 PROBE-server 71
1790393261.519992023 921589 PROBE-server 65
1790393261.519992023 921590 iou-wrk-921584 0
1790393261.725564234 921584 PROBE-server 82
1790393261.725564234 921589 PROBE-server 75
1790393261.725564234 921590 iou-wrk-921584 0
1790393261.930517762 921584 PROBE-server 93
1790393261.930517762 921589 PROBE-server 86
1790393261.930517762 921590 iou-wrk-921584 0
1790393262.136063543 921584 PROBE-server 105
1790393262.136063543 921589 PROBE-server 97
1790393262.136063543 921590 iou-wrk-921584 0
1790393262.340868461 921584 PROBE-server 117
1790393262.340868461 921589 PROBE-server 108
1790393262.340868461 921590 iou-wrk-921584 0
1790393262.546239891 921584 PROBE-server 129
1790393262.546239891 921589 PROBE-server 119
1790393262.546239891 921590 iou-wrk-921584 0
1790393262.751276010 921584 PROBE-server 141
1790393262.751276010 921589 PROBE-server 130
1790393262.751276010 921590 iou-wrk-921584 0
1790393262.956496920 921584 PROBE-server 153
1790393262.956496920 921589 PROBE-server 141
1790393262.956496920 921590 iou-wrk-921584 0
1790393263.161139548 921584 PROBE-server 165
1790393263.161139548 921589 PROBE-server 153
1790393263.161139548 921590 iou-wrk-921584 0
1790393263.366629429 921584 PROBE-server 176
1790393263.366629429 921589 PROBE-server 164
1790393263.366629429 921590 iou-wrk-921584 0
1790393263.571762929 921584 PROBE-server 189
1790393263.571762929 921589 PROBE-server 175
1790393263.571762929 921590 iou-wrk-921584 0
1790393263.776610337 921584 PROBE-server 201
1790393263.776610337 921589 PROBE-server 185
1790393263.776610337 921590 iou-wrk-921584 0
1790393263.982144999 921584 PROBE-server 213
1790393263.982144999 921589 PROBE-server 196
1790393263.982144999 921590 iou-wrk-921584 0
1790393264.188430803 921584 PROBE-server 224
1790393264.188430803 921589 PROBE-server 208
1790393264.188430803 921590 iou-wrk-921584 0
1790393264.393901825 921584 PROBE-server 236
1790393264.393901825 921589 PROBE-server 219
1790393264.393901825 921590 iou-wrk-921584 0
1790393264.600214439 921584 PROBE-server 248
1790393264.600214439 921589 PROBE-server 229
1790393264.600214439 921590 iou-wrk-921584 0
1790393264.805845372 921584 PROBE-server 259
1790393264.805845372 921589 PROBE-server 240
1790393264.805845372 921590 iou-wrk-921584 0
1790393265.011355053 921584 PROBE-server 271
1790393265.011355053 921589 PROBE-server 251
1790393265.011355053 921590 iou-wrk-921584 0
1790393265.216128183 921584 PROBE-server 283
1790393265.216128183 921589 PROBE-server 262
1790393265.216128183 921590 iou-wrk-921584 0
1790393265.421127363 921584 PROBE-server 295
1790393265.421127363 921589 PROBE-server 273
1790393265.421127363 921590 iou-wrk-921584 0
1790393265.626162553 921584 PROBE-server 307
1790393265.626162553 921589 PROBE-server 284
1790393265.626162553 921590 iou-wrk-921584 0
1790393265.832217777 921584 PROBE-server 319
1790393265.832217777 921589 PROBE-server 295
1790393265.832217777 921590 iou-wrk-921584 0
1790393266.037567289 921584 PROBE-server 331
1790393266.037567289 921589 PROBE-server 305
1790393266.037567289 921590 iou-wrk-921584 0
1790393266.243036011 921584 PROBE-server 343
1790393266.243036011 921589 PROBE-server 317
1790393266.243036011 921590 iou-wrk-921584 0
1790393266.448695405 921584 PROBE-server 355
1790393266.448695405 921589 PROBE-server 328
1790393266.448695405 921590 iou-wrk-921584 0
1790393266.654002006 921584 PROBE-server 366
1790393266.654002006 921589 PROBE-server 338
1790393266.654002006 921590 iou-wrk-921584 0
1790393266.859644570 921584 PROBE-server 378
1790393266.859644570 921589 PROBE-server 350
1790393266.859644570 921590 iou-wrk-921584 0
1790393267.065063582 921584 PROBE-server 389
1790393267.065063582 921589 PROBE-server 361
1790393267.065063582 921590 iou-wrk-921584 0
1790393267.270201184 921584 PROBE-server 401
1790393267.270201184 921589 PROBE-server 371
1790393267.270201184 921590 iou-wrk-921584 0
1790393267.475545256 921584 PROBE-server 413
1790393267.475545256 921589 PROBE-server 382
1790393267.475545256 921590 iou-wrk-921584 0
1790393267.680794758 921584 PROBE-server 425
1790393267.680794758 921589 PROBE-server 393
1790393267.680794758 921590 iou-wrk-921584 0
1790393267.886519822 921584 PROBE-server 437
1790393267.886519822 921589 PROBE-server 405
1790393267.886519822 921590 iou-wrk-921584 0
1790393268.091572494 921584 PROBE-server 449
1790393268.091572494 921589 PROBE-server 414
1790393268.091572494 921590 iou-wrk-921584 0
1790393268.297072357 921584 PROBE-server 460
1790393268.297072357 921589 PROBE-server 425
1790393268.297072357 921590 iou-wrk-921584 0
1790393268.502755551 921584 PROBE-server 472
1790393268.502755551 921589 PROBE-server 437
1790393268.502755551 921590 iou-wrk-921584 0
1790393268.708696996 921584 PROBE-server 484
1790393268.708696996 921589 PROBE-server 447
1790393268.708696996 921590 iou-wrk-921584 0
1790393268.913672078 921584 PROBE-server 496
1790393268.913672078 921589 PROBE-server 460
1790393268.913672078 921590 iou-wrk-921584 0
1790393269.119311722 921584 PROBE-server 508
1790393269.119311722 921589 PROBE-server 470
1790393269.119311722 921590 iou-wrk-921584 0
1790393269.324552295 921584 PROBE-server 520
1790393269.324552295 921589 PROBE-server 481
1790393269.324552295 921590 iou-wrk-921584 0
1790393269.529335376 921584 PROBE-server 531
1790393269.529335376 921589 PROBE-server 492
1790393269.529335376 921590 iou-wrk-921584 0
1790393269.735168851 921584 PROBE-server 543
1790393269.735168851 921589 PROBE-server 503
1790393269.735168851 921590 iou-wrk-921584 0
1790393269.940008133 921584 PROBE-server 555
1790393269.940008133 921589 PROBE-server 514
1790393269.940008133 921590 iou-wrk-921584 0
1790393270.145591157 921584 PROBE-server 567
1790393270.145591157 921589 PROBE-server 525
1790393270.145591157 921590 iou-wrk-921584 0
1790393270.351503073 921584 PROBE-server 579
1790393270.351503073 921589 PROBE-server 536
1790393270.351503073 921590 iou-wrk-921584 0
1790393270.557235088 921584 PROBE-server 591
1790393270.557235088 921589 PROBE-server 547
1790393270.557235088 921590 iou-wrk-921584 0
1790393270.763571206 921584 PROBE-server 603
1790393270.763571206 921589 PROBE-server 558
1790393270.763571206 921590 iou-wrk-921584 0
1790393270.969206161 921584 PROBE-server 615
1790393270.969206161 921589 PROBE-server 569
1790393270.969206161 921590 iou-wrk-921584 0
1790393271.174099743 921584 PROBE-server 627
1790393271.174099743 921589 PROBE-server 580
1790393271.174099743 921590 iou-wrk-921584 0
1790393271.379654668 921584 PROBE-server 634
1790393271.379654668 921589 PROBE-server 586
1790393271.379654668 921590 iou-wrk-921584 0
