1790393027.585482695 904714 PROBE-server 0
1790393027.585482695 904719 PROBE-server 0
1790393027.585482695 904720 iou-wrk-904714 0
1790393027.792444414 904714 PROBE-server 12
1790393027.792444414 904719 PROBE-server 10
1790393027.792444414 904720 iou-wrk-904714 0
1790393027.998415490 904714 PROBE-server 24
1790393027.998415490 904719 PROBE-server 21
1790393027.998415490 904720 iou-wrk-904714 0
1790393028.204261207 904714 PROBE-server 36
1790393028.204261207 904719 PROBE-server 32
1790393028.204261207 904720 iou-wrk-904714 0
1790393028.408880170 904714 PROBE-server 47
1790393028.408880170 904719 PROBE-server 43
1790393028.408880170 904720 iou-wrk-904714 0
1790393028.614264765 904714 PROBE-server 61
1790393028.614264765 904719 PROBE-server 55
1790393028.614264765 904720 iou-wrk-904714 0
1790393028.818786507 904714 PROBE-server 73
1790393028.818786507 904719 PROBE-server 65
1790393028.818786507 904720 iou-wrk-904714 0
1790393029.024200552 904714 PROBE-server 84
1790393029.024200552 904719 PROBE-server 76
1790393029.024200552 904720 iou-wrk-904714 0
1790393029.229101517 904714 PROBE-server 97
1790393029.229101517 904719 PROBE-server 87
1790393029.229101517 904720 iou-wrk-904714 0
1790393029.433798480 904714 PROBE-server 109
1790393029.433798480 904719 PROBE-server 99
1790393029.433798480 904720 iou-wrk-904714 0
1790393029.638759375 904714 PROBE-server 121
1790393029.638759375 904719 PROBE-server 109
1790393029.638759375 904720 iou-wrk-904714 0
1790393029.843262608 904714 PROBE-server 133
1790393029.843262608 904719 PROBE-server 121
1790393029.843262608 904720 iou-wrk-904714 0
1790393030.048387973 904714 PROBE-server 145
1790393030.048387973 904719 PROBE-server 132
1790393030.048387973 904720 iou-wrk-904714 0
1790393030.253589899 904714 PROBE-server 158
1790393030.253589899 904719 PROBE-server 143
1790393030.253589899 904720 iou-wrk-904714 0
1790393030.458997375 904714 PROBE-server 169
1790393030.458997375 904719 PROBE-server 154
1790393030.458997375 904720 iou-wrk-904714 0
1790393030.664623193 904714 PROBE-server 182
1790393030.664623193 904719 PROBE-server 165
1790393030.664623193 904720 iou-wrk-904714 0
1790393030.869763678 904714 PROBE-server 193
1790393030.869763678 904719 PROBE-server 175
1790393030.869763678 904720 iou-wrk-904714 0
1790393031.075230775 904714 PROBE-server 206
1790393031.075230775 904719 PROBE-server 187
1790393031.075230775 904720 iou-wrk-904714 0
1790393031.280421012 904714 PROBE-server 218
1790393031.280421012 904719 PROBE-server 198
1790393031.280421012 904720 iou-wrk-904714 0
1790393031.485319898 904714 PROBE-server 230
1790393031.485319898 904719 PROBE-server 208
1790393031.485319898 904720 iou-wrk-904714 0
1790393031.690162873 904714 PROBE-server 242
1790393031.690162873 904719 PROBE-server 219
1790393031.690162873 904720 iou-wrk-904714 0
1790393031.895337460 904714 PROBE-server 254
1790393031.895337460 904719 PROBE-server 230
1790393031.895337460 904720 iou-wrk-904714 0
1790393032.100998248 904714 PROBE-server 266
1790393032.100998248 904719 PROBE-server 242
1790393032.100998248 904720 iou-wrk-904714 0
1790393032.306205626 904714 PROBE-server 278
1790393032.306205626 904719 PROBE-server 254
1790393032.306205626 904720 iou-wrk-904714 0
1790393032.511405323 904714 PROBE-server 291
1790393032.511405323 904719 PROBE-server 264
1790393032.511405323 904720 iou-wrk-904714 0
1790393032.716207159 904714 PROBE-server 303
1790393032.716207159 904719 PROBE-server 276
1790393032.716207159 904720 iou-wrk-904714 0
1790393032.921089296 904714 PROBE-server 315
1790393032.921089296 904719 PROBE-server 287
1790393032.921089296 904720 iou-wrk-904714 0
1790393033.126071933 904714 PROBE-server 327
1790393033.126071933 904719 PROBE-server 298
1790393033.126071933 904720 iou-wrk-904714 0
1790393033.331487961 904714 PROBE-server 340
1790393033.331487961 904719 PROBE-server 310
1790393033.331487961 904720 iou-wrk-904714 0
1790393033.536243938 904714 PROBE-server 351
1790393033.536243938 904719 PROBE-server 320
1790393033.536243938 904720 iou-wrk-904714 0
1790393033.741501826 904714 PROBE-server 364
1790393033.741501826 904719 PROBE-server 331
1790393033.741501826 904720 iou-wrk-904714 0
1790393033.947344776 904714 PROBE-server 376
1790393033.947344776 904719 PROBE-server 342
1790393033.947344776 904720 iou-wrk-904714 0
1790393034.152368624 904714 PROBE-server 387
1790393034.152368624 904719 PROBE-server 353
1790393034.152368624 904720 iou-wrk-904714 0
1790393034.356847911 904714 PROBE-server 400
1790393034.356847911 904719 PROBE-server 364
1790393034.356847911 904720 iou-wrk-904714 0
1790393034.562471711 904714 PROBE-server 411
1790393034.562471711 904719 PROBE-server 375
1790393034.562471711 904720 iou-wrk-904714 0
1790393034.767768190 904714 PROBE-server 424
1790393034.767768190 904719 PROBE-server 386
1790393034.767768190 904720 iou-wrk-904714 0
1790393034.973310020 904714 PROBE-server 436
1790393034.973310020 904719 PROBE-server 397
1790393034.973310020 904720 iou-wrk-904714 0
1790393035.178554450 904714 PROBE-server 448
1790393035.178554450 904719 PROBE-server 408
1790393035.178554450 904720 iou-wrk-904714 0
1790393035.383793709 904714 PROBE-server 460
1790393035.383793709 904719 PROBE-server 419
1790393035.383793709 904720 iou-wrk-904714 0
1790393035.589127329 904714 PROBE-server 472
1790393035.589127329 904719 PROBE-server 430
1790393035.589127329 904720 iou-wrk-904714 0
1790393035.793864607 904714 PROBE-server 484
1790393035.793864607 904719 PROBE-server 441
1790393035.793864607 904720 iou-wrk-904714 0
1790393035.998991857 904714 PROBE-server 496
1790393035.998991857 904719 PROBE-server 452
1790393035.998991857 904720 iou-wrk-904714 0
1790393036.203912576 904714 PROBE-server 508
1790393036.203912576 904719 PROBE-server 463
1790393036.203912576 904720 iou-wrk-904714 0
1790393036.409071336 904714 PROBE-server 521
1790393036.409071336 904719 PROBE-server 474
1790393036.409071336 904720 iou-wrk-904714 0
1790393036.614805118 904714 PROBE-server 532
1790393036.614805118 904719 PROBE-server 485
1790393036.614805118 904720 iou-wrk-904714 0
1790393036.819615647 904714 PROBE-server 544
1790393036.819615647 904719 PROBE-server 496
1790393036.819615647 904720 iou-wrk-904714 0
1790393037.025519199 904714 PROBE-server 556
1790393037.025519199 904719 PROBE-server 507
1790393037.025519199 904720 iou-wrk-904714 0
1790393037.230642440 904714 PROBE-server 569
1790393037.230642440 904719 PROBE-server 517
1790393037.230642440 904720 iou-wrk-904714 0
1790393037.435590590 904714 PROBE-server 581
1790393037.435590590 904719 PROBE-server 530
1790393037.435590590 904720 iou-wrk-904714 0
1790393037.640851641 904714 PROBE-server 593
1790393037.640851641 904719 PROBE-server 540
1790393037.640851641 904720 iou-wrk-904714 0
1790393037.846277493 904714 PROBE-server 605
1790393037.846277493 904719 PROBE-server 552
1790393037.846277493 904720 iou-wrk-904714 0
1790393038.051966285 904714 PROBE-server 617
1790393038.051966285 904719 PROBE-server 562
1790393038.051966285 904720 iou-wrk-904714 0
1790393038.256592605 904714 PROBE-server 629
1790393038.256592605 904719 PROBE-server 574
1790393038.256592605 904720 iou-wrk-904714 0
1790393038.461080615 904714 PROBE-server 642
1790393038.461080615 904719 PROBE-server 585
1790393038.461080615 904720 iou-wrk-904714 0
1790393038.666055536 904714 PROBE-server 650
1790393038.666055536 904719 PROBE-server 592
1790393038.666055536 904720 iou-wrk-904714 0
