1790393495.476295387 937041 PROBE-server 0
1790393495.476295387 937046 PROBE-server 0
1790393495.476295387 937047 iou-wrk-937041 0
1790393495.683050508 937041 PROBE-server 10
1790393495.683050508 937046 PROBE-server 10
1790393495.683050508 937047 iou-wrk-937041 0
1790393495.888925356 937041 PROBE-server 22
1790393495.888925356 937046 PROBE-server 21
1790393495.888925356 937047 iou-wrk-937041 0
1790393496.094731103 937041 PROBE-server 33
1790393496.094731103 937046 PROBE-server 33
1790393496.094731103 937047 iou-wrk-937041 0
1790393496.299522686 937041 PROBE-server 45
1790393496.299522686 937046 PROBE-server 44
1790393496.299522686 937047 iou-wrk-937041 0
1790393496.505728246 937041 PROBE-server 56
1790393496.505728246 937046 PROBE-server 55
1790393496.505728246 937047 iou-wrk-937041 0
1790393496.711396513 937041 PROBE-server 67
1790393496.711396513 937046 PROBE-server 67
1790393496.711396513 937047 iou-wrk-937041 0
1790393496.917125210 937041 PROBE-server 80
1790393496.917125210 937046 PROBE-server 78
1790393496.917125210 937047 iou-wrk-937041 0
1790393497.122423426 937041 PROBE-server 91
1790393497.122423426 937046 PROBE-server 89
1790393497.122423426 937047 iou-wrk-937041 0
1790393497.327600091 937041 PROBE-server 102
1790393497.327600091 937046 PROBE-server 101
1790393497.327600091 937047 iou-wrk-937041 0
1790393497.533398109 937041 PROBE-server 114
1790393497.533398109 937046 PROBE-server 112
1790393497.533398109 937047 iou-wrk-937041 0
1790393497.738776265 937041 PROBE-server 125
1790393497.738776265 937046 PROBE-server 123
1790393497.738776265 937047 iou-wrk-937041 0
1790393497.944454693 937041 PROBE-server 136
1790393497.944454693 937046 PROBE-server 135
1790393497.944454693 937047 iou-wrk-937041 0
1790393498.149681848 937041 PROBE-server 147
1790393498.149681848 937046 PROBE-server 145
1790393498.149681848 937047 iou-wrk-937041 0
1790393498.355311606 937041 PROBE-server 159
1790393498.355311606 937046 PROBE-server 157
1790393498.355311606 937047 iou-wrk-937041 0
1790393498.561324735 937041 PROBE-server 170
1790393498.561324735 937046 PROBE-server 169
1790393498.561324735 937047 iou-wrk-937041 0
1790393498.766367520 937041 PROBE-server 182
1790393498.766367520 937046 PROBE-server 180
1790393498.766367520 937047 iou-wrk-937041 0
1790393498.971198284 937041 PROBE-server 194
1790393498.971198284 937046 PROBE-server 192
1790393498.971198284 937047 iou-wrk-937041 0
1790393499.177089393 937041 PROBE-server 205
1790393499.177089393 937046 PROBE-server 203
1790393499.177089393 937047 iou-wrk-937041 0
1790393499.381937637 937041 PROBE-server 216
1790393499.381937637 937046 PROBE-server 214
1790393499.381937637 937047 iou-wrk-937041 0
1790393499.587490265 937041 PROBE-server 227
1790393499.587490265 937046 PROBE-server 226
1790393499.587490265 937047 iou-wrk-937041 0
1790393499.793255693 937041 PROBE-server 239
1790393499.793255693 937046 PROBE-server 237
1790393499.793255693 937047 iou-wrk-937041 0
1790393499.998229318 937041 PROBE-server 250
1790393499.998229318 937046 PROBE-server 248
1790393499.998229318 937047 iou-wrk-937041 0
1790393500.203320834 937041 PROBE-server 262
1790393500.203320834 937046 PROBE-server 259
1790393500.203320834 937047 iou-wrk-937041 0
1790393500.408437170 937041 PROBE-server 273
1790393500.408437170 937046 PROBE-server 271
1790393500.408437170 937047 iou-wrk-937041 0
1790393500.614159338 937041 PROBE-server 285
1790393500.614159338 937046 PROBE-server 281
1790393500.614159338 937047 iou-wrk-937041 0
1790393500.819299644 937041 PROBE-server 296
1790393500.819299644 937046 PROBE-server 293
1790393500.819299644 937047 iou-wrk-937041 0
1790393501.023990969 937041 PROBE-server 307
1790393501.023990969 937046 PROBE-server 305
1790393501.023990969 937047 iou-wrk-937041 0
1790393501.228759673 937041 PROBE-server 319
1790393501.228759673 937046 PROBE-server 316
1790393501.228759673 937047 iou-wrk-937041 0
1790393501.433662289 937041 PROBE-server 331
1790393501.433662289 937046 PROBE-server 327
1790393501.433662289 937047 iou-wrk-937041 0
1790393501.639451748 937041 PROBE-server 342
1790393501.639451748 937046 PROBE-server 338
1790393501.639451748 937047 iou-wrk-937041 0
1790393501.844323383 937041 PROBE-server 354
1790393501.844323383 937046 PROBE-server 349
1790393501.844323383 937047 iou-wrk-937041 0
1790393502.049544680 937041 PROBE-server 366
1790393502.049544680 937046 PROBE-server 361
1790393502.049544680 937047 iou-wrk-937041 0
1790393502.254303104 937041 PROBE-server 378
1790393502.254303104 937046 PROBE-server 373
1790393502.254303104 937047 iou-wrk-937041 0
1790393502.459858763 937041 PROBE-server 389
1790393502.459858763 937046 PROBE-server 384
1790393502.459858763 937047 iou-wrk-937041 0
1790393502.665666982 937041 PROBE-server 401
1790393502.665666982 937046 PROBE-server 396
1790393502.665666982 937047 iou-wrk-937041 0
1790393502.870640758 937041 PROBE-server 412
1790393502.870640758 937046 PROBE-server 407
1790393502.870640758 937047 iou-wrk-937041 0
1790393503.076383917 937041 PROBE-server 424
1790393503.076383917 937046 PROBE-server 418
1790393503.076383917 937047 iou-wrk-937041 0
1790393503.281757785 937041 PROBE-server 434
1790393503.281757785 937046 PROBE-server 429
1790393503.281757785 937047 iou-wrk-937041 0
1790393503.487438504 937041 PROBE-server 446
1790393503.487438504 937046 PROBE-server 441
1790393503.487438504 937047 iou-wrk-937041 0
1790393503.692663452 937041 PROBE-server 458
1790393503.692663452 937046 PROBE-server 452
1790393503.692663452 937047 iou-wrk-937041 0
1790393503.899127084 937041 PROBE-server 470
1790393503.899127084 937046 PROBE-server 464
1790393503.899127084 937047 iou-wrk-937041 0
1790393504.103907369 937041 PROBE-server 481
1790393504.103907369 937046 PROBE-server 475
1790393504.103907369 937047 iou-wrk-937041 0
1790393504.308857596 937041 PROBE-server 493
1790393504.308857596 937046 PROBE-server 486
1790393504.308857596 937047 iou-wrk-937041 0
1790393504.513782842 937041 PROBE-server 504
1790393504.513782842 937046 PROBE-server 498
1790393504.513782842 937047 iou-wrk-937041 0
1790393504.719223361 937041 PROBE-server 516
1790393504.719223361 937046 PROBE-server 509
1790393504.719223361 937047 iou-wrk-937041 0
1790393504.925118671 937041 PROBE-server 527
1790393504.925118671 937046 PROBE-server 521
1790393504.925118671 937047 iou-wrk-937041 0
1790393505.130260068 937041 PROBE-server 539
1790393505.130260068 937046 PROBE-server 532
1790393505.130260068 937047 iou-wrk-937041 0
1790393505.335290235 937041 PROBE-server 550
1790393505.335290235 937046 PROBE-server 543
1790393505.335290235 937047 iou-wrk-937041 0
1790393505.541013745 937041 PROBE-server 561
1790393505.541013745 937046 PROBE-server 554
1790393505.541013745 937047 iou-wrk-937041 0
1790393505.746488714 937041 PROBE-server 573
1790393505.746488714 937046 PROBE-server 565
1790393505.746488714 937047 iou-wrk-937041 0
1790393505.952513955 937041 PROBE-server 584
1790393505.952513955 937046 PROBE-server 577
1790393505.952513955 937047 iou-wrk-937041 0
1790393506.158471526 937041 PROBE-server 596
1790393506.158471526 937046 PROBE-server 588
1790393506.158471526 937047 iou-wrk-937041 0
1790393506.364143786 937041 PROBE-server 608
1790393506.364143786 937046 PROBE-server 600
1790393506.364143786 937047 iou-wrk-937041 0
1790393506.569554625 937041 PROBE-server 615
1790393506.569554625 937046 PROBE-server 607
1790393506.569554625 937047 iou-wrk-937041 0
