1790393667.959482805 950021 PROBE-server 0
1790393667.959482805 950026 PROBE-server 0
1790393667.959482805 950027 iou-wrk-950021 0
1790393668.165755157 950021 PROBE-server 19
1790393668.165755157 950026 PROBE-server 0
1790393668.165755157 950027 iou-wrk-950021 0
1790393668.165755157 950079 iou-wrk-950026 0
1790393668.371948979 950021 PROBE-server 39
1790393668.371948979 950026 PROBE-server 0
1790393668.371948979 950027 iou-wrk-950021 0
1790393668.371948979 950079 iou-wrk-950026 0
1790393668.577596018 950021 PROBE-server 59
1790393668.577596018 950026 PROBE-server 0
1790393668.577596018 950027 iou-wrk-950021 0
1790393668.577596018 950079 iou-wrk-950026 0
1790393668.783655089 950021 PROBE-server 79
1790393668.783655089 950026 PROBE-server 0
1790393668.783655089 950027 iou-wrk-950021 0
1790393668.783655089 950079 iou-wrk-950026 0
1790393668.989390538 950021 PROBE-server 99
1790393668.989390538 950026 PROBE-server 0
1790393668.989390538 950027 iou-wrk-950021 0
1790393668.989390538 950079 iou-wrk-950026 0
1790393669.196115082 950021 PROBE-server 120
1790393669.196115082 950026 PROBE-server 0
1790393669.196115082 950027 iou-wrk-950021 0
1790393669.196115082 950079 iou-wrk-950026 0
1790393669.402787116 950021 PROBE-server 141
1790393669.402787116 950026 PROBE-server 0
1790393669.402787116 950027 iou-wrk-950021 0
1790393669.402787116 950079 iou-wrk-950026 0
1790393669.608430926 950021 PROBE-server 161
1790393669.608430926 950026 PROBE-server 0
1790393669.608430926 950027 iou-wrk-950021 0
1790393669.608430926 950079 iou-wrk-950026 0
1790393669.814753098 950021 PROBE-server 180
1790393669.814753098 950026 PROBE-server 0
1790393669.814753098 950027 iou-wrk-950021 0
1790393669.814753098 950079 iou-wrk-950026 0
1790393670.021887234 950021 PROBE-server 201
1790393670.021887234 950026 PROBE-server 0
1790393670.021887234 950027 iou-wrk-950021 0
1790393670.021887234 950079 iou-wrk-950026 0
1790393670.228529418 950021 PROBE-server 221
1790393670.228529418 950026 PROBE-server 0
1790393670.228529418 950027 iou-wrk-950021 0
1790393670.228529418 950079 iou-wrk-950026 0
1790393670.435550484 950021 PROBE-server 242
1790393670.435550484 950026 PROBE-server 0
1790393670.435550484 950027 iou-wrk-950021 0
1790393670.435550484 950079 iou-wrk-950026 0
1790393670.642388259 950021 PROBE-server 262
1790393670.642388259 950026 PROBE-server 0
1790393670.642388259 950027 iou-wrk-950021 0
1790393670.642388259 950079 iou-wrk-950026 0
1790393670.848771371 950021 PROBE-server 282
1790393670.848771371 950026 PROBE-server 0
1790393670.848771371 950027 iou-wrk-950021 0
1790393670.848771371 950079 iou-wrk-950026 0
1790393671.055357105 950021 PROBE-server 302
1790393671.055357105 950026 PROBE-server 0
1790393671.055357105 950027 iou-wrk-950021 0
1790393671.055357105 950079 iou-wrk-950026 0
1790393671.262059170 950021 PROBE-server 323
1790393671.262059170 950026 PROBE-server 0
1790393671.262059170 950027 iou-wrk-950021 0
1790393671.262059170 950079 iou-wrk-950026 0
1790393671.468245802 950021 PROBE-server 343
1790393671.468245802 950026 PROBE-server 0
1790393671.468245802 950027 iou-wrk-950021 0
1790393671.468245802 950079 iou-wrk-950026 0
1790393671.674509734 950021 PROBE-server 363
1790393671.674509734 950026 PROBE-server 0
1790393671.674509734 950027 iou-wrk-950021 0
1790393671.674509734 950079 iou-wrk-950026 0
1790393671.881176759 950021 PROBE-server 383
1790393671.881176759 950026 PROBE-server 0
1790393671.881176759 950027 iou-wrk-950021 0
1790393671.881176759 950079 iou-wrk-950026 0
1790393672.087486641 950021 PROBE-server 404
1790393672.087486641 950026 PROBE-server 0
1790393672.087486641 950027 iou-wrk-950021 0
1790393672.087486641 950079 iou-wrk-950026 0
1790393672.294081816 950021 PROBE-server 424
1790393672.294081816 950026 PROBE-server 0
1790393672.294081816 950027 iou-wrk-950021 0
1790393672.294081816 950079 iou-wrk-950026 0
1790393672.500301078 950021 PROBE-server 445
1790393672.500301078 950026 PROBE-server 0
1790393672.500301078 950027 iou-wrk-950021 0
1790393672.500301078 950079 iou-wrk-950026 0
1790393672.707090193 950021 PROBE-server 465
1790393672.707090193 950026 PROBE-server 0
1790393672.707090193 950027 iou-wrk-950021 0
1790393672.707090193 950079 iou-wrk-950026 0
1790393672.913760108 950021 PROBE-server 485
1790393672.913760108 950026 PROBE-server 0
1790393672.913760108 950027 iou-wrk-950021 0
1790393672.913760108 950079 iou-wrk-950026 0
1790393673.120584553 950021 PROBE-server 505
1790393673.120584553 950026 PROBE-server 0
1790393673.120584553 950027 iou-wrk-950021 0
1790393673.120584553 950079 iou-wrk-950026 0
1790393673.327421609 950021 PROBE-server 526
1790393673.327421609 950026 PROBE-server 0
1790393673.327421609 950027 iou-wrk-950021 0
1790393673.327421609 950079 iou-wrk-950026 0
1790393673.533885693 950021 PROBE-server 546
1790393673.533885693 950026 PROBE-server 0
1790393673.533885693 950027 iou-wrk-950021 0
1790393673.533885693 950079 iou-wrk-950026 0
1790393673.739950224 950021 PROBE-server 566
1790393673.739950224 950026 PROBE-server 0
1790393673.739950224 950027 iou-wrk-950021 0
1790393673.739950224 950079 iou-wrk-950026 0
1790393673.946921011 950021 PROBE-server 587
1790393673.946921011 950026 PROBE-server 0
1790393673.946921011 950027 iou-wrk-950021 0
1790393673.946921011 950079 iou-wrk-950026 0
1790393674.153806066 950021 PROBE-server 607
1790393674.153806066 950026 PROBE-server 0
1790393674.153806066 950027 iou-wrk-950021 0
1790393674.153806066 950079 iou-wrk-950026 0
1790393674.361452006 950021 PROBE-server 627
1790393674.361452006 950026 PROBE-server 0
1790393674.361452006 950027 iou-wrk-950021 0
1790393674.361452006 950079 iou-wrk-950026 0
1790393674.568688433 950021 PROBE-server 648
1790393674.568688433 950026 PROBE-server 0
1790393674.568688433 950027 iou-wrk-950021 0
1790393674.568688433 950079 iou-wrk-950026 0
1790393674.775225857 950021 PROBE-server 668
1790393674.775225857 950026 PROBE-server 0
1790393674.775225857 950027 iou-wrk-950021 0
1790393674.775225857 950079 iou-wrk-950026 0
1790393674.982123553 950021 PROBE-server 688
1790393674.982123553 950026 PROBE-server 0
1790393674.982123553 950027 iou-wrk-950021 0
1790393674.982123553 950079 iou-wrk-950026 0
1790393675.187909705 950021 PROBE-server 709
1790393675.187909705 950026 PROBE-server 0
1790393675.187909705 950027 iou-wrk-950021 0
1790393675.187909705 950079 iou-wrk-950026 0
1790393675.394633930 950021 PROBE-server 728
1790393675.394633930 950026 PROBE-server 0
1790393675.394633930 950027 iou-wrk-950021 0
1790393675.394633930 950079 iou-wrk-950026 0
1790393675.601542546 950021 PROBE-server 749
1790393675.601542546 950026 PROBE-server 0
1790393675.601542546 950027 iou-wrk-950021 0
1790393675.601542546 950079 iou-wrk-950026 0
1790393675.807985660 950021 PROBE-server 769
1790393675.807985660 950026 PROBE-server 1
1790393675.807985660 950027 iou-wrk-950021 0
1790393675.807985660 950079 iou-wrk-950026 0
1790393676.015062907 950021 PROBE-server 790
1790393676.015062907 950026 PROBE-server 1
1790393676.015062907 950027 iou-wrk-950021 0
1790393676.015062907 950079 iou-wrk-950026 0
1790393676.222014324 950021 PROBE-server 810
1790393676.222014324 950026 PROBE-server 1
1790393676.222014324 950027 iou-wrk-950021 0
1790393676.222014324 950079 iou-wrk-950026 0
1790393676.429144171 950021 PROBE-server 830
1790393676.429144171 950026 PROBE-server 1
1790393676.429144171 950027 iou-wrk-950021 0
1790393676.429144171 950079 iou-wrk-950026 0
1790393676.636158178 950021 PROBE-server 851
1790393676.636158178 950026 PROBE-server 1
1790393676.636158178 950027 iou-wrk-950021 0
1790393676.636158178 950079 iou-wrk-950026 0
1790393676.842929054 950021 PROBE-server 871
1790393676.842929054 950026 PROBE-server 1
1790393676.842929054 950027 iou-wrk-950021 0
1790393676.842929054 950079 iou-wrk-950026 0
1790393677.049611670 950021 PROBE-server 891
1790393677.049611670 950026 PROBE-server 1
1790393677.049611670 950027 iou-wrk-950021 0
1790393677.049611670 950079 iou-wrk-950026 0
1790393677.256492336 950021 PROBE-server 912
1790393677.256492336 950026 PROBE-server 1
1790393677.256492336 950027 iou-wrk-950021 0
1790393677.256492336 950079 iou-wrk-950026 0
1790393677.463103291 950021 PROBE-server 931
1790393677.463103291 950026 PROBE-server 1
1790393677.463103291 950027 iou-wrk-950021 0
1790393677.463103291 950079 iou-wrk-950026 0
1790393677.669683286 950021 PROBE-server 952
1790393677.669683286 950026 PROBE-server 1
1790393677.669683286 950027 iou-wrk-950021 0
1790393677.669683286 950079 iou-wrk-950026 0
1790393677.876469642 950021 PROBE-server 972
1790393677.876469642 950026 PROBE-server 1
1790393677.876469642 950027 iou-wrk-950021 0
1790393677.876469642 950079 iou-wrk-950026 0
1790393678.082937867 950021 PROBE-server 993
1790393678.082937867 950026 PROBE-server 1
1790393678.082937867 950027 iou-wrk-950021 0
1790393678.082937867 950079 iou-wrk-950026 0
1790393678.290064345 950021 PROBE-server 1013
1790393678.290064345 950026 PROBE-server 1
1790393678.290064345 950027 iou-wrk-950021 0
1790393678.290064345 950079 iou-wrk-950026 0
1790393678.497133982 950021 PROBE-server 1034
1790393678.497133982 950026 PROBE-server 1
1790393678.497133982 950027 iou-wrk-950021 0
1790393678.497133982 950079 iou-wrk-950026 0
1790393678.704200390 950021 PROBE-server 1053
1790393678.704200390 950026 PROBE-server 1
1790393678.704200390 950027 iou-wrk-950021 0
1790393678.704200390 950079 iou-wrk-950026 0
1790393678.910732005 950021 PROBE-server 1074
1790393678.910732005 950026 PROBE-server 1
1790393678.910732005 950027 iou-wrk-950021 0
1790393678.910732005 950079 iou-wrk-950026 0
1790393679.117085160 950021 PROBE-server 1081
1790393679.117085160 950026 PROBE-server 1
1790393679.117085160 950027 iou-wrk-950021 0
1790393679.117085160 950079 iou-wrk-950026 0
1790393679.324027977 950021 PROBE-server 1081
1790393679.324027977 950026 PROBE-server 1
1790393679.324027977 950027 iou-wrk-950021 0
1790393679.324027977 950079 iou-wrk-950026 0
