1790393640.053507865 947947 PROBE-server 0
1790393640.053507865 947952 PROBE-server 0
1790393640.053507865 947953 iou-wrk-947947 0
1790393640.260265263 947947 PROBE-server 10
1790393640.260265263 947952 PROBE-server 10
1790393640.260265263 947953 iou-wrk-947947 0
1790393640.465955676 947947 PROBE-server 22
1790393640.465955676 947952 PROBE-server 21
1790393640.465955676 947953 iou-wrk-947947 0
1790393640.671314138 947947 PROBE-server 33
1790393640.671314138 947952 PROBE-server 32
1790393640.671314138 947953 iou-wrk-947947 0
1790393640.877164073 947947 PROBE-server 45
1790393640.877164073 947952 PROBE-server 43
1790393640.877164073 947953 iou-wrk-947947 0
1790393641.082335294 947947 PROBE-server 55
1790393641.082335294 947952 PROBE-server 53
1790393641.082335294 947953 iou-wrk-947947 0
1790393641.286602791 947947 PROBE-server 67
1790393641.286602791 947952 PROBE-server 64
1790393641.286602791 947953 iou-wrk-947947 0
1790393641.492190594 947947 PROBE-server 78
1790393641.492190594 947952 PROBE-server 75
1790393641.492190594 947953 iou-wrk-947947 0
1790393641.697634727 947947 PROBE-server 90
1790393641.697634727 947952 PROBE-server 86
1790393641.697634727 947953 iou-wrk-947947 0
1790393641.903416501 947947 PROBE-server 102
1790393641.903416501 947952 PROBE-server 97
1790393641.903416501 947953 iou-wrk-947947 0
1790393642.109071935 947947 PROBE-server 113
1790393642.109071935 947952 PROBE-server 108
1790393642.109071935 947953 iou-wrk-947947 0
1790393642.314501857 947947 PROBE-server 125
1790393642.314501857 947952 PROBE-server 119
1790393642.314501857 947953 iou-wrk-947947 0
1790393642.520172041 947947 PROBE-server 136
1790393642.520172041 947952 PROBE-server 130
1790393642.520172041 947953 iou-wrk-947947 0
1790393642.725425683 947947 PROBE-server 148
1790393642.725425683 947952 PROBE-server 141
1790393642.725425683 947953 iou-wrk-947947 0
1790393642.930724395 947947 PROBE-server 159
1790393642.930724395 947952 PROBE-server 152
1790393642.930724395 947953 iou-wrk-947947 0
1790393643.135485605 947947 PROBE-server 170
1790393643.135485605 947952 PROBE-server 163
1790393643.135485605 947953 iou-wrk-947947 0
1790393643.339902943 947947 PROBE-server 182
1790393643.339902943 947952 PROBE-server 174
1790393643.339902943 947953 iou-wrk-947947 0
1790393643.544830454 947947 PROBE-server 194
1790393643.544830454 947952 PROBE-server 184
1790393643.544830454 947953 iou-wrk-947947 0
1790393643.749707905 947947 PROBE-server 204
1790393643.749707905 947952 PROBE-server 196
1790393643.749707905 947953 iou-wrk-947947 0
1790393643.955090038 947947 PROBE-server 216
1790393643.955090038 947952 PROBE-server 207
1790393643.955090038 947953 iou-wrk-947947 0
1790393644.160056019 947947 PROBE-server 227
1790393644.160056019 947952 PROBE-server 218
1790393644.160056019 947953 iou-wrk-947947 0
1790393644.365595462 947947 PROBE-server 239
1790393644.365595462 947952 PROBE-server 228
1790393644.365595462 947953 iou-wrk-947947 0
1790393644.570695634 947947 PROBE-server 250
1790393644.570695634 947952 PROBE-server 239
1790393644.570695634 947953 iou-wrk-947947 0
1790393644.776181027 947947 PROBE-server 262
1790393644.776181027 947952 PROBE-server 250
1790393644.776181027 947953 iou-wrk-947947 0
1790393644.981276239 947947 PROBE-server 274
1790393644.981276239 947952 PROBE-server 262
1790393644.981276239 947953 iou-wrk-947947 0
1790393645.186682322 947947 PROBE-server 285
1790393645.186682322 947952 PROBE-server 272
1790393645.186682322 947953 iou-wrk-947947 0
1790393645.391943905 947947 PROBE-server 298
1790393645.391943905 947952 PROBE-server 282
1790393645.391943905 947953 iou-wrk-947947 0
1790393645.597781440 947947 PROBE-server 309
1790393645.597781440 947952 PROBE-server 294
1790393645.597781440 947953 iou-wrk-947947 0
1790393645.803403914 947947 PROBE-server 320
1790393645.803403914 947952 PROBE-server 304
1790393645.803403914 947953 iou-wrk-947947 0
1790393646.008363796 947947 PROBE-server 332
1790393646.008363796 947952 PROBE-server 315
1790393646.008363796 947953 iou-wrk-947947 0
1790393646.213245887 947947 PROBE-server 344
1790393646.213245887 947952 PROBE-server 326
1790393646.213245887 947953 iou-wrk-947947 0
1790393646.418950991 947947 PROBE-server 355
1790393646.418950991 947952 PROBE-server 338
1790393646.418950991 947953 iou-wrk-947947 0
1790393646.624425745 947947 PROBE-server 367
1790393646.624425745 947952 PROBE-server 349
1790393646.624425745 947953 iou-wrk-947947 0
1790393646.830419981 947947 PROBE-server 378
1790393646.830419981 947952 PROBE-server 360
1790393646.830419981 947953 iou-wrk-947947 0
1790393647.035790235 947947 PROBE-server 390
1790393647.035790235 947952 PROBE-server 371
1790393647.035790235 947953 iou-wrk-947947 0
1790393647.241569180 947947 PROBE-server 402
1790393647.241569180 947952 PROBE-server 382
1790393647.241569180 947953 iou-wrk-947947 0
1790393647.446410621 947947 PROBE-server 413
1790393647.446410621 947952 PROBE-server 393
1790393647.446410621 947953 iou-wrk-947947 0
1790393647.651120522 947947 PROBE-server 424
1790393647.651120522 947952 PROBE-server 404
1790393647.651120522 947953 iou-wrk-947947 0
1790393647.856891877 947947 PROBE-server 436
1790393647.856891877 947952 PROBE-server 414
1790393647.856891877 947953 iou-wrk-947947 0
1790393648.062384901 947947 PROBE-server 448
1790393648.062384901 947952 PROBE-server 425
1790393648.062384901 947953 iou-wrk-947947 0
1790393648.267725935 947947 PROBE-server 460
1790393648.267725935 947952 PROBE-server 436
1790393648.267725935 947953 iou-wrk-947947 0
1790393648.473062969 947947 PROBE-server 470
1790393648.473062969 947952 PROBE-server 447
1790393648.473062969 947953 iou-wrk-947947 0
1790393648.678493133 947947 PROBE-server 482
1790393648.678493133 947952 PROBE-server 459
1790393648.678493133 947953 iou-wrk-947947 0
1790393648.884396199 947947 PROBE-server 493
1790393648.884396199 947952 PROBE-server 470
1790393648.884396199 947953 iou-wrk-947947 0
1790393649.089807213 947947 PROBE-server 505
1790393649.089807213 947952 PROBE-server 480
1790393649.089807213 947953 iou-wrk-947947 0
1790393649.295469208 947947 PROBE-server 516
1790393649.295469208 947952 PROBE-server 491
1790393649.295469208 947953 iou-wrk-947947 0
1790393649.500790782 947947 PROBE-server 529
1790393649.500790782 947952 PROBE-server 502
1790393649.500790782 947953 iou-wrk-947947 0
1790393649.706494277 947947 PROBE-server 541
1790393649.706494277 947952 PROBE-server 513
1790393649.706494277 947953 iou-wrk-947947 0
1790393649.911690600 947947 PROBE-server 553
1790393649.911690600 947952 PROBE-server 525
1790393649.911690600 947953 iou-wrk-947947 0
1790393650.116565012 947947 PROBE-server 564
1790393650.116565012 947952 PROBE-server 536
1790393650.116565012 947953 iou-wrk-947947 0
1790393650.322788550 947947 PROBE-server 575
1790393650.322788550 947952 PROBE-server 547
1790393650.322788550 947953 iou-wrk-947947 0
1790393650.528712137 947947 PROBE-server 587
1790393650.528712137 947952 PROBE-server 557
1790393650.528712137 947953 iou-wrk-947947 0
1790393650.734721074 947947 PROBE-server 599
1790393650.734721074 947952 PROBE-server 568
1790393650.734721074 947953 iou-wrk-947947 0
1790393650.940808171 947947 PROBE-server 610
1790393650.940808171 947952 PROBE-server 579
1790393650.940808171 947953 iou-wrk-947947 0
1790393651.146437627 947947 PROBE-server 618
1790393651.146437627 947952 PROBE-server 586
1790393651.146437627 947953 iou-wrk-947947 0
