1790393011.227318374 903662 PROBE-server 0
1790393011.227318374 903667 PROBE-server 0
1790393011.227318374 903668 iou-wrk-903662 0
1790393011.433237828 903662 PROBE-server 12
1790393011.433237828 903667 PROBE-server 10
1790393011.433237828 903668 iou-wrk-903662 0
1790393011.638178320 903662 PROBE-server 24
1790393011.638178320 903667 PROBE-server 21
1790393011.638178320 903668 iou-wrk-903662 0
1790393011.842639650 903662 PROBE-server 36
1790393011.842639650 903667 PROBE-server 33
1790393011.842639650 903668 iou-wrk-903662 0
1790393012.047917692 903662 PROBE-server 48
1790393012.047917692 903667 PROBE-server 42
1790393012.047917692 903668 iou-wrk-903662 0
1790393012.253048255 903662 PROBE-server 61
1790393012.253048255 903667 PROBE-server 54
1790393012.253048255 903668 iou-wrk-903662 0
1790393012.457450605 903662 PROBE-server 73
1790393012.457450605 903667 PROBE-server 65
1790393012.457450605 903668 iou-wrk-903662 0
1790393012.662261057 903662 PROBE-server 85
1790393012.662261057 903667 PROBE-server 76
1790393012.662261057 903668 iou-wrk-903662 0
1790393012.866927228 903662 PROBE-server 98
1790393012.866927228 903667 PROBE-server 89
1790393012.866927228 903668 iou-wrk-903662 0
1790393013.071419179 903662 PROBE-server 110
1790393013.071419179 903667 PROBE-server 98
1790393013.071419179 903668 iou-wrk-903662 0
1790393013.276073880 903662 PROBE-server 122
1790393013.276073880 903667 PROBE-server 110
1790393013.276073880 903668 iou-wrk-903662 0
1790393013.481355424 903662 PROBE-server 135
1790393013.481355424 903667 PROBE-server 120
1790393013.481355424 903668 iou-wrk-903662 0
1790393013.685721775 903662 PROBE-server 147
1790393013.685721775 903667 PROBE-server 132
1790393013.685721775 903668 iou-wrk-903662 0
1790393013.890572748 903662 PROBE-server 159
1790393013.890572748 903667 PROBE-server 143
1790393013.890572748 903668 iou-wrk-903662 0
1790393014.095090460 903662 PROBE-server 172
1790393014.095090460 903667 PROBE-server 155
1790393014.095090460 903668 iou-wrk-903662 0
1790393014.299778012 903662 PROBE-server 184
1790393014.299778012 903667 PROBE-server 165
1790393014.299778012 903668 iou-wrk-903662 0
1790393014.504184024 903662 PROBE-server 197
1790393014.504184024 903667 PROBE-server 177
1790393014.504184024 903668 iou-wrk-903662 0
1790393014.710220011 903662 PROBE-server 209
1790393014.710220011 903667 PROBE-server 188
1790393014.710220011 903668 iou-wrk-903662 0
1790393014.914637493 903662 PROBE-server 222
1790393014.914637493 903667 PROBE-server 199
1790393014.914637493 903668 iou-wrk-903662 0
1790393015.120026648 903662 PROBE-server 234
1790393015.120026648 903667 PROBE-server 210
1790393015.120026648 903668 iou-wrk-903662 0
1790393015.325543094 903662 PROBE-server 247
1790393015.325543094 903667 PROBE-server 222
1790393015.325543094 903668 iou-wrk-903662 0
1790393015.530938860 903662 PROBE-server 259
1790393015.530938860 903667 PROBE-server 234
1790393015.530938860 903668 iou-wrk-903662 0
1790393015.736326775 903662 PROBE-server 271
1790393015.736326775 903667 PROBE-server 244
1790393015.736326775 903668 iou-wrk-903662 0
1790393015.941582200 903662 PROBE-server 283
1790393015.941582200 903667 PROBE-server 255
1790393015.941582200 903668 iou-wrk-903662 0
1790393016.147482668 903662 PROBE-server 296
1790393016.147482668 903667 PROBE-server 266
1790393016.147482668 903668 iou-wrk-903662 0
1790393016.353185955 903662 PROBE-server 308
1790393016.353185955 903667 PROBE-server 277
1790393016.353185955 903668 iou-wrk-903662 0
1790393016.558431841 903662 PROBE-server 320
1790393016.558431841 903667 PROBE-server 288
1790393016.558431841 903668 iou-wrk-903662 0
1790393016.763900458 903662 PROBE-server 332
1790393016.763900458 903667 PROBE-server 299
1790393016.763900458 903668 iou-wrk-903662 0
1790393016.968680602 903662 PROBE-server 344
1790393016.968680602 903667 PROBE-server 310
1790393016.968680602 903668 iou-wrk-903662 0
1790393017.174191700 903662 PROBE-server 356
1790393017.174191700 903667 PROBE-server 321
1790393017.174191700 903668 iou-wrk-903662 0
1790393017.380292059 903662 PROBE-server 369
1790393017.380292059 903667 PROBE-server 332
1790393017.380292059 903668 iou-wrk-903662 0
1790393017.585733116 903662 PROBE-server 381
1790393017.585733116 903667 PROBE-server 343
1790393017.585733116 903668 iou-wrk-903662 0
1790393017.790993713 903662 PROBE-server 393
1790393017.790993713 903667 PROBE-server 353
1790393017.790993713 903668 iou-wrk-903662 0
1790393017.996156409 903662 PROBE-server 405
1790393017.996156409 903667 PROBE-server 365
1790393017.996156409 903668 iou-wrk-903662 0
1790393018.201393787 903662 PROBE-server 417
1790393018.201393787 903667 PROBE-server 376
1790393018.201393787 903668 iou-wrk-903662 0
1790393018.406772234 903662 PROBE-server 429
1790393018.406772234 903667 PROBE-server 387
1790393018.406772234 903668 iou-wrk-903662 0
1790393018.612719244 903662 PROBE-server 441
1790393018.612719244 903667 PROBE-server 399
1790393018.612719244 903668 iou-wrk-903662 0
1790393018.817379630 903662 PROBE-server 453
1790393018.817379630 903667 PROBE-server 409
1790393018.817379630 903668 iou-wrk-903662 0
1790393019.022179926 903662 PROBE-server 465
1790393019.022179926 903667 PROBE-server 420
1790393019.022179926 903668 iou-wrk-903662 0
1790393019.227650984 903662 PROBE-server 478
1790393019.227650984 903667 PROBE-server 431
1790393019.227650984 903668 iou-wrk-903662 0
1790393019.432404111 903662 PROBE-server 490
1790393019.432404111 903667 PROBE-server 442
1790393019.432404111 903668 iou-wrk-903662 0
1790393019.638086401 903662 PROBE-server 502
1790393019.638086401 903667 PROBE-server 453
1790393019.638086401 903668 iou-wrk-903662 0
1790393019.843219758 903662 PROBE-server 514
1790393019.843219758 903667 PROBE-server 464
1790393019.843219758 903668 iou-wrk-903662 0
1790393020.048771028 903662 PROBE-server 526
1790393020.048771028 903667 PROBE-server 475
1790393020.048771028 903668 iou-wrk-903662 0
1790393020.253513715 903662 PROBE-server 539
1790393020.253513715 903667 PROBE-server 486
1790393020.253513715 903668 iou-wrk-903662 0
1790393020.459658326 903662 PROBE-server 550
1790393020.459658326 903667 PROBE-server 498
1790393020.459658326 903668 iou-wrk-903662 0
1790393020.664925725 903662 PROBE-server 563
1790393020.664925725 903667 PROBE-server 509
1790393020.664925725 903668 iou-wrk-903662 0
1790393020.870033384 903662 PROBE-server 575
1790393020.870033384 903667 PROBE-server 520
1790393020.870033384 903668 iou-wrk-903662 0
1790393021.075733024 903662 PROBE-server 587
1790393021.075733024 903667 PROBE-server 531
1790393021.075733024 903668 iou-wrk-903662 0
1790393021.281103094 903662 PROBE-server 600
1790393021.281103094 903667 PROBE-server 542
1790393021.281103094 903668 iou-wrk-903662 0
1790393021.486875535 903662 PROBE-server 611
1790393021.486875535 903667 PROBE-server 553
1790393021.486875535 903668 iou-wrk-903662 0
1790393021.692567836 903662 PROBE-server 624
1790393021.692567836 903667 PROBE-server 564
1790393021.692567836 903668 iou-wrk-903662 0
1790393021.897041274 903662 PROBE-server 636
1790393021.897041274 903667 PROBE-server 575
1790393021.897041274 903668 iou-wrk-903662 0
1790393022.101997243 903662 PROBE-server 649
1790393022.101997243 903667 PROBE-server 586
1790393022.101997243 903668 iou-wrk-903662 0
1790393022.307540034 903662 PROBE-server 656
1790393022.307540034 903667 PROBE-server 594
1790393022.307540034 903668 iou-wrk-903662 0
