1790393171.615649507 915073 PROBE-server 0
1790393171.615649507 915078 PROBE-server 0
1790393171.615649507 915079 iou-wrk-915073 0
1790393171.821843965 915073 PROBE-server 11
1790393171.821843965 915078 PROBE-server 12
1790393171.821843965 915079 iou-wrk-915073 0
1790393172.027849292 915073 PROBE-server 24
1790393172.027849292 915078 PROBE-server 23
1790393172.027849292 915079 iou-wrk-915073 0
1790393172.232753345 915073 PROBE-server 36
1790393172.232753345 915078 PROBE-server 35
1790393172.232753345 915079 iou-wrk-915073 0
1790393172.438113611 915073 PROBE-server 48
1790393172.438113611 915078 PROBE-server 46
1790393172.438113611 915079 iou-wrk-915073 0
1790393172.643817998 915073 PROBE-server 59
1790393172.643817998 915078 PROBE-server 58
1790393172.643817998 915079 iou-wrk-915073 0
1790393172.849283273 915073 PROBE-server 72
1790393172.849283273 915078 PROBE-server 70
1790393172.849283273 915079 iou-wrk-915073 0
1790393173.054595559 915073 PROBE-server 83
1790393173.054595559 915078 PROBE-server 80
1790393173.054595559 915079 iou-wrk-915073 0
1790393173.259852034 915073 PROBE-server 95
1790393173.259852034 915078 PROBE-server 91
1790393173.259852034 915079 iou-wrk-915073 0
1790393173.465071530 915073 PROBE-server 108
1790393173.465071530 915078 PROBE-server 103
1790393173.465071530 915079 iou-wrk-915073 0
1790393173.670943107 915073 PROBE-server 119
1790393173.670943107 915078 PROBE-server 114
1790393173.670943107 915079 iou-wrk-915073 0
1790393173.875913402 915073 PROBE-server 131
1790393173.875913402 915078 PROBE-server 126
1790393173.875913402 915079 iou-wrk-915073 0
1790393174.080719066 915073 PROBE-server 143
1790393174.080719066 915078 PROBE-server 137
1790393174.080719066 915079 iou-wrk-915073 0
1790393174.286634604 915073 PROBE-server 155
1790393174.286634604 915078 PROBE-server 150
1790393174.286634604 915079 iou-wrk-915073 0
1790393174.492386162 915073 PROBE-server 166
1790393174.492386162 915078 PROBE-server 160
1790393174.492386162 915079 iou-wrk-915073 0
1790393174.698199200 915073 PROBE-server 179
1790393174.698199200 915078 PROBE-server 172
1790393174.698199200 915079 iou-wrk-915073 0
1790393174.903164155 915073 PROBE-server 191
1790393174.903164155 915078 PROBE-server 184
1790393174.903164155 915079 iou-wrk-915073 0
1790393175.107927900 915073 PROBE-server 203
1790393175.107927900 915078 PROBE-server 196
1790393175.107927900 915079 iou-wrk-915073 0
1790393175.312569464 915073 PROBE-server 215
1790393175.312569464 915078 PROBE-server 209
1790393175.312569464 915079 iou-wrk-915073 0
1790393175.517185769 915073 PROBE-server 228
1790393175.517185769 915078 PROBE-server 221
1790393175.517185769 915079 iou-wrk-915073 0
1790393175.722219215 915073 PROBE-server 241
1790393175.722219215 915078 PROBE-server 233
1790393175.722219215 915079 iou-wrk-915073 0
1790393175.927599692 915073 PROBE-server 254
1790393175.927599692 915078 PROBE-server 246
1790393175.927599692 915079 iou-wrk-915073 0
1790393176.133069569 915073 PROBE-server 266
1790393176.133069569 915078 PROBE-server 258
1790393176.133069569 915079 iou-wrk-915073 0
1790393176.338832288 915073 PROBE-server 277
1790393176.338832288 915078 PROBE-server 268
1790393176.338832288 915079 iou-wrk-915073 0
1790393176.544317846 915073 PROBE-server 289
1790393176.544317846 915078 PROBE-server 280
1790393176.544317846 915079 iou-wrk-915073 0
1790393176.749570793 915073 PROBE-server 301
1790393176.749570793 915078 PROBE-server 292
1790393176.749570793 915079 iou-wrk-915073 0
1790393176.954627370 915073 PROBE-server 313
1790393176.954627370 915078 PROBE-server 303
1790393176.954627370 915079 iou-wrk-915073 0
1790393177.159770497 915073 PROBE-server 325
1790393177.159770497 915078 PROBE-server 315
1790393177.159770497 915079 iou-wrk-915073 0
1790393177.365549347 915073 PROBE-server 337
1790393177.365549347 915078 PROBE-server 326
1790393177.365549347 915079 iou-wrk-915073 0
1790393177.570987835 915073 PROBE-server 348
1790393177.570987835 915078 PROBE-server 338
1790393177.570987835 915079 iou-wrk-915073 0
1790393177.776427353 915073 PROBE-server 360
1790393177.776427353 915078 PROBE-server 349
1790393177.776427353 915079 iou-wrk-915073 0
1790393177.982277653 915073 PROBE-server 373
1790393177.982277653 915078 PROBE-server 361
1790393177.982277653 915079 iou-wrk-915073 0
1790393178.187735002 915073 PROBE-server 385
1790393178.187735002 915078 PROBE-server 373
1790393178.187735002 915079 iou-wrk-915073 0
1790393178.392959920 915073 PROBE-server 396
1790393178.392959920 915078 PROBE-server 384
1790393178.392959920 915079 iou-wrk-915073 0
1790393178.598368059 915073 PROBE-server 407
1790393178.598368059 915078 PROBE-server 395
1790393178.598368059 915079 iou-wrk-915073 0
1790393178.803566067 915073 PROBE-server 419
1790393178.803566067 915078 PROBE-server 406
1790393178.803566067 915079 iou-wrk-915073 0
1790393179.009104776 915073 PROBE-server 431
1790393179.009104776 915078 PROBE-server 417
1790393179.009104776 915079 iou-wrk-915073 0
1790393179.214337835 915073 PROBE-server 443
1790393179.214337835 915078 PROBE-server 429
1790393179.214337835 915079 iou-wrk-915073 0
1790393179.418964382 915073 PROBE-server 455
1790393179.418964382 915078 PROBE-server 440
1790393179.418964382 915079 iou-wrk-915073 0
1790393179.623957679 915073 PROBE-server 467
1790393179.623957679 915078 PROBE-server 453
1790393179.623957679 915079 iou-wrk-915073 0
1790393179.828732796 915073 PROBE-server 479
1790393179.828732796 915078 PROBE-server 464
1790393179.828732796 915079 iou-wrk-915073 0
1790393180.033515513 915073 PROBE-server 490
1790393180.033515513 915078 PROBE-server 476
1790393180.033515513 915079 iou-wrk-915073 0
1790393180.239211584 915073 PROBE-server 502
1790393180.239211584 915078 PROBE-server 487
1790393180.239211584 915079 iou-wrk-915073 0
1790393180.444381923 915073 PROBE-server 514
1790393180.444381923 915078 PROBE-server 499
1790393180.444381923 915079 iou-wrk-915073 0
1790393180.649224671 915073 PROBE-server 526
1790393180.649224671 915078 PROBE-server 511
1790393180.649224671 915079 iou-wrk-915073 0
1790393180.855088413 915073 PROBE-server 538
1790393180.855088413 915078 PROBE-server 522
1790393180.855088413 915079 iou-wrk-915073 0
1790393181.060428082 915073 PROBE-server 549
1790393181.060428082 915078 PROBE-server 533
1790393181.060428082 915079 iou-wrk-915073 0
1790393181.265951423 915073 PROBE-server 562
1790393181.265951423 915078 PROBE-server 546
1790393181.265951423 915079 iou-wrk-915073 0
1790393181.470390900 915073 PROBE-server 576
1790393181.470390900 915078 PROBE-server 559
1790393181.470390900 915079 iou-wrk-915073 0
1790393181.675437979 915073 PROBE-server 588
1790393181.675437979 915078 PROBE-server 571
1790393181.675437979 915079 iou-wrk-915073 0
1790393181.880670179 915073 PROBE-server 599
1790393181.880670179 915078 PROBE-server 582
1790393181.880670179 915079 iou-wrk-915073 0
1790393182.086475811 915073 PROBE-server 611
1790393182.086475811 915078 PROBE-server 593
1790393182.086475811 915079 iou-wrk-915073 0
1790393182.291449290 915073 PROBE-server 622
1790393182.291449290 915078 PROBE-server 604
1790393182.291449290 915079 iou-wrk-915073 0
1790393182.496960092 915073 PROBE-server 634
1790393182.496960092 915078 PROBE-server 616
1790393182.496960092 915079 iou-wrk-915073 0
1790393182.702863144 915073 PROBE-server 641
1790393182.702863144 915078 PROBE-server 623
1790393182.702863144 915079 iou-wrk-915073 0
