1790393199.618444636 917426 PROBE-server 0
1790393199.618444636 917431 PROBE-server 0
1790393199.618444636 917432 iou-wrk-917426 0
1790393199.824385198 917426 PROBE-server 12
1790393199.824385198 917431 PROBE-server 10
1790393199.824385198 917432 iou-wrk-917426 0
1790393200.030078529 917426 PROBE-server 25
1790393200.030078529 917431 PROBE-server 22
1790393200.030078529 917432 iou-wrk-917426 0
1790393200.234689066 917426 PROBE-server 38
1790393200.234689066 917431 PROBE-server 34
1790393200.234689066 917432 iou-wrk-917426 0
1790393200.439843856 917426 PROBE-server 50
1790393200.439843856 917431 PROBE-server 45
1790393200.439843856 917432 iou-wrk-917426 0
1790393200.644613994 917426 PROBE-server 62
1790393200.644613994 917431 PROBE-server 57
1790393200.644613994 917432 iou-wrk-917426 0
1790393200.849013170 917426 PROBE-server 76
1790393200.849013170 917431 PROBE-server 69
1790393200.849013170 917432 iou-wrk-917426 0
1790393201.053801079 917426 PROBE-server 88
1790393201.053801079 917431 PROBE-server 81
1790393201.053801079 917432 iou-wrk-917426 0
1790393201.258338626 917426 PROBE-server 100
1790393201.258338626 917431 PROBE-server 92
1790393201.258338626 917432 iou-wrk-917426 0
1790393201.463093475 917426 PROBE-server 113
1790393201.463093475 917431 PROBE-server 104
1790393201.463093475 917432 iou-wrk-917426 0
1790393201.668021984 917426 PROBE-server 126
1790393201.668021984 917431 PROBE-server 116
1790393201.668021984 917432 iou-wrk-917426 0
1790393201.872674762 917426 PROBE-server 139
1790393201.872674762 917431 PROBE-server 127
1790393201.872674762 917432 iou-wrk-917426 0
1790393202.078680535 917426 PROBE-server 151
1790393202.078680535 917431 PROBE-server 139
1790393202.078680535 917432 iou-wrk-917426 0
1790393202.284444228 917426 PROBE-server 164
1790393202.284444228 917431 PROBE-server 151
1790393202.284444228 917432 iou-wrk-917426 0
1790393202.489367328 917426 PROBE-server 176
1790393202.489367328 917431 PROBE-server 162
1790393202.489367328 917432 iou-wrk-917426 0
1790393202.694391777 917426 PROBE-server 189
1790393202.694391777 917431 PROBE-server 173
1790393202.694391777 917432 iou-wrk-917426 0
1790393202.899075486 917426 PROBE-server 201
1790393202.899075486 917431 PROBE-server 185
1790393202.899075486 917432 iou-wrk-917426 0
1790393203.105055540 917426 PROBE-server 214
1790393203.105055540 917431 PROBE-server 198
1790393203.105055540 917432 iou-wrk-917426 0
1790393203.310061980 917426 PROBE-server 228
1790393203.310061980 917431 PROBE-server 209
1790393203.310061980 917432 iou-wrk-917426 0
1790393203.514476759 917426 PROBE-server 240
1790393203.514476759 917431 PROBE-server 220
1790393203.514476759 917432 iou-wrk-917426 0
1790393203.719816330 917426 PROBE-server 253
1790393203.719816330 917431 PROBE-server 231
1790393203.719816330 917432 iou-wrk-917426 0
1790393203.925820114 917426 PROBE-server 266
1790393203.925820114 917431 PROBE-server 245
1790393203.925820114 917432 iou-wrk-917426 0
1790393204.130433664 917426 PROBE-server 280
1790393204.130433664 917431 PROBE-server 256
1790393204.130433664 917432 iou-wrk-917426 0
1790393204.335342604 917426 PROBE-server 292
1790393204.335342604 917431 PROBE-server 268
1790393204.335342604 917432 iou-wrk-917426 0
1790393204.539830503 917426 PROBE-server 304
1790393204.539830503 917431 PROBE-server 279
1790393204.539830503 917432 iou-wrk-917426 0
1790393204.744506073 917426 PROBE-server 317
1790393204.744506073 917431 PROBE-server 291
1790393204.744506073 917432 iou-wrk-917426 0
1790393204.950569558 917426 PROBE-server 329
1790393204.950569558 917431 PROBE-server 302
1790393204.950569558 917432 iou-wrk-917426 0
1790393205.156819493 917426 PROBE-server 342
1790393205.156819493 917431 PROBE-server 315
1790393205.156819493 917432 iou-wrk-917426 0
1790393205.361886285 917426 PROBE-server 355
1790393205.361886285 917431 PROBE-server 325
1790393205.361886285 917432 iou-wrk-917426 0
1790393205.566584326 917426 PROBE-server 367
1790393205.566584326 917431 PROBE-server 338
1790393205.566584326 917432 iou-wrk-917426 0
1790393205.772302520 917426 PROBE-server 380
1790393205.772302520 917431 PROBE-server 349
1790393205.772302520 917432 iou-wrk-917426 0
1790393205.977699412 917426 PROBE-server 392
1790393205.977699412 917431 PROBE-server 361
1790393205.977699412 917432 iou-wrk-917426 0
1790393206.182844215 917426 PROBE-server 405
1790393206.182844215 917431 PROBE-server 372
1790393206.182844215 917432 iou-wrk-917426 0
1790393206.387356575 917426 PROBE-server 418
1790393206.387356575 917431 PROBE-server 384
1790393206.387356575 917432 iou-wrk-917426 0
1790393206.592031846 917426 PROBE-server 431
1790393206.592031846 917431 PROBE-server 395
1790393206.592031846 917432 iou-wrk-917426 0
1790393206.796493206 917426 PROBE-server 444
1790393206.796493206 917431 PROBE-server 407
1790393206.796493206 917432 iou-wrk-917426 0
1790393207.001291167 917426 PROBE-server 456
1790393207.001291167 917431 PROBE-server 418
1790393207.001291167 917432 iou-wrk-917426 0
1790393207.206417170 917426 PROBE-server 469
1790393207.206417170 917431 PROBE-server 429
1790393207.206417170 917432 iou-wrk-917426 0
1790393207.411532513 917426 PROBE-server 481
1790393207.411532513 917431 PROBE-server 441
1790393207.411532513 917432 iou-wrk-917426 0
1790393207.616472565 917426 PROBE-server 493
1790393207.616472565 917431 PROBE-server 452
1790393207.616472565 917432 iou-wrk-917426 0
1790393207.821325347 917426 PROBE-server 506
1790393207.821325347 917431 PROBE-server 462
1790393207.821325347 917432 iou-wrk-917426 0
1790393208.026364149 917426 PROBE-server 518
1790393208.026364149 917431 PROBE-server 474
1790393208.026364149 917432 iou-wrk-917426 0
1790393208.231780354 917426 PROBE-server 531
1790393208.231780354 917431 PROBE-server 486
1790393208.231780354 917432 iou-wrk-917426 0
1790393208.436354855 917426 PROBE-server 544
1790393208.436354855 917431 PROBE-server 497
1790393208.436354855 917432 iou-wrk-917426 0
1790393208.641220357 917426 PROBE-server 556
1790393208.641220357 917431 PROBE-server 509
1790393208.641220357 917432 iou-wrk-917426 0
1790393208.846624352 917426 PROBE-server 568
1790393208.846624352 917431 PROBE-server 521
1790393208.846624352 917432 iou-wrk-917426 0
1790393209.051359924 917426 PROBE-server 581
1790393209.051359924 917431 PROBE-server 531
1790393209.051359924 917432 iou-wrk-917426 0
1790393209.256095357 917426 PROBE-server 594
1790393209.256095357 917431 PROBE-server 543
1790393209.256095357 917432 iou-wrk-917426 0
1790393209.460408477 917426 PROBE-server 606
1790393209.460408477 917431 PROBE-server 554
1790393209.460408477 917432 iou-wrk-917426 0
1790393209.665116180 917426 PROBE-server 620
1790393209.665116180 917431 PROBE-server 567
1790393209.665116180 917432 iou-wrk-917426 0
1790393209.869856672 917426 PROBE-server 632
1790393209.869856672 917431 PROBE-server 578
1790393209.869856672 917432 iou-wrk-917426 0
1790393210.075540638 917426 PROBE-server 644
1790393210.075540638 917431 PROBE-server 589
1790393210.075540638 917432 iou-wrk-917426 0
1790393210.280270371 917426 PROBE-server 656
1790393210.280270371 917431 PROBE-server 601
1790393210.280270371 917432 iou-wrk-917426 0
1790393210.485047505 917426 PROBE-server 669
1790393210.485047505 917431 PROBE-server 612
1790393210.485047505 917432 iou-wrk-917426 0
1790393210.690049578 917426 PROBE-server 678
1790393210.690049578 917431 PROBE-server 620
1790393210.690049578 917432 iou-wrk-917426 0
