1790393451.363770414 933941 PROBE-server 0
1790393451.363770414 933946 PROBE-server 0
1790393451.363770414 933947 iou-wrk-933941 0
1790393451.569803779 933941 PROBE-server 11
1790393451.569803779 933946 PROBE-server 0
1790393451.569803779 933947 iou-wrk-933941 0
1790393451.775770864 933941 PROBE-server 22
1790393451.775770864 933946 PROBE-server 0
1790393451.775770864 933947 iou-wrk-933941 0
1790393451.981512648 933941 PROBE-server 33
1790393451.981512648 933946 PROBE-server 0
1790393451.981512648 933947 iou-wrk-933941 0
1790393452.186887000 933941 PROBE-server 43
1790393452.186887000 933946 PROBE-server 0
1790393452.186887000 933947 iou-wrk-933941 0
1790393452.392472124 933941 PROBE-server 54
1790393452.392472124 933946 PROBE-server 0
1790393452.392472124 933947 iou-wrk-933941 0
1790393452.597215204 933941 PROBE-server 65
1790393452.597215204 933946 PROBE-server 0
1790393452.597215204 933947 iou-wrk-933941 0
1790393452.802994538 933941 PROBE-server 77
1790393452.802994538 933946 PROBE-server 0
1790393452.802994538 933947 iou-wrk-933941 0
1790393453.008852733 933941 PROBE-server 88
1790393453.008852733 933946 PROBE-server 0
1790393453.008852733 933947 iou-wrk-933941 0
1790393453.214548257 933941 PROBE-server 99
1790393453.214548257 933946 PROBE-server 0
1790393453.214548257 933947 iou-wrk-933941 0
1790393453.420107431 933941 PROBE-server 109
1790393453.420107431 933946 PROBE-server 0
1790393453.420107431 933947 iou-wrk-933941 0
1790393453.625400223 933941 PROBE-server 121
1790393453.625400223 933946 PROBE-server 0
1790393453.625400223 933947 iou-wrk-933941 0
1790393453.831151928 933941 PROBE-server 132
1790393453.831151928 933946 PROBE-server 0
1790393453.831151928 933947 iou-wrk-933941 0
1790393454.036867902 933941 PROBE-server 143
1790393454.036867902 933946 PROBE-server 0
1790393454.036867902 933947 iou-wrk-933941 0
1790393454.242233355 933941 PROBE-server 154
1790393454.242233355 933946 PROBE-server 0
1790393454.242233355 933947 iou-wrk-933941 0
1790393454.448099650 933941 PROBE-server 166
1790393454.448099650 933946 PROBE-server 0
1790393454.448099650 933947 iou-wrk-933941 0
1790393454.653849155 933941 PROBE-server 177
1790393454.653849155 933946 PROBE-server 0
1790393454.653849155 933947 iou-wrk-933941 0
1790393454.858839747 933941 PROBE-server 188
1790393454.858839747 933946 PROBE-server 0
1790393454.858839747 933947 iou-wrk-933941 0
1790393455.064138670 933941 PROBE-server 199
1790393455.064138670 933946 PROBE-server 0
1790393455.064138670 933947 iou-wrk-933941 0
1790393455.269759744 933941 PROBE-server 210
1790393455.269759744 933946 PROBE-server 0
1790393455.269759744 933947 iou-wrk-933941 0
1790393455.475062247 933941 PROBE-server 220
1790393455.475062247 933946 PROBE-server 0
1790393455.475062247 933947 iou-wrk-933941 0
1790393455.680367581 933941 PROBE-server 231
1790393455.680367581 933946 PROBE-server 0
1790393455.680367581 933947 iou-wrk-933941 0
1790393455.885982515 933941 PROBE-server 243
1790393455.885982515 933946 PROBE-server 0
1790393455.885982515 933947 iou-wrk-933941 0
1790393456.091511410 933941 PROBE-server 254
1790393456.091511410 933946 PROBE-server 0
1790393456.091511410 933947 iou-wrk-933941 0
1790393456.297098594 933941 PROBE-server 265
1790393456.297098594 933946 PROBE-server 0
1790393456.297098594 933947 iou-wrk-933941 0
1790393456.502414028 933941 PROBE-server 276
1790393456.502414028 933946 PROBE-server 0
1790393456.502414028 933947 iou-wrk-933941 0
1790393456.707805442 933941 PROBE-server 287
1790393456.707805442 933946 PROBE-server 0
1790393456.707805442 933947 iou-wrk-933941 0
1790393456.913586927 933941 PROBE-server 298
1790393456.913586927 933946 PROBE-server 0
1790393456.913586927 933947 iou-wrk-933941 0
1790393457.119216212 933941 PROBE-server 309
1790393457.119216212 933946 PROBE-server 0
1790393457.119216212 933947 iou-wrk-933941 0
1790393457.324684937 933941 PROBE-server 321
1790393457.324684937 933946 PROBE-server 0
1790393457.324684937 933947 iou-wrk-933941 0
1790393457.530340112 933941 PROBE-server 332
1790393457.530340112 933946 PROBE-server 0
1790393457.530340112 933947 iou-wrk-933941 0
1790393457.736000898 933941 PROBE-server 343
1790393457.736000898 933946 PROBE-server 0
1790393457.736000898 933947 iou-wrk-933941 0
1790393457.941687563 933941 PROBE-server 354
1790393457.941687563 933946 PROBE-server 0
1790393457.941687563 933947 iou-wrk-933941 0
1790393458.147172308 933941 PROBE-server 364
1790393458.147172308 933946 PROBE-server 0
1790393458.147172308 933947 iou-wrk-933941 0
1790393458.352781533 933941 PROBE-server 376
1790393458.352781533 933946 PROBE-server 0
1790393458.352781533 933947 iou-wrk-933941 0
1790393458.558268218 933941 PROBE-server 386
1790393458.558268218 933946 PROBE-server 0
1790393458.558268218 933947 iou-wrk-933941 0
1790393458.763646233 933941 PROBE-server 398
1790393458.763646233 933946 PROBE-server 1
1790393458.763646233 933947 iou-wrk-933941 0
1790393458.969124518 933941 PROBE-server 409
1790393458.969124518 933946 PROBE-server 1
1790393458.969124518 933947 iou-wrk-933941 0
1790393459.174407122 933941 PROBE-server 420
1790393459.174407122 933946 PROBE-server 1
1790393459.174407122 933947 iou-wrk-933941 0
1790393459.379781187 933941 PROBE-server 431
1790393459.379781187 933946 PROBE-server 1
1790393459.379781187 933947 iou-wrk-933941 0
1790393459.585127581 933941 PROBE-server 443
1790393459.585127581 933946 PROBE-server 1
1790393459.585127581 933947 iou-wrk-933941 0
1790393459.790863758 933941 PROBE-server 454
1790393459.790863758 933946 PROBE-server 1
1790393459.790863758 933947 iou-wrk-933941 0
1790393459.996462463 933941 PROBE-server 465
1790393459.996462463 933946 PROBE-server 1
1790393459.996462463 933947 iou-wrk-933941 0
1790393460.202194160 933941 PROBE-server 476
1790393460.202194160 933946 PROBE-server 1
1790393460.202194160 933947 iou-wrk-933941 0
1790393460.407442895 933941 PROBE-server 487
1790393460.407442895 933946 PROBE-server 1
1790393460.407442895 933947 iou-wrk-933941 0
1790393460.613155781 933941 PROBE-server 498
1790393460.613155781 933946 PROBE-server 1
1790393460.613155781 933947 iou-wrk-933941 0
1790393460.818721037 933941 PROBE-server 509
1790393460.818721037 933946 PROBE-server 1
1790393460.818721037 933947 iou-wrk-933941 0
1790393461.023967322 933941 PROBE-server 520
1790393461.023967322 933946 PROBE-server 1
1790393461.023967322 933947 iou-wrk-933941 0
1790393461.229687278 933941 PROBE-server 531
1790393461.229687278 933946 PROBE-server 1
1790393461.229687278 933947 iou-wrk-933941 0
1790393461.435211674 933941 PROBE-server 543
1790393461.435211674 933946 PROBE-server 1
1790393461.435211674 933947 iou-wrk-933941 0
1790393461.640439869 933941 PROBE-server 553
1790393461.640439869 933946 PROBE-server 1
1790393461.640439869 933947 iou-wrk-933941 0
1790393461.846492377 933941 PROBE-server 564
1790393461.846492377 933946 PROBE-server 1
1790393461.846492377 933947 iou-wrk-933941 0
1790393462.052035724 933941 PROBE-server 575
1790393462.052035724 933946 PROBE-server 1
1790393462.052035724 933947 iou-wrk-933941 0
1790393462.257606760 933941 PROBE-server 587
1790393462.257606760 933946 PROBE-server 1
1790393462.257606760 933947 iou-wrk-933941 0
1790393462.463218857 933941 PROBE-server 593
1790393462.463218857 933946 PROBE-server 1
1790393462.463218857 933947 iou-wrk-933941 0
