1790392994.683889425 902624 PROBE-server 0
1790392994.683889425 902629 PROBE-server 0
1790392994.683889425 902630 iou-wrk-902624 0
1790392994.889942477 902624 PROBE-server 11
1790392994.889942477 902629 PROBE-server 11
1790392994.889942477 902630 iou-wrk-902624 0
1790392995.095235657 902624 PROBE-server 24
1790392995.095235657 902629 PROBE-server 23
1790392995.095235657 902630 iou-wrk-902624 0
1790392995.300149256 902624 PROBE-server 36
1790392995.300149256 902629 PROBE-server 34
1790392995.300149256 902630 iou-wrk-902624 0
1790392995.504789154 902624 PROBE-server 48
1790392995.504789154 902629 PROBE-server 47
1790392995.504789154 902630 iou-wrk-902624 0
1790392995.709497842 902624 PROBE-server 61
1790392995.709497842 902629 PROBE-server 58
1790392995.709497842 902630 iou-wrk-902624 0
1790392995.914114261 902624 PROBE-server 73
1790392995.914114261 902629 PROBE-server 69
1790392995.914114261 902630 iou-wrk-902624 0
1790392996.118941900 902624 PROBE-server 85
1790392996.118941900 902629 PROBE-server 81
1790392996.118941900 902630 iou-wrk-902624 0
1790392996.323635009 902624 PROBE-server 96
1790392996.323635009 902629 PROBE-server 92
1790392996.323635009 902630 iou-wrk-902624 0
1790392996.528552049 902624 PROBE-server 109
1790392996.528552049 902629 PROBE-server 103
1790392996.528552049 902630 iou-wrk-902624 0
1790392996.733474229 902624 PROBE-server 122
1790392996.733474229 902629 PROBE-server 116
1790392996.733474229 902630 iou-wrk-902624 0
1790392996.938146098 902624 PROBE-server 134
1790392996.938146098 902629 PROBE-server 127
1790392996.938146098 902630 iou-wrk-902624 0
1790392997.142983558 902624 PROBE-server 146
1790392997.142983558 902629 PROBE-server 139
1790392997.142983558 902630 iou-wrk-902624 0
1790392997.347258287 902624 PROBE-server 157
1790392997.347258287 902629 PROBE-server 151
1790392997.347258287 902630 iou-wrk-902624 0
1790392997.551948667 902624 PROBE-server 170
1790392997.551948667 902629 PROBE-server 162
1790392997.551948667 902630 iou-wrk-902624 0
1790392997.756470317 902624 PROBE-server 182
1790392997.756470317 902629 PROBE-server 173
1790392997.756470317 902630 iou-wrk-902624 0
1790392997.960939956 902624 PROBE-server 194
1790392997.960939956 902629 PROBE-server 185
1790392997.960939956 902630 iou-wrk-902624 0
1790392998.165872387 902624 PROBE-server 206
1790392998.165872387 902629 PROBE-server 197
1790392998.165872387 902630 iou-wrk-902624 0
1790392998.370788209 902624 PROBE-server 218
1790392998.370788209 902629 PROBE-server 209
1790392998.370788209 902630 iou-wrk-902624 0
1790392998.575590040 902624 PROBE-server 231
1790392998.575590040 902629 PROBE-server 221
1790392998.575590040 902630 iou-wrk-902624 0
1790392998.780403191 902624 PROBE-server 243
1790392998.780403191 902629 PROBE-server 232
1790392998.780403191 902630 iou-wrk-902624 0
1790392998.985374692 902624 PROBE-server 255
1790392998.985374692 902629 PROBE-server 243
1790392998.985374692 902630 iou-wrk-902624 0
1790392999.189854423 902624 PROBE-server 266
1790392999.189854423 902629 PROBE-server 256
1790392999.189854423 902630 iou-wrk-902624 0
1790392999.394452774 902624 PROBE-server 279
1790392999.394452774 902629 PROBE-server 267
1790392999.394452774 902630 iou-wrk-902624 0
1790392999.599118516 902624 PROBE-server 290
1790392999.599118516 902629 PROBE-server 278
1790392999.599118516 902630 iou-wrk-902624 0
1790392999.803629577 902624 PROBE-server 302
1790392999.803629577 902629 PROBE-server 290
1790392999.803629577 902630 iou-wrk-902624 0
1790393000.008836050 902624 PROBE-server 314
1790393000.008836050 902629 PROBE-server 301
1790393000.008836050 902630 iou-wrk-902624 0
1790393000.213244651 902624 PROBE-server 327
1790393000.213244651 902629 PROBE-server 313
1790393000.213244651 902630 iou-wrk-902624 0
1790393000.417937043 902624 PROBE-server 338
1790393000.417937043 902629 PROBE-server 325
1790393000.417937043 902630 iou-wrk-902624 0
1790393000.622488635 902624 PROBE-server 350
1790393000.622488635 902629 PROBE-server 336
1790393000.622488635 902630 iou-wrk-902624 0
1790393000.827571529 902624 PROBE-server 363
1790393000.827571529 902629 PROBE-server 348
1790393000.827571529 902630 iou-wrk-902624 0
1790393001.032545112 902624 PROBE-server 374
1790393001.032545112 902629 PROBE-server 359
1790393001.032545112 902630 iou-wrk-902624 0
1790393001.237455865 902624 PROBE-server 387
1790393001.237455865 902629 PROBE-server 372
1790393001.237455865 902630 iou-wrk-902624 0
1790393001.442850181 902624 PROBE-server 400
1790393001.442850181 902629 PROBE-server 383
1790393001.442850181 902630 iou-wrk-902624 0
1790393001.647546484 902624 PROBE-server 412
1790393001.647546484 902629 PROBE-server 395
1790393001.647546484 902630 iou-wrk-902624 0
1790393001.852187126 902624 PROBE-server 424
1790393001.852187126 902629 PROBE-server 407
1790393001.852187126 902630 iou-wrk-902624 0
1790393002.057073540 902624 PROBE-server 435
1790393002.057073540 902629 PROBE-server 418
1790393002.057073540 902630 iou-wrk-902624 0
1790393002.261488253 902624 PROBE-server 448
1790393002.261488253 902629 PROBE-server 429
1790393002.261488253 902630 iou-wrk-902624 0
1790393002.466408108 902624 PROBE-server 460
1790393002.466408108 902629 PROBE-server 441
1790393002.466408108 902630 iou-wrk-902624 0
1790393002.671230962 902624 PROBE-server 472
1790393002.671230962 902629 PROBE-server 452
1790393002.671230962 902630 iou-wrk-902624 0
1790393002.876040126 902624 PROBE-server 485
1790393002.876040126 902629 PROBE-server 464
1790393002.876040126 902630 iou-wrk-902624 0
1790393003.081580193 902624 PROBE-server 496
1790393003.081580193 902629 PROBE-server 476
1790393003.081580193 902630 iou-wrk-902624 0
1790393003.286439898 902624 PROBE-server 508
1790393003.286439898 902629 PROBE-server 487
1790393003.286439898 902630 iou-wrk-902624 0
1790393003.492146665 902624 PROBE-server 521
1790393003.492146665 902629 PROBE-server 500
1790393003.492146665 902630 iou-wrk-902624 0
1790393003.697038500 902624 PROBE-server 533
1790393003.697038500 902629 PROBE-server 511
1790393003.697038500 902630 iou-wrk-902624 0
1790393003.901975826 902624 PROBE-server 545
1790393003.901975826 902629 PROBE-server 522
1790393003.901975826 902630 iou-wrk-902624 0
1790393004.106509280 902624 PROBE-server 558
1790393004.106509280 902629 PROBE-server 534
1790393004.106509280 902630 iou-wrk-902624 0
1790393004.311266955 902624 PROBE-server 570
1790393004.311266955 902629 PROBE-server 545
1790393004.311266955 902630 iou-wrk-902624 0
1790393004.516771203 902624 PROBE-server 581
1790393004.516771203 902629 PROBE-server 558
1790393004.516771203 902630 iou-wrk-902624 0
1790393004.721077727 902624 PROBE-server 594
1790393004.721077727 902629 PROBE-server 570
1790393004.721077727 902630 iou-wrk-902624 0
1790393004.925804993 902624 PROBE-server 606
1790393004.925804993 902629 PROBE-server 582
1790393004.925804993 902630 iou-wrk-902624 0
1790393005.130620579 902624 PROBE-server 618
1790393005.130620579 902629 PROBE-server 594
1790393005.130620579 902630 iou-wrk-902624 0
1790393005.335032644 902624 PROBE-server 631
1790393005.335032644 902629 PROBE-server 605
1790393005.335032644 902630 iou-wrk-902624 0
1790393005.540323142 902624 PROBE-server 643
1790393005.540323142 902629 PROBE-server 617
1790393005.540323142 902630 iou-wrk-902624 0
1790393005.745195918 902624 PROBE-server 652
1790393005.745195918 902629 PROBE-server 626
1790393005.745195918 902630 iou-wrk-902624 0
1790393005.951116638 902624 PROBE-server 652
