1790393083.235428020 908856 PROBE-server 0
1790393083.235428020 908861 PROBE-server 0
1790393083.235428020 908862 iou-wrk-908856 0
1790393083.441376404 908856 PROBE-server 11
1790393083.441376404 908861 PROBE-server 10
1790393083.441376404 908862 iou-wrk-908856 0
1790393083.646925968 908856 PROBE-server 23
1790393083.646925968 908861 PROBE-server 22
1790393083.646925968 908862 iou-wrk-908856 0
1790393083.852244680 908856 PROBE-server 34
1790393083.852244680 908861 PROBE-server 33
1790393083.852244680 908862 iou-wrk-908856 0
1790393084.057506972 908856 PROBE-server 45
1790393084.057506972 908861 PROBE-server 43
1790393084.057506972 908862 iou-wrk-908856 0
1790393084.262498154 908856 PROBE-server 57
1790393084.262498154 908861 PROBE-server 54
1790393084.262498154 908862 iou-wrk-908856 0
1790393084.467928738 908856 PROBE-server 68
1790393084.467928738 908861 PROBE-server 66
1790393084.467928738 908862 iou-wrk-908856 0
1790393084.672827159 908856 PROBE-server 80
1790393084.672827159 908861 PROBE-server 77
1790393084.672827159 908862 iou-wrk-908856 0
1790393084.877748261 908856 PROBE-server 92
1790393084.877748261 908861 PROBE-server 88
1790393084.877748261 908862 iou-wrk-908856 0
1790393085.083173875 908856 PROBE-server 103
1790393085.083173875 908861 PROBE-server 100
1790393085.083173875 908862 iou-wrk-908856 0
1790393085.288497049 908856 PROBE-server 115
1790393085.288497049 908861 PROBE-server 111
1790393085.288497049 908862 iou-wrk-908856 0
1790393085.493924543 908856 PROBE-server 127
1790393085.493924543 908861 PROBE-server 121
1790393085.493924543 908862 iou-wrk-908856 0
1790393085.698576774 908856 PROBE-server 139
1790393085.698576774 908861 PROBE-server 132
1790393085.698576774 908862 iou-wrk-908856 0
1790393085.904247879 908856 PROBE-server 150
1790393085.904247879 908861 PROBE-server 144
1790393085.904247879 908862 iou-wrk-908856 0
1790393086.109767234 908856 PROBE-server 162
1790393086.109767234 908861 PROBE-server 156
1790393086.109767234 908862 iou-wrk-908856 0
1790393086.314789717 908856 PROBE-server 174
1790393086.314789717 908861 PROBE-server 167
1790393086.314789717 908862 iou-wrk-908856 0
1790393086.519448859 908856 PROBE-server 185
1790393086.519448859 908861 PROBE-server 178
1790393086.519448859 908862 iou-wrk-908856 0
1790393086.724466023 908856 PROBE-server 197
1790393086.724466023 908861 PROBE-server 189
1790393086.724466023 908862 iou-wrk-908856 0
1790393086.929576376 908856 PROBE-server 209
1790393086.929576376 908861 PROBE-server 200
1790393086.929576376 908862 iou-wrk-908856 0
1790393087.134572090 908856 PROBE-server 221
1790393087.134572090 908861 PROBE-server 212
1790393087.134572090 908862 iou-wrk-908856 0
1790393087.340246786 908856 PROBE-server 232
1790393087.340246786 908861 PROBE-server 223
1790393087.340246786 908862 iou-wrk-908856 0
1790393087.546249563 908856 PROBE-server 244
1790393087.546249563 908861 PROBE-server 234
1790393087.546249563 908862 iou-wrk-908856 0
1790393087.751636889 908856 PROBE-server 256
1790393087.751636889 908861 PROBE-server 245
1790393087.751636889 908862 iou-wrk-908856 0
1790393087.957494065 908856 PROBE-server 268
1790393087.957494065 908861 PROBE-server 256
1790393087.957494065 908862 iou-wrk-908856 0
1790393088.163008832 908856 PROBE-server 279
1790393088.163008832 908861 PROBE-server 268
1790393088.163008832 908862 iou-wrk-908856 0
1790393088.368365497 908856 PROBE-server 291
1790393088.368365497 908861 PROBE-server 279
1790393088.368365497 908862 iou-wrk-908856 0
1790393088.573940034 908856 PROBE-server 303
1790393088.573940034 908861 PROBE-server 290
1790393088.573940034 908862 iou-wrk-908856 0
1790393088.779147479 908856 PROBE-server 314
1790393088.779147479 908861 PROBE-server 301
1790393088.779147479 908862 iou-wrk-908856 0
1790393088.985309287 908856 PROBE-server 326
1790393088.985309287 908861 PROBE-server 312
1790393088.985309287 908862 iou-wrk-908856 0
1790393089.190816984 908856 PROBE-server 338
1790393089.190816984 908861 PROBE-server 323
1790393089.190816984 908862 iou-wrk-908856 0
1790393089.396969463 908856 PROBE-server 350
1790393089.396969463 908861 PROBE-server 335
1790393089.396969463 908862 iou-wrk-908856 0
1790393089.602249819 908856 PROBE-server 361
1790393089.602249819 908861 PROBE-server 346
1790393089.602249819 908862 iou-wrk-908856 0
1790393089.807777387 908856 PROBE-server 373
1790393089.807777387 908861 PROBE-server 358
1790393089.807777387 908862 iou-wrk-908856 0
1790393090.013290543 908856 PROBE-server 385
1790393090.013290543 908861 PROBE-server 369
1790393090.013290543 908862 iou-wrk-908856 0
1790393090.218809231 908856 PROBE-server 397
1790393090.218809231 908861 PROBE-server 379
1790393090.218809231 908862 iou-wrk-908856 0
1790393090.424296318 908856 PROBE-server 409
1790393090.424296318 908861 PROBE-server 391
1790393090.424296318 908862 iou-wrk-908856 0
1790393090.630018727 908856 PROBE-server 420
1790393090.630018727 908861 PROBE-server 402
1790393090.630018727 908862 iou-wrk-908856 0
1790393090.835566654 908856 PROBE-server 432
1790393090.835566654 908861 PROBE-server 413
1790393090.835566654 908862 iou-wrk-908856 0
1790393091.040977432 908856 PROBE-server 443
1790393091.040977432 908861 PROBE-server 425
1790393091.040977432 908862 iou-wrk-908856 0
1790393091.246086558 908856 PROBE-server 455
1790393091.246086558 908861 PROBE-server 436
1790393091.246086558 908862 iou-wrk-908856 0
1790393091.451671297 908856 PROBE-server 467
1790393091.451671297 908861 PROBE-server 447
1790393091.451671297 908862 iou-wrk-908856 0
1790393091.657910028 908856 PROBE-server 479
1790393091.657910028 908861 PROBE-server 459
1790393091.657910028 908862 iou-wrk-908856 0
1790393091.863005144 908856 PROBE-server 490
1790393091.863005144 908861 PROBE-server 470
1790393091.863005144 908862 iou-wrk-908856 0
1790393092.068490313 908856 PROBE-server 502
1790393092.068490313 908861 PROBE-server 482
1790393092.068490313 908862 iou-wrk-908856 0
1790393092.274105482 908856 PROBE-server 514
1790393092.274105482 908861 PROBE-server 492
1790393092.274105482 908862 iou-wrk-908856 0
1790393092.479254910 908856 PROBE-server 525
1790393092.479254910 908861 PROBE-server 504
1790393092.479254910 908862 iou-wrk-908856 0
1790393092.684288877 908856 PROBE-server 537
1790393092.684288877 908861 PROBE-server 516
1790393092.684288877 908862 iou-wrk-908856 0
1790393092.890225497 908856 PROBE-server 549
1790393092.890225497 908861 PROBE-server 527
1790393092.890225497 908862 iou-wrk-908856 0
1790393093.096330598 908856 PROBE-server 561
1790393093.096330598 908861 PROBE-server 538
1790393093.096330598 908862 iou-wrk-908856 0
1790393093.301947458 908856 PROBE-server 572
1790393093.301947458 908861 PROBE-server 549
1790393093.301947458 908862 iou-wrk-908856 0
1790393093.507138246 908856 PROBE-server 584
1790393093.507138246 908861 PROBE-server 560
1790393093.507138246 908862 iou-wrk-908856 0
1790393093.712103954 908856 PROBE-server 596
1790393093.712103954 908861 PROBE-server 571
1790393093.712103954 908862 iou-wrk-908856 0
1790393093.918362446 908856 PROBE-server 608
1790393093.918362446 908861 PROBE-server 583
1790393093.918362446 908862 iou-wrk-908856 0
1790393094.124179147 908856 PROBE-server 620
1790393094.124179147 908861 PROBE-server 594
1790393094.124179147 908862 iou-wrk-908856 0
1790393094.330043348 908856 PROBE-server 626
1790393094.330043348 908861 PROBE-server 601
1790393094.330043348 908862 iou-wrk-908856 0
