1790392955.301527040 899262 PROBE-server 0
1790392955.301527040 899267 PROBE-server 0
1790392955.301527040 899268 iou-wrk-899262 0
1790392955.507953662 899262 PROBE-server 19
1790392955.507953662 899267 PROBE-server 0
1790392955.507953662 899268 iou-wrk-899262 0
1790392955.507953662 899320 iou-wrk-899267 0
1790392955.715179956 899262 PROBE-server 40
1790392955.715179956 899267 PROBE-server 0
1790392955.715179956 899268 iou-wrk-899262 0
1790392955.715179956 899320 iou-wrk-899267 0
1790392955.922097409 899262 PROBE-server 60
1790392955.922097409 899267 PROBE-server 0
1790392955.922097409 899268 iou-wrk-899262 0
1790392955.922097409 899320 iou-wrk-899267 0
1790392956.129063032 899262 PROBE-server 80
1790392956.129063032 899267 PROBE-server 0
1790392956.129063032 899268 iou-wrk-899262 0
1790392956.129063032 899320 iou-wrk-899267 0
1790392956.335783116 899262 PROBE-server 101
1790392956.335783116 899267 PROBE-server 0
1790392956.335783116 899268 iou-wrk-899262 0
1790392956.335783116 899320 iou-wrk-899267 0
1790392956.542618699 899262 PROBE-server 120
1790392956.542618699 899267 PROBE-server 0
1790392956.542618699 899268 iou-wrk-899262 0
1790392956.542618699 899320 iou-wrk-899267 0
1790392956.749445273 899262 PROBE-server 141
1790392956.749445273 899267 PROBE-server 0
1790392956.749445273 899268 iou-wrk-899262 0
1790392956.749445273 899320 iou-wrk-899267 0
1790392956.956506777 899262 PROBE-server 161
1790392956.956506777 899267 PROBE-server 0
1790392956.956506777 899268 iou-wrk-899262 0
1790392956.956506777 899320 iou-wrk-899267 0
1790392957.163603122 899262 PROBE-server 181
1790392957.163603122 899267 PROBE-server 0
1790392957.163603122 899268 iou-wrk-899262 0
1790392957.163603122 899320 iou-wrk-899267 0
1790392957.370360896 899262 PROBE-server 202
1790392957.370360896 899267 PROBE-server 0
1790392957.370360896 899268 iou-wrk-899262 0
1790392957.370360896 899320 iou-wrk-899267 0
1790392957.577148240 899262 PROBE-server 222
1790392957.577148240 899267 PROBE-server 0
1790392957.577148240 899268 iou-wrk-899262 0
1790392957.577148240 899320 iou-wrk-899267 0
1790392957.784013095 899262 PROBE-server 242
1790392957.784013095 899267 PROBE-server 0
1790392957.784013095 899268 iou-wrk-899262 0
1790392957.784013095 899320 iou-wrk-899267 0
1790392957.991005010 899262 PROBE-server 262
1790392957.991005010 899267 PROBE-server 0
1790392957.991005010 899268 iou-wrk-899262 0
1790392957.991005010 899320 iou-wrk-899267 0
1790392958.197411894 899262 PROBE-server 283
1790392958.197411894 899267 PROBE-server 0
1790392958.197411894 899268 iou-wrk-899262 0
1790392958.197411894 899320 iou-wrk-899267 0
1790392958.404440659 899262 PROBE-server 304
1790392958.404440659 899267 PROBE-server 0
1790392958.404440659 899268 iou-wrk-899262 0
1790392958.404440659 899320 iou-wrk-899267 0
1790392958.611177874 899262 PROBE-server 324
1790392958.611177874 899267 PROBE-server 0
1790392958.611177874 899268 iou-wrk-899262 0
1790392958.611177874 899320 iou-wrk-899267 0
1790392958.817183367 899262 PROBE-server 343
1790392958.817183367 899267 PROBE-server 0
1790392958.817183367 899268 iou-wrk-899262 0
1790392958.817183367 899320 iou-wrk-899267 0
1790392959.024092133 899262 PROBE-server 364
1790392959.024092133 899267 PROBE-server 0
1790392959.024092133 899268 iou-wrk-899262 0
1790392959.024092133 899320 iou-wrk-899267 0
1790392959.231177969 899262 PROBE-server 384
1790392959.231177969 899267 PROBE-server 0
1790392959.231177969 899268 iou-wrk-899262 0
1790392959.231177969 899320 iou-wrk-899267 0
1790392959.437286823 899262 PROBE-server 404
1790392959.437286823 899267 PROBE-server 0
1790392959.437286823 899268 iou-wrk-899262 0
1790392959.437286823 899320 iou-wrk-899267 0
1790392959.643908419 899262 PROBE-server 425
1790392959.643908419 899267 PROBE-server 0
1790392959.643908419 899268 iou-wrk-899262 0
1790392959.643908419 899320 iou-wrk-899267 0
1790392959.850853795 899262 PROBE-server 445
1790392959.850853795 899267 PROBE-server 0
1790392959.850853795 899268 iou-wrk-899262 0
1790392959.850853795 899320 iou-wrk-899267 0
1790392960.058113653 899262 PROBE-server 466
1790392960.058113653 899267 PROBE-server 0
1790392960.058113653 899268 iou-wrk-899262 0
1790392960.058113653 899320 iou-wrk-899267 0
1790392960.264673619 899262 PROBE-server 485
1790392960.264673619 899267 PROBE-server 0
1790392960.264673619 899268 iou-wrk-899262 0
1790392960.264673619 899320 iou-wrk-899267 0
1790392960.471568546 899262 PROBE-server 507
1790392960.471568546 899267 PROBE-server 0
1790392960.471568546 899268 iou-wrk-899262 0
1790392960.471568546 899320 iou-wrk-899267 0
1790392960.678046872 899262 PROBE-server 527
1790392960.678046872 899267 PROBE-server 0
1790392960.678046872 899268 iou-wrk-899262 0
1790392960.678046872 899320 iou-wrk-899267 0
1790392960.884271867 899262 PROBE-server 546
1790392960.884271867 899267 PROBE-server 0
1790392960.884271867 899268 iou-wrk-899262 0
1790392960.884271867 899320 iou-wrk-899267 0
1790392961.090672223 899262 PROBE-server 567
1790392961.090672223 899267 PROBE-server 0
1790392961.090672223 899268 iou-wrk-899262 0
1790392961.090672223 899320 iou-wrk-899267 0
1790392961.297499741 899262 PROBE-server 587
1790392961.297499741 899267 PROBE-server 0
1790392961.297499741 899268 iou-wrk-899262 0
1790392961.297499741 899320 iou-wrk-899267 0
1790392961.504247508 899262 PROBE-server 607
1790392961.504247508 899267 PROBE-server 1
1790392961.504247508 899268 iou-wrk-899262 0
1790392961.504247508 899320 iou-wrk-899267 0
1790392961.711641597 899262 PROBE-server 628
1790392961.711641597 899267 PROBE-server 1
1790392961.711641597 899268 iou-wrk-899262 0
1790392961.711641597 899320 iou-wrk-899267 0
1790392961.918457825 899262 PROBE-server 648
1790392961.918457825 899267 PROBE-server 1
1790392961.918457825 899268 iou-wrk-899262 0
1790392961.918457825 899320 iou-wrk-899267 0
1790392962.125029942 899262 PROBE-server 668
1790392962.125029942 899267 PROBE-server 1
1790392962.125029942 899268 iou-wrk-899262 0
1790392962.125029942 899320 iou-wrk-899267 0
1790392962.331246629 899262 PROBE-server 689
1790392962.331246629 899267 PROBE-server 1
1790392962.331246629 899268 iou-wrk-899262 0
1790392962.331246629 899320 iou-wrk-899267 0
1790392962.537827607 899262 PROBE-server 709
1790392962.537827607 899267 PROBE-server 1
1790392962.537827607 899268 iou-wrk-899262 0
1790392962.537827607 899320 iou-wrk-899267 0
1790392962.744529605 899262 PROBE-server 729
1790392962.744529605 899267 PROBE-server 1
1790392962.744529605 899268 iou-wrk-899262 0
1790392962.744529605 899320 iou-wrk-899267 0
1790392962.951333334 899262 PROBE-server 750
1790392962.951333334 899267 PROBE-server 1
1790392962.951333334 899268 iou-wrk-899262 0
1790392962.951333334 899320 iou-wrk-899267 0
1790392963.157764902 899262 PROBE-server 770
1790392963.157764902 899267 PROBE-server 1
1790392963.157764902 899268 iou-wrk-899262 0
1790392963.157764902 899320 iou-wrk-899267 0
1790392963.364515021 899262 PROBE-server 790
1790392963.364515021 899267 PROBE-server 1
1790392963.364515021 899268 iou-wrk-899262 0
1790392963.364515021 899320 iou-wrk-899267 0
1790392963.571323940 899262 PROBE-server 810
1790392963.571323940 899267 PROBE-server 1
1790392963.571323940 899268 iou-wrk-899262 0
1790392963.571323940 899320 iou-wrk-899267 0
1790392963.779112292 899262 PROBE-server 830
1790392963.779112292 899267 PROBE-server 1
1790392963.779112292 899268 iou-wrk-899262 0
1790392963.779112292 899320 iou-wrk-899267 0
1790392963.985392470 899262 PROBE-server 851
1790392963.985392470 899267 PROBE-server 1
1790392963.985392470 899268 iou-wrk-899262 0
1790392963.985392470 899320 iou-wrk-899267 0
1790392964.192575471 899262 PROBE-server 871
1790392964.192575471 899267 PROBE-server 1
1790392964.192575471 899268 iou-wrk-899262 0
1790392964.192575471 899320 iou-wrk-899267 0
1790392964.399376861 899262 PROBE-server 892
1790392964.399376861 899267 PROBE-server 1
1790392964.399376861 899268 iou-wrk-899262 0
1790392964.399376861 899320 iou-wrk-899267 0
1790392964.606567972 899262 PROBE-server 912
1790392964.606567972 899267 PROBE-server 1
1790392964.606567972 899268 iou-wrk-899262 0
1790392964.606567972 899320 iou-wrk-899267 0
1790392964.813507643 899262 PROBE-server 932
1790392964.813507643 899267 PROBE-server 1
1790392964.813507643 899268 iou-wrk-899262 0
1790392964.813507643 899320 iou-wrk-899267 0
1790392965.020111302 899262 PROBE-server 953
1790392965.020111302 899267 PROBE-server 1
1790392965.020111302 899268 iou-wrk-899262 0
1790392965.020111302 899320 iou-wrk-899267 0
1790392965.226876173 899262 PROBE-server 973
1790392965.226876173 899267 PROBE-server 1
1790392965.226876173 899268 iou-wrk-899262 0
1790392965.226876173 899320 iou-wrk-899267 0
1790392965.433809134 899262 PROBE-server 993
1790392965.433809134 899267 PROBE-server 1
1790392965.433809134 899268 iou-wrk-899262 0
1790392965.433809134 899320 iou-wrk-899267 0
1790392965.640781016 899262 PROBE-server 1014
1790392965.640781016 899267 PROBE-server 1
1790392965.640781016 899268 iou-wrk-899262 0
1790392965.640781016 899320 iou-wrk-899267 0
1790392965.848387149 899262 PROBE-server 1034
1790392965.848387149 899267 PROBE-server 1
1790392965.848387149 899268 iou-wrk-899262 0
1790392965.848387149 899320 iou-wrk-899267 0
1790392966.055537611 899262 PROBE-server 1054
1790392966.055537611 899267 PROBE-server 1
1790392966.055537611 899268 iou-wrk-899262 0
1790392966.055537611 899320 iou-wrk-899267 0
1790392966.262394783 899262 PROBE-server 1074
1790392966.262394783 899267 PROBE-server 1
1790392966.262394783 899268 iou-wrk-899262 0
1790392966.262394783 899320 iou-wrk-899267 0
1790392966.468761944 899262 PROBE-server 1079
1790392966.468761944 899267 PROBE-server 1
1790392966.468761944 899268 iou-wrk-899262 0
1790392966.468761944 899320 iou-wrk-899267 0
1790392966.675721086 899262 PROBE-server 1079
1790392966.675721086 899267 PROBE-server 1
1790392966.675721086 899268 iou-wrk-899262 0
1790392966.675721086 899320 iou-wrk-899267 0
