1790392983.320519171 901593 PROBE-server 0
1790392983.320519171 901598 PROBE-server 0
1790392983.320519171 901599 iou-wrk-901593 0
1790392983.526939045 901593 PROBE-server 10
1790392983.526939045 901598 PROBE-server 0
1790392983.526939045 901599 iou-wrk-901593 0
1790392983.732825888 901593 PROBE-server 22
1790392983.732825888 901598 PROBE-server 0
1790392983.732825888 901599 iou-wrk-901593 0
1790392983.938238459 901593 PROBE-server 33
1790392983.938238459 901598 PROBE-server 0
1790392983.938238459 901599 iou-wrk-901593 0
1790392984.143956042 901593 PROBE-server 44
1790392984.143956042 901598 PROBE-server 0
1790392984.143956042 901599 iou-wrk-901593 0
1790392984.349571045 901593 PROBE-server 56
1790392984.349571045 901598 PROBE-server 0
1790392984.349571045 901599 iou-wrk-901593 0
1790392984.555023507 901593 PROBE-server 67
1790392984.555023507 901598 PROBE-server 0
1790392984.555023507 901599 iou-wrk-901593 0
1790392984.759890497 901593 PROBE-server 79
1790392984.759890497 901598 PROBE-server 0
1790392984.759890497 901599 iou-wrk-901593 0
1790392984.965225349 901593 PROBE-server 89
1790392984.965225349 901598 PROBE-server 0
1790392984.965225349 901599 iou-wrk-901593 0
1790392985.170216961 901593 PROBE-server 101
1790392985.170216961 901598 PROBE-server 0
1790392985.170216961 901599 iou-wrk-901593 0
1790392985.375824734 901593 PROBE-server 113
1790392985.375824734 901598 PROBE-server 0
1790392985.375824734 901599 iou-wrk-901593 0
1790392985.581163027 901593 PROBE-server 124
1790392985.581163027 901598 PROBE-server 0
1790392985.581163027 901599 iou-wrk-901593 0
1790392985.786381259 901593 PROBE-server 135
1790392985.786381259 901598 PROBE-server 0
1790392985.786381259 901599 iou-wrk-901593 0
1790392985.991685572 901593 PROBE-server 146
1790392985.991685572 901598 PROBE-server 0
1790392985.991685572 901599 iou-wrk-901593 0
1790392986.197514987 901593 PROBE-server 157
1790392986.197514987 901598 PROBE-server 0
1790392986.197514987 901599 iou-wrk-901593 0
1790392986.402728790 901593 PROBE-server 168
1790392986.402728790 901598 PROBE-server 0
1790392986.402728790 901599 iou-wrk-901593 0
1790392986.607973953 901593 PROBE-server 180
1790392986.607973953 901598 PROBE-server 0
1790392986.607973953 901599 iou-wrk-901593 0
1790392986.813585777 901593 PROBE-server 192
1790392986.813585777 901598 PROBE-server 0
1790392986.813585777 901599 iou-wrk-901593 0
1790392987.019263441 901593 PROBE-server 203
1790392987.019263441 901598 PROBE-server 0
1790392987.019263441 901599 iou-wrk-901593 0
1790392987.225014817 901593 PROBE-server 214
1790392987.225014817 901598 PROBE-server 0
1790392987.225014817 901599 iou-wrk-901593 0
1790392987.430227491 901593 PROBE-server 226
1790392987.430227491 901598 PROBE-server 0
1790392987.430227491 901599 iou-wrk-901593 0
1790392987.635660785 901593 PROBE-server 236
1790392987.635660785 901598 PROBE-server 0
1790392987.635660785 901599 iou-wrk-901593 0
1790392987.841478841 901593 PROBE-server 248
1790392987.841478841 901598 PROBE-server 0
1790392987.841478841 901599 iou-wrk-901593 0
1790392988.046906866 901593 PROBE-server 259
1790392988.046906866 901598 PROBE-server 0
1790392988.046906866 901599 iou-wrk-901593 0
1790392988.252241870 901593 PROBE-server 270
1790392988.252241870 901598 PROBE-server 0
1790392988.252241870 901599 iou-wrk-901593 0
1790392988.458033617 901593 PROBE-server 282
1790392988.458033617 901598 PROBE-server 0
1790392988.458033617 901599 iou-wrk-901593 0
1790392988.663663513 901593 PROBE-server 293
1790392988.663663513 901598 PROBE-server 0
1790392988.663663513 901599 iou-wrk-901593 0
1790392988.869245428 901593 PROBE-server 304
1790392988.869245428 901598 PROBE-server 0
1790392988.869245428 901599 iou-wrk-901593 0
1790392989.074660814 901593 PROBE-server 315
1790392989.074660814 901598 PROBE-server 0
1790392989.074660814 901599 iou-wrk-901593 0
1790392989.280601421 901593 PROBE-server 327
1790392989.280601421 901598 PROBE-server 0
1790392989.280601421 901599 iou-wrk-901593 0
1790392989.485968797 901593 PROBE-server 338
1790392989.485968797 901598 PROBE-server 0
1790392989.485968797 901599 iou-wrk-901593 0
1790392989.691384343 901593 PROBE-server 349
1790392989.691384343 901598 PROBE-server 0
1790392989.691384343 901599 iou-wrk-901593 0
1790392989.897486541 901593 PROBE-server 361
1790392989.897486541 901598 PROBE-server 0
1790392989.897486541 901599 iou-wrk-901593 0
1790392990.103082608 901593 PROBE-server 372
1790392990.103082608 901598 PROBE-server 0
1790392990.103082608 901599 iou-wrk-901593 0
1790392990.308429535 901593 PROBE-server 384
1790392990.308429535 901598 PROBE-server 0
1790392990.308429535 901599 iou-wrk-901593 0
1790392990.514104232 901593 PROBE-server 394
1790392990.514104232 901598 PROBE-server 0
1790392990.514104232 901599 iou-wrk-901593 0
1790392990.719679320 901593 PROBE-server 405
1790392990.719679320 901598 PROBE-server 0
1790392990.719679320 901599 iou-wrk-901593 0
1790392990.925293967 901593 PROBE-server 417
1790392990.925293967 901598 PROBE-server 0
1790392990.925293967 901599 iou-wrk-901593 0
1790392991.130808065 901593 PROBE-server 429
1790392991.130808065 901598 PROBE-server 1
1790392991.130808065 901599 iou-wrk-901593 0
1790392991.336227542 901593 PROBE-server 439
1790392991.336227542 901598 PROBE-server 1
1790392991.336227542 901599 iou-wrk-901593 0
1790392991.541849010 901593 PROBE-server 451
1790392991.541849010 901598 PROBE-server 1
1790392991.541849010 901599 iou-wrk-901593 0
1790392991.747934740 901593 PROBE-server 462
1790392991.747934740 901598 PROBE-server 1
1790392991.747934740 901599 iou-wrk-901593 0
1790392991.953657548 901593 PROBE-server 473
1790392991.953657548 901598 PROBE-server 1
1790392991.953657548 901599 iou-wrk-901593 0
1790392992.158837076 901593 PROBE-server 485
1790392992.158837076 901598 PROBE-server 1
1790392992.158837076 901599 iou-wrk-901593 0
1790392992.364553325 901593 PROBE-server 496
1790392992.364553325 901598 PROBE-server 1
1790392992.364553325 901599 iou-wrk-901593 0
1790392992.570188504 901593 PROBE-server 507
1790392992.570188504 901598 PROBE-server 1
1790392992.570188504 901599 iou-wrk-901593 0
1790392992.775218991 901593 PROBE-server 518
1790392992.775218991 901598 PROBE-server 1
1790392992.775218991 901599 iou-wrk-901593 0
1790392992.980230038 901593 PROBE-server 530
1790392992.980230038 901598 PROBE-server 1
1790392992.980230038 901599 iou-wrk-901593 0
1790392993.185518397 901593 PROBE-server 541
1790392993.185518397 901598 PROBE-server 1
1790392993.185518397 901599 iou-wrk-901593 0
1790392993.391484817 901593 PROBE-server 553
1790392993.391484817 901598 PROBE-server 1
1790392993.391484817 901599 iou-wrk-901593 0
1790392993.597142357 901593 PROBE-server 564
1790392993.597142357 901598 PROBE-server 1
1790392993.597142357 901599 iou-wrk-901593 0
1790392993.803040168 901593 PROBE-server 575
1790392993.803040168 901598 PROBE-server 1
1790392993.803040168 901599 iou-wrk-901593 0
1790392994.008425717 901593 PROBE-server 586
1790392994.008425717 901598 PROBE-server 1
1790392994.008425717 901599 iou-wrk-901593 0
1790392994.214237078 901593 PROBE-server 597
1790392994.214237078 901598 PROBE-server 1
1790392994.214237078 901599 iou-wrk-901593 0
1790392994.420064559 901593 PROBE-server 604
1790392994.420064559 901598 PROBE-server 1
1790392994.420064559 901599 iou-wrk-901593 0
