1790393367.573208654 927417 PROBE-server 0
1790393367.573208654 927422 PROBE-server 0
1790393367.573208654 927423 iou-wrk-927417 0
1790393367.778630557 927417 PROBE-server 18
1790393367.778630557 927422 PROBE-server 0
1790393367.778630557 927423 iou-wrk-927417 0
1790393367.984485713 927417 PROBE-server 39
1790393367.984485713 927422 PROBE-server 0
1790393367.984485713 927423 iou-wrk-927417 0
1790393368.190143108 927417 PROBE-server 59
1790393368.190143108 927422 PROBE-server 0
1790393368.190143108 927423 iou-wrk-927417 0
1790393368.395739553 927417 PROBE-server 80
1790393368.395739553 927422 PROBE-server 0
1790393368.395739553 927423 iou-wrk-927417 0
1790393368.601206687 927417 PROBE-server 99
1790393368.601206687 927422 PROBE-server 0
1790393368.601206687 927423 iou-wrk-927417 0
1790393368.806130469 927417 PROBE-server 119
1790393368.806130469 927422 PROBE-server 0
1790393368.806130469 927423 iou-wrk-927417 0
1790393369.011451032 927417 PROBE-server 140
1790393369.011451032 927422 PROBE-server 0
1790393369.011451032 927423 iou-wrk-927417 0
1790393369.216885647 927417 PROBE-server 160
1790393369.216885647 927422 PROBE-server 0
1790393369.216885647 927423 iou-wrk-927417 0
1790393369.422507502 927417 PROBE-server 180
1790393369.422507502 927422 PROBE-server 0
1790393369.422507502 927423 iou-wrk-927417 0
1790393369.627899827 927417 PROBE-server 200
1790393369.627899827 927422 PROBE-server 0
1790393369.627899827 927423 iou-wrk-927417 0
1790393369.833162450 927417 PROBE-server 220
1790393369.833162450 927422 PROBE-server 0
1790393369.833162450 927423 iou-wrk-927417 0
1790393370.038163043 927417 PROBE-server 241
1790393370.038163043 927422 PROBE-server 0
1790393370.038163043 927423 iou-wrk-927417 0
1790393370.243771029 927417 PROBE-server 261
1790393370.243771029 927422 PROBE-server 0
1790393370.243771029 927423 iou-wrk-927417 0
1790393370.449234374 927417 PROBE-server 281
1790393370.449234374 927422 PROBE-server 0
1790393370.449234374 927423 iou-wrk-927417 0
1790393370.654782109 927417 PROBE-server 301
1790393370.654782109 927422 PROBE-server 0
1790393370.654782109 927423 iou-wrk-927417 0
1790393370.860663236 927417 PROBE-server 322
1790393370.860663236 927422 PROBE-server 0
1790393370.860663236 927423 iou-wrk-927417 0
1790393371.066181711 927417 PROBE-server 341
1790393371.066181711 927422 PROBE-server 0
1790393371.066181711 927423 iou-wrk-927417 0
1790393371.271857177 927417 PROBE-server 361
1790393371.271857177 927422 PROBE-server 0
1790393371.271857177 927423 iou-wrk-927417 0
1790393371.477651204 927417 PROBE-server 382
1790393371.477651204 927422 PROBE-server 0
1790393371.477651204 927423 iou-wrk-927417 0
1790393371.683172370 927417 PROBE-server 402
1790393371.683172370 927422 PROBE-server 0
1790393371.683172370 927423 iou-wrk-927417 0
1790393371.888512664 927417 PROBE-server 423
1790393371.888512664 927422 PROBE-server 0
1790393371.888512664 927423 iou-wrk-927417 0
1790393372.094220801 927417 PROBE-server 442
1790393372.094220801 927422 PROBE-server 0
1790393372.094220801 927423 iou-wrk-927417 0
1790393372.299878907 927417 PROBE-server 462
1790393372.299878907 927422 PROBE-server 0
1790393372.299878907 927423 iou-wrk-927417 0
1790393372.505275193 927417 PROBE-server 483
1790393372.505275193 927422 PROBE-server 0
1790393372.505275193 927423 iou-wrk-927417 0
1790393372.710727399 927417 PROBE-server 503
1790393372.710727399 927422 PROBE-server 0
1790393372.710727399 927423 iou-wrk-927417 0
1790393372.915971334 927417 PROBE-server 523
1790393372.915971334 927422 PROBE-server 0
1790393372.915971334 927423 iou-wrk-927417 0
1790393373.121330289 927417 PROBE-server 544
1790393373.121330289 927422 PROBE-server 0
1790393373.121330289 927423 iou-wrk-927417 0
1790393373.326774905 927417 PROBE-server 563
1790393373.326774905 927422 PROBE-server 0
1790393373.326774905 927423 iou-wrk-927417 0
1790393373.532405832 927417 PROBE-server 584
1790393373.532405832 927422 PROBE-server 0
1790393373.532405832 927423 iou-wrk-927417 0
1790393373.737774777 927417 PROBE-server 603
1790393373.737774777 927422 PROBE-server 0
1790393373.737774777 927423 iou-wrk-927417 0
1790393373.943599255 927417 PROBE-server 624
1790393373.943599255 927422 PROBE-server 0
1790393373.943599255 927423 iou-wrk-927417 0
1790393374.148892431 927417 PROBE-server 644
1790393374.148892431 927422 PROBE-server 0
1790393374.148892431 927423 iou-wrk-927417 0
1790393374.353807585 927417 PROBE-server 664
1790393374.353807585 927422 PROBE-server 0
1790393374.353807585 927423 iou-wrk-927417 0
1790393374.558609619 927417 PROBE-server 684
1790393374.558609619 927422 PROBE-server 0
1790393374.558609619 927423 iou-wrk-927417 0
1790393374.764233716 927417 PROBE-server 705
1790393374.764233716 927422 PROBE-server 0
1790393374.764233716 927423 iou-wrk-927417 0
1790393374.969790623 927417 PROBE-server 724
1790393374.969790623 927422 PROBE-server 0
1790393374.969790623 927423 iou-wrk-927417 0
1790393375.174336536 927417 PROBE-server 745
1790393375.174336536 927422 PROBE-server 0
1790393375.174336536 927423 iou-wrk-927417 0
1790393375.380146434 927417 PROBE-server 765
1790393375.380146434 927422 PROBE-server 1
1790393375.380146434 927423 iou-wrk-927417 0
1790393375.585720461 927417 PROBE-server 785
1790393375.585720461 927422 PROBE-server 1
1790393375.585720461 927423 iou-wrk-927417 0
1790393375.791504059 927417 PROBE-server 805
1790393375.791504059 927422 PROBE-server 1
1790393375.791504059 927423 iou-wrk-927417 0
1790393375.997811470 927417 PROBE-server 826
1790393375.997811470 927422 PROBE-server 1
1790393375.997811470 927423 iou-wrk-927417 0
1790393376.203014316 927417 PROBE-server 846
1790393376.203014316 927422 PROBE-server 1
1790393376.203014316 927423 iou-wrk-927417 0
1790393376.408399183 927417 PROBE-server 866
1790393376.408399183 927422 PROBE-server 1
1790393376.408399183 927423 iou-wrk-927417 0
1790393376.613956170 927417 PROBE-server 886
1790393376.613956170 927422 PROBE-server 1
1790393376.613956170 927423 iou-wrk-927417 0
1790393376.819145806 927417 PROBE-server 906
1790393376.819145806 927422 PROBE-server 1
1790393376.819145806 927423 iou-wrk-927417 0
1790393377.024725404 927417 PROBE-server 926
1790393377.024725404 927422 PROBE-server 1
1790393377.024725404 927423 iou-wrk-927417 0
1790393377.229959271 927417 PROBE-server 946
1790393377.229959271 927422 PROBE-server 1
1790393377.229959271 927423 iou-wrk-927417 0
1790393377.435732820 927417 PROBE-server 967
1790393377.435732820 927422 PROBE-server 1
1790393377.435732820 927423 iou-wrk-927417 0
1790393377.641165687 927417 PROBE-server 987
1790393377.641165687 927422 PROBE-server 1
1790393377.641165687 927423 iou-wrk-927417 0
1790393377.846507054 927417 PROBE-server 1007
1790393377.846507054 927422 PROBE-server 1
1790393377.846507054 927423 iou-wrk-927417 0
1790393378.052597694 927417 PROBE-server 1027
1790393378.052597694 927422 PROBE-server 1
1790393378.052597694 927423 iou-wrk-927417 0
1790393378.258208483 927417 PROBE-server 1047
1790393378.258208483 927422 PROBE-server 1
1790393378.258208483 927423 iou-wrk-927417 0
1790393378.463444400 927417 PROBE-server 1068
1790393378.463444400 927422 PROBE-server 1
1790393378.463444400 927423 iou-wrk-927417 0
1790393378.668647497 927417 PROBE-server 1080
1790393378.668647497 927422 PROBE-server 1
1790393378.668647497 927423 iou-wrk-927417 0
1790393378.874425946 927417 PROBE-server 1080
1790393378.874425946 927422 PROBE-server 1
1790393378.874425946 927423 iou-wrk-927417 0
