1790393462.726923276 934947 PROBE-server 0
1790393462.726923276 934952 PROBE-server 0
1790393462.726923276 934953 iou-wrk-934947 0
1790393462.932749883 934947 PROBE-server 11
1790393462.932749883 934952 PROBE-server 12
1790393462.932749883 934953 iou-wrk-934947 0
1790393463.138698741 934947 PROBE-server 23
1790393463.138698741 934952 PROBE-server 23
1790393463.138698741 934953 iou-wrk-934947 0
1790393463.343920747 934947 PROBE-server 36
1790393463.343920747 934952 PROBE-server 36
1790393463.343920747 934953 iou-wrk-934947 0
1790393463.549059132 934947 PROBE-server 47
1790393463.549059132 934952 PROBE-server 48
1790393463.549059132 934953 iou-wrk-934947 0
1790393463.754052856 934947 PROBE-server 58
1790393463.754052856 934952 PROBE-server 60
1790393463.754052856 934953 iou-wrk-934947 0
1790393463.959917834 934947 PROBE-server 71
1790393463.959917834 934952 PROBE-server 71
1790393463.959917834 934953 iou-wrk-934947 0
1790393464.165602842 934947 PROBE-server 82
1790393464.165602842 934952 PROBE-server 84
1790393464.165602842 934953 iou-wrk-934947 0
1790393464.370600357 934947 PROBE-server 94
1790393464.370600357 934952 PROBE-server 96
1790393464.370600357 934953 iou-wrk-934947 0
1790393464.575822942 934947 PROBE-server 105
1790393464.575822942 934952 PROBE-server 107
1790393464.575822942 934953 iou-wrk-934947 0
1790393464.781155619 934947 PROBE-server 117
1790393464.781155619 934952 PROBE-server 119
1790393464.781155619 934953 iou-wrk-934947 0
1790393464.986934577 934947 PROBE-server 129
1790393464.986934577 934952 PROBE-server 130
1790393464.986934577 934953 iou-wrk-934947 0
1790393465.191736891 934947 PROBE-server 140
1790393465.191736891 934952 PROBE-server 143
1790393465.191736891 934953 iou-wrk-934947 0
1790393465.396567865 934947 PROBE-server 153
1790393465.396567865 934952 PROBE-server 155
1790393465.396567865 934953 iou-wrk-934947 0
1790393465.602664775 934947 PROBE-server 164
1790393465.602664775 934952 PROBE-server 167
1790393465.602664775 934953 iou-wrk-934947 0
1790393465.808598954 934947 PROBE-server 177
1790393465.808598954 934952 PROBE-server 179
1790393465.808598954 934953 iou-wrk-934947 0
1790393466.013470648 934947 PROBE-server 188
1790393466.013470648 934952 PROBE-server 191
1790393466.013470648 934953 iou-wrk-934947 0
1790393466.218618734 934947 PROBE-server 200
1790393466.218618734 934952 PROBE-server 202
1790393466.218618734 934953 iou-wrk-934947 0
1790393466.423715530 934947 PROBE-server 212
1790393466.423715530 934952 PROBE-server 214
1790393466.423715530 934953 iou-wrk-934947 0
1790393466.628790146 934947 PROBE-server 223
1790393466.628790146 934952 PROBE-server 226
1790393466.628790146 934953 iou-wrk-934947 0
1790393466.834242803 934947 PROBE-server 235
1790393466.834242803 934952 PROBE-server 238
1790393466.834242803 934953 iou-wrk-934947 0
1790393467.039213878 934947 PROBE-server 247
1790393467.039213878 934952 PROBE-server 250
1790393467.039213878 934953 iou-wrk-934947 0
1790393467.244183494 934947 PROBE-server 259
1790393467.244183494 934952 PROBE-server 262
1790393467.244183494 934953 iou-wrk-934947 0
1790393467.449785402 934947 PROBE-server 270
1790393467.449785402 934952 PROBE-server 274
1790393467.449785402 934953 iou-wrk-934947 0
1790393467.655092359 934947 PROBE-server 283
1790393467.655092359 934952 PROBE-server 287
1790393467.655092359 934953 iou-wrk-934947 0
1790393467.860639777 934947 PROBE-server 295
1790393467.860639777 934952 PROBE-server 298
1790393467.860639777 934953 iou-wrk-934947 0
1790393468.066146545 934947 PROBE-server 307
1790393468.066146545 934952 PROBE-server 310
1790393468.066146545 934953 iou-wrk-934947 0
1790393468.271481322 934947 PROBE-server 318
1790393468.271481322 934952 PROBE-server 322
1790393468.271481322 934953 iou-wrk-934947 0
1790393468.477238491 934947 PROBE-server 331
1790393468.477238491 934952 PROBE-server 335
1790393468.477238491 934953 iou-wrk-934947 0
1790393468.682523328 934947 PROBE-server 342
1790393468.682523328 934952 PROBE-server 346
1790393468.682523328 934953 iou-wrk-934947 0
1790393468.887932926 934947 PROBE-server 355
1790393468.887932926 934952 PROBE-server 358
1790393468.887932926 934953 iou-wrk-934947 0
1790393469.093978407 934947 PROBE-server 367
1790393469.093978407 934952 PROBE-server 371
1790393469.093978407 934953 iou-wrk-934947 0
1790393469.299595445 934947 PROBE-server 378
1790393469.299595445 934952 PROBE-server 382
1790393469.299595445 934953 iou-wrk-934947 0
1790393469.505390365 934947 PROBE-server 389
1790393469.505390365 934952 PROBE-server 394
1790393469.505390365 934953 iou-wrk-934947 0
1790393469.710794743 934947 PROBE-server 401
1790393469.710794743 934952 PROBE-server 406
1790393469.710794743 934953 iou-wrk-934947 0
1790393469.915913210 934947 PROBE-server 414
1790393469.915913210 934952 PROBE-server 418
1790393469.915913210 934953 iou-wrk-934947 0
1790393470.121701920 934947 PROBE-server 425
1790393470.121701920 934952 PROBE-server 430
1790393470.121701920 934953 iou-wrk-934947 0
1790393470.327399979 934947 PROBE-server 438
1790393470.327399979 934952 PROBE-server 443
1790393470.327399979 934953 iou-wrk-934947 0
1790393470.532793137 934947 PROBE-server 450
1790393470.532793137 934952 PROBE-server 455
1790393470.532793137 934953 iou-wrk-934947 0
1790393470.738373436 934947 PROBE-server 462
1790393470.738373436 934952 PROBE-server 466
1790393470.738373436 934953 iou-wrk-934947 0
1790393470.943932705 934947 PROBE-server 473
1790393470.943932705 934952 PROBE-server 479
1790393470.943932705 934953 iou-wrk-934947 0
1790393471.149973366 934947 PROBE-server 485
1790393471.149973366 934952 PROBE-server 490
1790393471.149973366 934953 iou-wrk-934947 0
1790393471.355270915 934947 PROBE-server 497
1790393471.355270915 934952 PROBE-server 502
1790393471.355270915 934953 iou-wrk-934947 0
1790393471.561320666 934947 PROBE-server 508
1790393471.561320666 934952 PROBE-server 515
1790393471.561320666 934953 iou-wrk-934947 0
1790393471.766472253 934947 PROBE-server 520
1790393471.766472253 934952 PROBE-server 526
1790393471.766472253 934953 iou-wrk-934947 0
1790393471.972502305 934947 PROBE-server 532
1790393471.972502305 934952 PROBE-server 538
1790393471.972502305 934953 iou-wrk-934947 0
1790393472.177693173 934947 PROBE-server 543
1790393472.177693173 934952 PROBE-server 550
1790393472.177693173 934953 iou-wrk-934947 0
1790393472.383030821 934947 PROBE-server 555
1790393472.383030821 934952 PROBE-server 563
1790393472.383030821 934953 iou-wrk-934947 0
1790393472.588621021 934947 PROBE-server 567
1790393472.588621021 934952 PROBE-server 574
1790393472.588621021 934953 iou-wrk-934947 0
1790393472.793753508 934947 PROBE-server 579
1790393472.793753508 934952 PROBE-server 586
1790393472.793753508 934953 iou-wrk-934947 0
1790393472.999691940 934947 PROBE-server 592
1790393472.999691940 934952 PROBE-server 599
1790393472.999691940 934953 iou-wrk-934947 0
1790393473.205306340 934947 PROBE-server 604
1790393473.205306340 934952 PROBE-server 610
1790393473.205306340 934953 iou-wrk-934947 0
1790393473.410702359 934947 PROBE-server 615
1790393473.410702359 934952 PROBE-server 622
1790393473.410702359 934953 iou-wrk-934947 0
1790393473.616406569 934947 PROBE-server 627
1790393473.616406569 934952 PROBE-server 634
1790393473.616406569 934953 iou-wrk-934947 0
1790393473.821465497 934947 PROBE-server 634
1790393473.821465497 934952 PROBE-server 642
1790393473.821465497 934953 iou-wrk-934947 0
