1790393138.894290772 912999 PROBE-server 0
1790393138.894290772 913004 PROBE-server 0
1790393138.894290772 913005 iou-wrk-912999 0
1790393139.100809392 912999 PROBE-server 12
1790393139.100809392 913004 PROBE-server 10
1790393139.100809392 913005 iou-wrk-912999 0
1790393139.306329520 912999 PROBE-server 23
1790393139.306329520 913004 PROBE-server 21
1790393139.306329520 913005 iou-wrk-912999 0
1790393139.511739227 912999 PROBE-server 36
1790393139.511739227 913004 PROBE-server 32
1790393139.511739227 913005 iou-wrk-912999 0
1790393139.716494871 912999 PROBE-server 47
1790393139.716494871 913004 PROBE-server 43
1790393139.716494871 913005 iou-wrk-912999 0
1790393139.921785848 912999 PROBE-server 61
1790393139.921785848 913004 PROBE-server 55
1790393139.921785848 913005 iou-wrk-912999 0
1790393140.126437873 912999 PROBE-server 72
1790393140.126437873 913004 PROBE-server 66
1790393140.126437873 913005 iou-wrk-912999 0
1790393140.331439669 912999 PROBE-server 84
1790393140.331439669 913004 PROBE-server 77
1790393140.331439669 913005 iou-wrk-912999 0
1790393140.536334255 912999 PROBE-server 96
1790393140.536334255 913004 PROBE-server 87
1790393140.536334255 913005 iou-wrk-912999 0
1790393140.740981200 912999 PROBE-server 108
1790393140.740981200 913004 PROBE-server 99
1790393140.740981200 913005 iou-wrk-912999 0
1790393140.945891806 912999 PROBE-server 120
1790393140.945891806 913004 PROBE-server 110
1790393140.945891806 913005 iou-wrk-912999 0
1790393141.151389954 912999 PROBE-server 133
1790393141.151389954 913004 PROBE-server 121
1790393141.151389954 913005 iou-wrk-912999 0
1790393141.356498081 912999 PROBE-server 145
1790393141.356498081 913004 PROBE-server 132
1790393141.356498081 913005 iou-wrk-912999 0
1790393141.561004666 912999 PROBE-server 157
1790393141.561004666 913004 PROBE-server 143
1790393141.561004666 913005 iou-wrk-912999 0
1790393141.765584361 912999 PROBE-server 169
1790393141.765584361 913004 PROBE-server 154
1790393141.765584361 913005 iou-wrk-912999 0
1790393141.970060306 912999 PROBE-server 181
1790393141.970060306 913004 PROBE-server 165
1790393141.970060306 913005 iou-wrk-912999 0
1790393142.174917123 912999 PROBE-server 193
1790393142.174917123 913004 PROBE-server 176
1790393142.174917123 913005 iou-wrk-912999 0
1790393142.379967910 912999 PROBE-server 206
1790393142.379967910 913004 PROBE-server 187
1790393142.379967910 913005 iou-wrk-912999 0
1790393142.584931058 912999 PROBE-server 218
1790393142.584931058 913004 PROBE-server 197
1790393142.584931058 913005 iou-wrk-912999 0
1790393142.790022005 912999 PROBE-server 231
1790393142.790022005 913004 PROBE-server 209
1790393142.790022005 913005 iou-wrk-912999 0
1790393142.995745025 912999 PROBE-server 243
1790393142.995745025 913004 PROBE-server 220
1790393142.995745025 913005 iou-wrk-912999 0
1790393143.200473052 912999 PROBE-server 254
1790393143.200473052 913004 PROBE-server 231
1790393143.200473052 913005 iou-wrk-912999 0
1790393143.404923628 912999 PROBE-server 267
1790393143.404923628 913004 PROBE-server 241
1790393143.404923628 913005 iou-wrk-912999 0
1790393143.609956806 912999 PROBE-server 278
1790393143.609956806 913004 PROBE-server 253
1790393143.609956806 913005 iou-wrk-912999 0
1790393143.814520372 912999 PROBE-server 290
1790393143.814520372 913004 PROBE-server 263
1790393143.814520372 913005 iou-wrk-912999 0
1790393144.018724078 912999 PROBE-server 303
1790393144.018724078 913004 PROBE-server 274
1790393144.018724078 913005 iou-wrk-912999 0
1790393144.223329475 912999 PROBE-server 315
1790393144.223329475 913004 PROBE-server 284
1790393144.223329475 913005 iou-wrk-912999 0
1790393144.427952672 912999 PROBE-server 327
1790393144.427952672 913004 PROBE-server 297
1790393144.427952672 913005 iou-wrk-912999 0
1790393144.633780033 912999 PROBE-server 339
1790393144.633780033 913004 PROBE-server 308
1790393144.633780033 913005 iou-wrk-912999 0
1790393144.839264153 912999 PROBE-server 352
1790393144.839264153 913004 PROBE-server 319
1790393144.839264153 913005 iou-wrk-912999 0
1790393145.045026285 912999 PROBE-server 364
1790393145.045026285 913004 PROBE-server 330
1790393145.045026285 913005 iou-wrk-912999 0
1790393145.250046654 912999 PROBE-server 377
1790393145.250046654 913004 PROBE-server 340
1790393145.250046654 913005 iou-wrk-912999 0
1790393145.455736975 912999 PROBE-server 388
1790393145.455736975 913004 PROBE-server 351
1790393145.455736975 913005 iou-wrk-912999 0
1790393145.660075962 912999 PROBE-server 402
1790393145.660075962 913004 PROBE-server 364
1790393145.660075962 913005 iou-wrk-912999 0
1790393145.864987581 912999 PROBE-server 413
1790393145.864987581 913004 PROBE-server 375
1790393145.864987581 913005 iou-wrk-912999 0
1790393146.069766829 912999 PROBE-server 425
1790393146.069766829 913004 PROBE-server 386
1790393146.069766829 913005 iou-wrk-912999 0
1790393146.275421031 912999 PROBE-server 438
1790393146.275421031 913004 PROBE-server 396
1790393146.275421031 913005 iou-wrk-912999 0
1790393146.480442211 912999 PROBE-server 450
1790393146.480442211 913004 PROBE-server 408
1790393146.480442211 913005 iou-wrk-912999 0
1790393146.685153249 912999 PROBE-server 462
1790393146.685153249 913004 PROBE-server 419
1790393146.685153249 913005 iou-wrk-912999 0
1790393146.889665417 912999 PROBE-server 475
1790393146.889665417 913004 PROBE-server 430
1790393146.889665417 913005 iou-wrk-912999 0
1790393147.095706561 912999 PROBE-server 488
1790393147.095706561 913004 PROBE-server 442
1790393147.095706561 913005 iou-wrk-912999 0
1790393147.302088576 912999 PROBE-server 500
1790393147.302088576 913004 PROBE-server 452
1790393147.302088576 913005 iou-wrk-912999 0
1790393147.507095156 912999 PROBE-server 512
1790393147.507095156 913004 PROBE-server 463
1790393147.507095156 913005 iou-wrk-912999 0
1790393147.711829195 912999 PROBE-server 524
1790393147.711829195 913004 PROBE-server 474
1790393147.711829195 913005 iou-wrk-912999 0
1790393147.916295834 912999 PROBE-server 536
1790393147.916295834 913004 PROBE-server 484
1790393147.916295834 913005 iou-wrk-912999 0
1790393148.121885686 912999 PROBE-server 548
1790393148.121885686 913004 PROBE-server 495
1790393148.121885686 913005 iou-wrk-912999 0
1790393148.327032527 912999 PROBE-server 560
1790393148.327032527 913004 PROBE-server 506
1790393148.327032527 913005 iou-wrk-912999 0
1790393148.531333626 912999 PROBE-server 572
1790393148.531333626 913004 PROBE-server 518
1790393148.531333626 913005 iou-wrk-912999 0
1790393148.736123386 912999 PROBE-server 585
1790393148.736123386 913004 PROBE-server 528
1790393148.736123386 913005 iou-wrk-912999 0
1790393148.940626025 912999 PROBE-server 596
1790393148.940626025 913004 PROBE-server 539
1790393148.940626025 913005 iou-wrk-912999 0
1790393149.145542016 912999 PROBE-server 608
1790393149.145542016 913004 PROBE-server 550
1790393149.145542016 913005 iou-wrk-912999 0
1790393149.350231146 912999 PROBE-server 620
1790393149.350231146 913004 PROBE-server 561
1790393149.350231146 913005 iou-wrk-912999 0
1790393149.554992366 912999 PROBE-server 632
1790393149.554992366 913004 PROBE-server 571
1790393149.554992366 913005 iou-wrk-912999 0
1790393149.759702557 912999 PROBE-server 645
1790393149.759702557 913004 PROBE-server 582
1790393149.759702557 913005 iou-wrk-912999 0
1790393149.964534587 912999 PROBE-server 654
1790393149.964534587 913004 PROBE-server 591
1790393149.964534587 913005 iou-wrk-912999 0
