1790393099.607992421 909879 PROBE-server 0
1790393099.607992421 909884 PROBE-server 0
1790393099.607992421 909885 iou-wrk-909879 0
1790393099.814063626 909879 PROBE-server 10
1790393099.814063626 909884 PROBE-server 10
1790393099.814063626 909885 iou-wrk-909879 0
1790393100.019508269 909879 PROBE-server 20
1790393100.019508269 909884 PROBE-server 20
1790393100.019508269 909885 iou-wrk-909879 0
1790393100.225295214 909879 PROBE-server 31
1790393100.225295214 909884 PROBE-server 31
1790393100.225295214 909885 iou-wrk-909879 0
1790393100.430955058 909879 PROBE-server 42
1790393100.430955058 909884 PROBE-server 43
1790393100.430955058 909885 iou-wrk-909879 0
1790393100.636029081 909879 PROBE-server 53
1790393100.636029081 909884 PROBE-server 53
1790393100.636029081 909885 iou-wrk-909879 0
1790393100.841569305 909879 PROBE-server 64
1790393100.841569305 909884 PROBE-server 65
1790393100.841569305 909885 iou-wrk-909879 0
1790393101.046966248 909879 PROBE-server 74
1790393101.046966248 909884 PROBE-server 75
1790393101.046966248 909885 iou-wrk-909879 0
1790393101.252195572 909879 PROBE-server 86
1790393101.252195572 909884 PROBE-server 86
1790393101.252195572 909885 iou-wrk-909879 0
1790393101.458046528 909879 PROBE-server 96
1790393101.458046528 909884 PROBE-server 97
1790393101.458046528 909885 iou-wrk-909879 0
1790393101.663777663 909879 PROBE-server 107
1790393101.663777663 909884 PROBE-server 108
1790393101.663777663 909885 iou-wrk-909879 0
1790393101.869064746 909879 PROBE-server 118
1790393101.869064746 909884 PROBE-server 119
1790393101.869064746 909885 iou-wrk-909879 0
1790393102.074222370 909879 PROBE-server 129
1790393102.074222370 909884 PROBE-server 130
1790393102.074222370 909885 iou-wrk-909879 0
1790393102.279668775 909879 PROBE-server 140
1790393102.279668775 909884 PROBE-server 141
1790393102.279668775 909885 iou-wrk-909879 0
1790393102.485265040 909879 PROBE-server 150
1790393102.485265040 909884 PROBE-server 152
1790393102.485265040 909885 iou-wrk-909879 0
1790393102.691158967 909879 PROBE-server 161
1790393102.691158967 909884 PROBE-server 163
1790393102.691158967 909885 iou-wrk-909879 0
1790393102.896865022 909879 PROBE-server 173
1790393102.896865022 909884 PROBE-server 174
1790393102.896865022 909885 iou-wrk-909879 0
1790393103.102524448 909879 PROBE-server 183
1790393103.102524448 909884 PROBE-server 185
1790393103.102524448 909885 iou-wrk-909879 0
1790393103.308330195 909879 PROBE-server 194
1790393103.308330195 909884 PROBE-server 195
1790393103.308330195 909885 iou-wrk-909879 0
1790393103.514145272 909879 PROBE-server 204
1790393103.514145272 909884 PROBE-server 206
1790393103.514145272 909885 iou-wrk-909879 0
1790393103.719204326 909879 PROBE-server 215
1790393103.719204326 909884 PROBE-server 217
1790393103.719204326 909885 iou-wrk-909879 0
1790393103.925062943 909879 PROBE-server 226
1790393103.925062943 909884 PROBE-server 229
1790393103.925062943 909885 iou-wrk-909879 0
1790393104.130805590 909879 PROBE-server 237
1790393104.130805590 909884 PROBE-server 240
1790393104.130805590 909885 iou-wrk-909879 0
1790393104.336422557 909879 PROBE-server 248
1790393104.336422557 909884 PROBE-server 250
1790393104.336422557 909885 iou-wrk-909879 0
1790393104.542165564 909879 PROBE-server 258
1790393104.542165564 909884 PROBE-server 262
1790393104.542165564 909885 iou-wrk-909879 0
1790393104.747249679 909879 PROBE-server 269
1790393104.747249679 909884 PROBE-server 272
1790393104.747249679 909885 iou-wrk-909879 0
1790393104.952331514 909879 PROBE-server 280
1790393104.952331514 909884 PROBE-server 283
1790393104.952331514 909885 iou-wrk-909879 0
1790393105.157981721 909879 PROBE-server 291
1790393105.157981721 909884 PROBE-server 294
1790393105.157981721 909885 iou-wrk-909879 0
1790393105.363119517 909879 PROBE-server 302
1790393105.363119517 909884 PROBE-server 304
1790393105.363119517 909885 iou-wrk-909879 0
1790393105.568892015 909879 PROBE-server 312
1790393105.568892015 909884 PROBE-server 316
1790393105.568892015 909885 iou-wrk-909879 0
1790393105.773979090 909879 PROBE-server 324
1790393105.773979090 909884 PROBE-server 327
1790393105.773979090 909885 iou-wrk-909879 0
1790393105.979724958 909879 PROBE-server 334
1790393105.979724958 909884 PROBE-server 338
1790393105.979724958 909885 iou-wrk-909879 0
1790393106.184916414 909879 PROBE-server 346
1790393106.184916414 909884 PROBE-server 349
1790393106.184916414 909885 iou-wrk-909879 0
1790393106.391292135 909879 PROBE-server 357
1790393106.391292135 909884 PROBE-server 360
1790393106.391292135 909885 iou-wrk-909879 0
1790393106.596824383 909879 PROBE-server 367
1790393106.596824383 909884 PROBE-server 371
1790393106.596824383 909885 iou-wrk-909879 0
1790393106.802510801 909879 PROBE-server 378
1790393106.802510801 909884 PROBE-server 381
1790393106.802510801 909885 iou-wrk-909879 0
1790393107.007868418 909879 PROBE-server 389
1790393107.007868418 909884 PROBE-server 392
1790393107.007868418 909885 iou-wrk-909879 0
1790393107.213498067 909879 PROBE-server 400
1790393107.213498067 909884 PROBE-server 403
1790393107.213498067 909885 iou-wrk-909879 0
1790393107.419137135 909879 PROBE-server 411
1790393107.419137135 909884 PROBE-server 414
1790393107.419137135 909885 iou-wrk-909879 0
1790393107.624905944 909879 PROBE-server 422
1790393107.624905944 909884 PROBE-server 426
1790393107.624905944 909885 iou-wrk-909879 0
1790393107.829942371 909879 PROBE-server 432
1790393107.829942371 909884 PROBE-server 436
1790393107.829942371 909885 iou-wrk-909879 0
1790393108.035856721 909879 PROBE-server 443
1790393108.035856721 909884 PROBE-server 447
1790393108.035856721 909885 iou-wrk-909879 0
1790393108.241205479 909879 PROBE-server 454
1790393108.241205479 909884 PROBE-server 458
1790393108.241205479 909885 iou-wrk-909879 0
1790393108.446242056 909879 PROBE-server 464
1790393108.446242056 909884 PROBE-server 468
1790393108.446242056 909885 iou-wrk-909879 0
1790393108.651564284 909879 PROBE-server 475
1790393108.651564284 909884 PROBE-server 480
1790393108.651564284 909885 iou-wrk-909879 0
1790393108.857709355 909879 PROBE-server 487
1790393108.857709355 909884 PROBE-server 490
1790393108.857709355 909885 iou-wrk-909879 0
1790393109.063392795 909879 PROBE-server 497
1790393109.063392795 909884 PROBE-server 501
1790393109.063392795 909885 iou-wrk-909879 0
1790393109.268662733 909879 PROBE-server 509
1790393109.268662733 909884 PROBE-server 512
1790393109.268662733 909885 iou-wrk-909879 0
1790393109.473396770 909879 PROBE-server 519
1790393109.473396770 909884 PROBE-server 523
1790393109.473396770 909885 iou-wrk-909879 0
1790393109.678542098 909879 PROBE-server 530
1790393109.678542098 909884 PROBE-server 534
1790393109.678542098 909885 iou-wrk-909879 0
1790393109.884165988 909879 PROBE-server 541
1790393109.884165988 909884 PROBE-server 546
1790393109.884165988 909885 iou-wrk-909879 0
1790393110.090150150 909879 PROBE-server 552
1790393110.090150150 909884 PROBE-server 556
1790393110.090150150 909885 iou-wrk-909879 0
1790393110.295397449 909879 PROBE-server 563
1790393110.295397449 909884 PROBE-server 567
1790393110.295397449 909885 iou-wrk-909879 0
1790393110.500538378 909879 PROBE-server 573
1790393110.500538378 909884 PROBE-server 578
1790393110.500538378 909885 iou-wrk-909879 0
1790393110.706411739 909879 PROBE-server 579
1790393110.706411739 909884 PROBE-server 583
1790393110.706411739 909885 iou-wrk-909879 0
