1790393115.984759724 910935 PROBE-server 0
1790393115.984759724 910940 PROBE-server 0
1790393115.984759724 910941 iou-wrk-910935 0
1790393116.190666009 910935 PROBE-server 19
1790393116.190666009 910940 PROBE-server 0
1790393116.190666009 910941 iou-wrk-910935 0
1790393116.396639844 910935 PROBE-server 39
1790393116.396639844 910940 PROBE-server 0
1790393116.396639844 910941 iou-wrk-910935 0
1790393116.602101378 910935 PROBE-server 59
1790393116.602101378 910940 PROBE-server 0
1790393116.602101378 910941 iou-wrk-910935 0
1790393116.807312390 910935 PROBE-server 79
1790393116.807312390 910940 PROBE-server 0
1790393116.807312390 910941 iou-wrk-910935 0
1790393117.012850624 910935 PROBE-server 100
1790393117.012850624 910940 PROBE-server 0
1790393117.012850624 910941 iou-wrk-910935 0
1790393117.217559946 910935 PROBE-server 119
1790393117.217559946 910940 PROBE-server 0
1790393117.217559946 910941 iou-wrk-910935 0
1790393117.422916340 910935 PROBE-server 140
1790393117.422916340 910940 PROBE-server 0
1790393117.422916340 910941 iou-wrk-910935 0
1790393117.628211843 910935 PROBE-server 160
1790393117.628211843 910940 PROBE-server 0
1790393117.628211843 910941 iou-wrk-910935 0
1790393117.833305376 910935 PROBE-server 180
1790393117.833305376 910940 PROBE-server 0
1790393117.833305376 910941 iou-wrk-910935 0
1790393118.038487979 910935 PROBE-server 200
1790393118.038487979 910940 PROBE-server 0
1790393118.038487979 910941 iou-wrk-910935 0
1790393118.243811404 910935 PROBE-server 220
1790393118.243811404 910940 PROBE-server 0
1790393118.243811404 910941 iou-wrk-910935 0
1790393118.449318199 910935 PROBE-server 240
1790393118.449318199 910940 PROBE-server 0
1790393118.449318199 910941 iou-wrk-910935 0
1790393118.654663743 910935 PROBE-server 261
1790393118.654663743 910940 PROBE-server 0
1790393118.654663743 910941 iou-wrk-910935 0
1790393118.859927117 910935 PROBE-server 281
1790393118.859927117 910940 PROBE-server 0
1790393118.859927117 910941 iou-wrk-910935 0
1790393119.064465199 910935 PROBE-server 301
1790393119.064465199 910940 PROBE-server 0
1790393119.064465199 910941 iou-wrk-910935 0
1790393119.269877104 910935 PROBE-server 321
1790393119.269877104 910940 PROBE-server 0
1790393119.269877104 910941 iou-wrk-910935 0
1790393119.475254189 910935 PROBE-server 342
1790393119.475254189 910940 PROBE-server 0
1790393119.475254189 910941 iou-wrk-910935 0
1790393119.679835092 910935 PROBE-server 361
1790393119.679835092 910940 PROBE-server 0
1790393119.679835092 910941 iou-wrk-910935 0
1790393119.885535268 910935 PROBE-server 381
1790393119.885535268 910940 PROBE-server 0
1790393119.885535268 910941 iou-wrk-910935 0
1790393120.090621552 910935 PROBE-server 402
1790393120.090621552 910940 PROBE-server 0
1790393120.090621552 910941 iou-wrk-910935 0
1790393120.296158018 910935 PROBE-server 422
1790393120.296158018 910940 PROBE-server 0
1790393120.296158018 910941 iou-wrk-910935 0
1790393120.501427304 910935 PROBE-server 442
1790393120.501427304 910940 PROBE-server 0
1790393120.501427304 910941 iou-wrk-910935 0
1790393120.706672749 910935 PROBE-server 462
1790393120.706672749 910940 PROBE-server 0
1790393120.706672749 910941 iou-wrk-910935 0
1790393120.911506553 910935 PROBE-server 482
1790393120.911506553 910940 PROBE-server 0
1790393120.911506553 910941 iou-wrk-910935 0
1790393121.117250420 910935 PROBE-server 502
1790393121.117250420 910940 PROBE-server 0
1790393121.117250420 910941 iou-wrk-910935 0
1790393121.322612546 910935 PROBE-server 522
1790393121.322612546 910940 PROBE-server 0
1790393121.322612546 910941 iou-wrk-910935 0
1790393121.527627581 910935 PROBE-server 542
1790393121.527627581 910940 PROBE-server 0
1790393121.527627581 910941 iou-wrk-910935 0
1790393121.733395119 910935 PROBE-server 563
1790393121.733395119 910940 PROBE-server 0
1790393121.733395119 910941 iou-wrk-910935 0
1790393121.938643835 910935 PROBE-server 583
1790393121.938643835 910940 PROBE-server 0
1790393121.938643835 910941 iou-wrk-910935 0
1790393122.144056731 910935 PROBE-server 603
1790393122.144056731 910940 PROBE-server 0
1790393122.144056731 910941 iou-wrk-910935 0
1790393122.350039250 910935 PROBE-server 623
1790393122.350039250 910940 PROBE-server 0
1790393122.350039250 910941 iou-wrk-910935 0
1790393122.555706408 910935 PROBE-server 644
1790393122.555706408 910940 PROBE-server 1
1790393122.555706408 910941 iou-wrk-910935 0
1790393122.760903715 910935 PROBE-server 664
1790393122.760903715 910940 PROBE-server 1
1790393122.760903715 910941 iou-wrk-910935 0
1790393122.966012290 910935 PROBE-server 684
1790393122.966012290 910940 PROBE-server 1
1790393122.966012290 910941 iou-wrk-910935 0
1790393123.171413308 910935 PROBE-server 704
1790393123.171413308 910940 PROBE-server 1
1790393123.171413308 910941 iou-wrk-910935 0
1790393123.376650215 910935 PROBE-server 724
1790393123.376650215 910940 PROBE-server 1
1790393123.376650215 910941 iou-wrk-910935 0
1790393123.581310350 910935 PROBE-server 745
1790393123.581310350 910940 PROBE-server 1
1790393123.581310350 910941 iou-wrk-910935 0
1790393123.786760738 910935 PROBE-server 765
1790393123.786760738 910940 PROBE-server 1
1790393123.786760738 910941 iou-wrk-910935 0
1790393123.991950705 910935 PROBE-server 785
1790393123.991950705 910940 PROBE-server 1
1790393123.991950705 910941 iou-wrk-910935 0
1790393124.197880515 910935 PROBE-server 804
1790393124.197880515 910940 PROBE-server 1
1790393124.197880515 910941 iou-wrk-910935 0
1790393124.403948085 910935 PROBE-server 825
1790393124.403948085 910940 PROBE-server 1
1790393124.403948085 910941 iou-wrk-910935 0
1790393124.609544804 910935 PROBE-server 845
1790393124.609544804 910940 PROBE-server 1
1790393124.609544804 910941 iou-wrk-910935 0
1790393124.815159883 910935 PROBE-server 865
1790393124.815159883 910940 PROBE-server 1
1790393124.815159883 910941 iou-wrk-910935 0
1790393125.020452461 910935 PROBE-server 885
1790393125.020452461 910940 PROBE-server 1
1790393125.020452461 910941 iou-wrk-910935 0
1790393125.226018000 910935 PROBE-server 906
1790393125.226018000 910940 PROBE-server 1
1790393125.226018000 910941 iou-wrk-910935 0
1790393125.431690110 910935 PROBE-server 926
1790393125.431690110 910940 PROBE-server 1
1790393125.431690110 910941 iou-wrk-910935 0
1790393125.637029998 910935 PROBE-server 946
1790393125.637029998 910940 PROBE-server 1
1790393125.637029998 910941 iou-wrk-910935 0
1790393125.842000886 910935 PROBE-server 966
1790393125.842000886 910940 PROBE-server 1
1790393125.842000886 910941 iou-wrk-910935 0
1790393126.047272284 910935 PROBE-server 987
1790393126.047272284 910940 PROBE-server 1
1790393126.047272284 910941 iou-wrk-910935 0
1790393126.253197545 910935 PROBE-server 1006
1790393126.253197545 910940 PROBE-server 1
1790393126.253197545 910941 iou-wrk-910935 0
1790393126.459051776 910935 PROBE-server 1027
1790393126.459051776 910940 PROBE-server 1
1790393126.459051776 910941 iou-wrk-910935 0
1790393126.664064214 910935 PROBE-server 1047
1790393126.664064214 910940 PROBE-server 1
1790393126.664064214 910941 iou-wrk-910935 0
1790393126.869431003 910935 PROBE-server 1067
1790393126.869431003 910940 PROBE-server 1
1790393126.869431003 910941 iou-wrk-910935 0
1790393127.075137354 910935 PROBE-server 1080
1790393127.075137354 910940 PROBE-server 1
1790393127.075137354 910941 iou-wrk-910935 0
1790393127.281435147 910935 PROBE-server 1080
1790393127.281435147 910940 PROBE-server 1
1790393127.281435147 910941 iou-wrk-910935 0
