1790393271.644474030 922595 PROBE-server 0
1790393271.644474030 922600 PROBE-server 0
1790393271.644474030 922601 iou-wrk-922595 0
1790393271.851312620 922595 PROBE-server 11
1790393271.851312620 922600 PROBE-server 10
1790393271.851312620 922601 iou-wrk-922595 0
1790393272.057391307 922595 PROBE-server 22
1790393272.057391307 922600 PROBE-server 23
1790393272.057391307 922601 iou-wrk-922595 0
1790393272.262246079 922595 PROBE-server 34
1790393272.262246079 922600 PROBE-server 35
1790393272.262246079 922601 iou-wrk-922595 0
1790393272.467938555 922595 PROBE-server 46
1790393272.467938555 922600 PROBE-server 46
1790393272.467938555 922601 iou-wrk-922595 0
1790393272.673487541 922595 PROBE-server 57
1790393272.673487541 922600 PROBE-server 57
1790393272.673487541 922601 iou-wrk-922595 0
1790393272.878628575 922595 PROBE-server 69
1790393272.878628575 922600 PROBE-server 70
1790393272.878628575 922601 iou-wrk-922595 0
1790393273.083541248 922595 PROBE-server 81
1790393273.083541248 922600 PROBE-server 80
1790393273.083541248 922601 iou-wrk-922595 0
1790393273.288668972 922595 PROBE-server 91
1790393273.288668972 922600 PROBE-server 92
1790393273.288668972 922601 iou-wrk-922595 0
1790393273.494652260 922595 PROBE-server 104
1790393273.494652260 922600 PROBE-server 104
1790393273.494652260 922601 iou-wrk-922595 0
1790393273.700575297 922595 PROBE-server 115
1790393273.700575297 922600 PROBE-server 116
1790393273.700575297 922601 iou-wrk-922595 0
1790393273.906397544 922595 PROBE-server 126
1790393273.906397544 922600 PROBE-server 127
1790393273.906397544 922601 iou-wrk-922595 0
1790393274.111400258 922595 PROBE-server 137
1790393274.111400258 922600 PROBE-server 138
1790393274.111400258 922601 iou-wrk-922595 0
1790393274.316941905 922595 PROBE-server 148
1790393274.316941905 922600 PROBE-server 150
1790393274.316941905 922601 iou-wrk-922595 0
1790393274.522800602 922595 PROBE-server 161
1790393274.522800602 922600 PROBE-server 162
1790393274.522800602 922601 iou-wrk-922595 0
1790393274.728476999 922595 PROBE-server 171
1790393274.728476999 922600 PROBE-server 173
1790393274.728476999 922601 iou-wrk-922595 0
1790393274.933884134 922595 PROBE-server 182
1790393274.933884134 922600 PROBE-server 185
1790393274.933884134 922601 iou-wrk-922595 0
1790393275.138765949 922595 PROBE-server 194
1790393275.138765949 922600 PROBE-server 196
1790393275.138765949 922601 iou-wrk-922595 0
1790393275.344595837 922595 PROBE-server 206
1790393275.344595837 922600 PROBE-server 208
1790393275.344595837 922601 iou-wrk-922595 0
1790393275.550521255 922595 PROBE-server 217
1790393275.550521255 922600 PROBE-server 219
1790393275.550521255 922601 iou-wrk-922595 0
1790393275.755463799 922595 PROBE-server 229
1790393275.755463799 922600 PROBE-server 230
1790393275.755463799 922601 iou-wrk-922595 0
1790393275.960100172 922595 PROBE-server 240
1790393275.960100172 922600 PROBE-server 242
1790393275.960100172 922601 iou-wrk-922595 0
1790393276.165821790 922595 PROBE-server 252
1790393276.165821790 922600 PROBE-server 254
1790393276.165821790 922601 iou-wrk-922595 0
1790393276.371784689 922595 PROBE-server 262
1790393276.371784689 922600 PROBE-server 265
1790393276.371784689 922601 iou-wrk-922595 0
1790393276.577270846 922595 PROBE-server 274
1790393276.577270846 922600 PROBE-server 277
1790393276.577270846 922601 iou-wrk-922595 0
1790393276.782907673 922595 PROBE-server 286
1790393276.782907673 922600 PROBE-server 288
1790393276.782907673 922601 iou-wrk-922595 0
1790393276.988334220 922595 PROBE-server 298
1790393276.988334220 922600 PROBE-server 300
1790393276.988334220 922601 iou-wrk-922595 0
1790393277.194150779 922595 PROBE-server 310
1790393277.194150779 922600 PROBE-server 311
1790393277.194150779 922601 iou-wrk-922595 0
1790393277.399124544 922595 PROBE-server 321
1790393277.399124544 922600 PROBE-server 323
1790393277.399124544 922601 iou-wrk-922595 0
1790393277.604722512 922595 PROBE-server 332
1790393277.604722512 922600 PROBE-server 335
1790393277.604722512 922601 iou-wrk-922595 0
1790393277.810822502 922595 PROBE-server 344
1790393277.810822502 922600 PROBE-server 346
1790393277.810822502 922601 iou-wrk-922595 0
1790393278.015971518 922595 PROBE-server 355
1790393278.015971518 922600 PROBE-server 357
1790393278.015971518 922601 iou-wrk-922595 0
1790393278.221792757 922595 PROBE-server 366
1790393278.221792757 922600 PROBE-server 369
1790393278.221792757 922601 iou-wrk-922595 0
1790393278.427486886 922595 PROBE-server 378
1790393278.427486886 922600 PROBE-server 381
1790393278.427486886 922601 iou-wrk-922595 0
1790393278.632277671 922595 PROBE-server 390
1790393278.632277671 922600 PROBE-server 392
1790393278.632277671 922601 iou-wrk-922595 0
1790393278.838180341 922595 PROBE-server 401
1790393278.838180341 922600 PROBE-server 403
1790393278.838180341 922601 iou-wrk-922595 0
1790393279.042994086 922595 PROBE-server 412
1790393279.042994086 922600 PROBE-server 415
1790393279.042994086 922601 iou-wrk-922595 0
1790393279.247781302 922595 PROBE-server 423
1790393279.247781302 922600 PROBE-server 426
1790393279.247781302 922601 iou-wrk-922595 0
1790393279.452749208 922595 PROBE-server 435
1790393279.452749208 922600 PROBE-server 438
1790393279.452749208 922601 iou-wrk-922595 0
1790393279.658580608 922595 PROBE-server 446
1790393279.658580608 922600 PROBE-server 450
1790393279.658580608 922601 iou-wrk-922595 0
1790393279.864397007 922595 PROBE-server 458
1790393279.864397007 922600 PROBE-server 462
1790393279.864397007 922601 iou-wrk-922595 0
1790393280.070343788 922595 PROBE-server 470
1790393280.070343788 922600 PROBE-server 473
1790393280.070343788 922601 iou-wrk-922595 0
1790393280.275376915 922595 PROBE-server 481
1790393280.275376915 922600 PROBE-server 485
1790393280.275376915 922601 iou-wrk-922595 0
1790393280.481063674 922595 PROBE-server 493
1790393280.481063674 922600 PROBE-server 497
1790393280.481063674 922601 iou-wrk-922595 0
1790393280.686108131 922595 PROBE-server 504
1790393280.686108131 922600 PROBE-server 508
1790393280.686108131 922601 iou-wrk-922595 0
1790393280.891231089 922595 PROBE-server 516
1790393280.891231089 922600 PROBE-server 520
1790393280.891231089 922601 iou-wrk-922595 0
1790393281.096690307 922595 PROBE-server 528
1790393281.096690307 922600 PROBE-server 531
1790393281.096690307 922601 iou-wrk-922595 0
1790393281.301818155 922595 PROBE-server 538
1790393281.301818155 922600 PROBE-server 543
1790393281.301818155 922601 iou-wrk-922595 0
1790393281.506593982 922595 PROBE-server 550
1790393281.506593982 922600 PROBE-server 555
1790393281.506593982 922601 iou-wrk-922595 0
1790393281.711169767 922595 PROBE-server 561
1790393281.711169767 922600 PROBE-server 567
1790393281.711169767 922601 iou-wrk-922595 0
1790393281.916935668 922595 PROBE-server 573
1790393281.916935668 922600 PROBE-server 578
1790393281.916935668 922601 iou-wrk-922595 0
1790393282.122467577 922595 PROBE-server 585
1790393282.122467577 922600 PROBE-server 590
1790393282.122467577 922601 iou-wrk-922595 0
1790393282.327814026 922595 PROBE-server 596
1790393282.327814026 922600 PROBE-server 601
1790393282.327814026 922601 iou-wrk-922595 0
1790393282.532683994 922595 PROBE-server 607
1790393282.532683994 922600 PROBE-server 613
1790393282.532683994 922601 iou-wrk-922595 0
1790393282.738597265 922595 PROBE-server 614
1790393282.738597265 922600 PROBE-server 620
1790393282.738597265 922601 iou-wrk-922595 0
