1790393187.981247813 916100 PROBE-server 0
1790393187.981247813 916105 PROBE-server 0
1790393187.981247813 916106 iou-wrk-916100 0
1790393188.187464099 916100 PROBE-server 19
1790393188.187464099 916105 PROBE-server 0
1790393188.187464099 916106 iou-wrk-916100 0
1790393188.187464099 916158 iou-wrk-916105 0
1790393188.394840531 916100 PROBE-server 39
1790393188.394840531 916105 PROBE-server 0
1790393188.394840531 916106 iou-wrk-916100 0
1790393188.394840531 916158 iou-wrk-916105 0
1790393188.601645640 916100 PROBE-server 60
1790393188.601645640 916105 PROBE-server 0
1790393188.601645640 916106 iou-wrk-916100 0
1790393188.601645640 916158 iou-wrk-916105 0
1790393188.808651580 916100 PROBE-server 80
1790393188.808651580 916105 PROBE-server 0
1790393188.808651580 916106 iou-wrk-916100 0
1790393188.808651580 916158 iou-wrk-916105 0
1790393189.015383109 916100 PROBE-server 100
1790393189.015383109 916105 PROBE-server 0
1790393189.015383109 916106 iou-wrk-916100 0
1790393189.015383109 916158 iou-wrk-916105 0
1790393189.222180438 916100 PROBE-server 120
1790393189.222180438 916105 PROBE-server 0
1790393189.222180438 916106 iou-wrk-916100 0
1790393189.222180438 916158 iou-wrk-916105 0
1790393189.428957858 916100 PROBE-server 141
1790393189.428957858 916105 PROBE-server 0
1790393189.428957858 916106 iou-wrk-916100 0
1790393189.428957858 916158 iou-wrk-916105 0
1790393189.635821258 916100 PROBE-server 161
1790393189.635821258 916105 PROBE-server 0
1790393189.635821258 916106 iou-wrk-916100 0
1790393189.635821258 916158 iou-wrk-916105 0
1790393189.842372847 916100 PROBE-server 181
1790393189.842372847 916105 PROBE-server 0
1790393189.842372847 916106 iou-wrk-916100 0
1790393189.842372847 916158 iou-wrk-916105 0
1790393190.048794065 916100 PROBE-server 201
1790393190.048794065 916105 PROBE-server 0
1790393190.048794065 916106 iou-wrk-916100 0
1790393190.048794065 916158 iou-wrk-916105 0
1790393190.255305714 916100 PROBE-server 222
1790393190.255305714 916105 PROBE-server 0
1790393190.255305714 916106 iou-wrk-916100 0
1790393190.255305714 916158 iou-wrk-916105 0
1790393190.462139065 916100 PROBE-server 242
1790393190.462139065 916105 PROBE-server 0
1790393190.462139065 916106 iou-wrk-916100 0
1790393190.462139065 916158 iou-wrk-916105 0
1790393190.669274416 916100 PROBE-server 263
1790393190.669274416 916105 PROBE-server 0
1790393190.669274416 916106 iou-wrk-916100 0
1790393190.669274416 916158 iou-wrk-916105 0
1790393190.876033266 916100 PROBE-server 283
1790393190.876033266 916105 PROBE-server 0
1790393190.876033266 916106 iou-wrk-916100 0
1790393190.876033266 916158 iou-wrk-916105 0
1790393191.083215858 916100 PROBE-server 303
1790393191.083215858 916105 PROBE-server 0
1790393191.083215858 916106 iou-wrk-916100 0
1790393191.083215858 916158 iou-wrk-916105 0
1790393191.289747078 916100 PROBE-server 323
1790393191.289747078 916105 PROBE-server 0
1790393191.289747078 916106 iou-wrk-916100 0
1790393191.289747078 916158 iou-wrk-916105 0
1790393191.496026156 916100 PROBE-server 344
1790393191.496026156 916105 PROBE-server 0
1790393191.496026156 916106 iou-wrk-916100 0
1790393191.496026156 916158 iou-wrk-916105 0
1790393191.702689387 916100 PROBE-server 364
1790393191.702689387 916105 PROBE-server 0
1790393191.702689387 916106 iou-wrk-916100 0
1790393191.702689387 916158 iou-wrk-916105 0
1790393191.909821298 916100 PROBE-server 385
1790393191.909821298 916105 PROBE-server 0
1790393191.909821298 916106 iou-wrk-916100 0
1790393191.909821298 916158 iou-wrk-916105 0
1790393192.116306418 916100 PROBE-server 405
1790393192.116306418 916105 PROBE-server 0
1790393192.116306418 916106 iou-wrk-916100 0
1790393192.116306418 916158 iou-wrk-916105 0
1790393192.323138290 916100 PROBE-server 425
1790393192.323138290 916105 PROBE-server 0
1790393192.323138290 916106 iou-wrk-916100 0
1790393192.323138290 916158 iou-wrk-916105 0
1790393192.529902651 916100 PROBE-server 446
1790393192.529902651 916105 PROBE-server 0
1790393192.529902651 916106 iou-wrk-916100 0
1790393192.529902651 916158 iou-wrk-916105 0
1790393192.736632052 916100 PROBE-server 465
1790393192.736632052 916105 PROBE-server 0
1790393192.736632052 916106 iou-wrk-916100 0
1790393192.736632052 916158 iou-wrk-916105 0
1790393192.943608154 916100 PROBE-server 486
1790393192.943608154 916105 PROBE-server 0
1790393192.943608154 916106 iou-wrk-916100 0
1790393192.943608154 916158 iou-wrk-916105 0
1790393193.150315115 916100 PROBE-server 506
1790393193.150315115 916105 PROBE-server 0
1790393193.150315115 916106 iou-wrk-916100 0
1790393193.150315115 916158 iou-wrk-916105 0
1790393193.357064867 916100 PROBE-server 526
1790393193.357064867 916105 PROBE-server 0
1790393193.357064867 916106 iou-wrk-916100 0
1790393193.357064867 916158 iou-wrk-916105 0
1790393193.563551527 916100 PROBE-server 546
1790393193.563551527 916105 PROBE-server 0
1790393193.563551527 916106 iou-wrk-916100 0
1790393193.563551527 916158 iou-wrk-916105 0
1790393193.770666820 916100 PROBE-server 567
1790393193.770666820 916105 PROBE-server 0
1790393193.770666820 916106 iou-wrk-916100 0
1790393193.770666820 916158 iou-wrk-916105 0
1790393193.977476762 916100 PROBE-server 587
1790393193.977476762 916105 PROBE-server 0
1790393193.977476762 916106 iou-wrk-916100 0
1790393193.977476762 916158 iou-wrk-916105 0
1790393194.184647136 916100 PROBE-server 607
1790393194.184647136 916105 PROBE-server 0
1790393194.184647136 916106 iou-wrk-916100 0
1790393194.184647136 916158 iou-wrk-916105 0
1790393194.391705609 916100 PROBE-server 628
1790393194.391705609 916105 PROBE-server 0
1790393194.391705609 916106 iou-wrk-916100 0
1790393194.391705609 916158 iou-wrk-916105 0
1790393194.598286410 916100 PROBE-server 648
1790393194.598286410 916105 PROBE-server 0
1790393194.598286410 916106 iou-wrk-916100 0
1790393194.598286410 916158 iou-wrk-916105 0
1790393194.804517471 916100 PROBE-server 668
1790393194.804517471 916105 PROBE-server 0
1790393194.804517471 916106 iou-wrk-916100 0
1790393194.804517471 916158 iou-wrk-916105 0
1790393195.011341123 916100 PROBE-server 689
1790393195.011341123 916105 PROBE-server 0
1790393195.011341123 916106 iou-wrk-916100 0
1790393195.011341123 916158 iou-wrk-916105 0
1790393195.217383293 916100 PROBE-server 709
1790393195.217383293 916105 PROBE-server 0
1790393195.217383293 916106 iou-wrk-916100 0
1790393195.217383293 916158 iou-wrk-916105 0
1790393195.424389257 916100 PROBE-server 729
1790393195.424389257 916105 PROBE-server 0
1790393195.424389257 916106 iou-wrk-916100 0
1790393195.424389257 916158 iou-wrk-916105 0
1790393195.631489031 916100 PROBE-server 750
1790393195.631489031 916105 PROBE-server 0
1790393195.631489031 916106 iou-wrk-916100 0
1790393195.631489031 916158 iou-wrk-916105 0
1790393195.838172053 916100 PROBE-server 770
1790393195.838172053 916105 PROBE-server 0
1790393195.838172053 916106 iou-wrk-916100 0
1790393195.838172053 916158 iou-wrk-916105 0
1790393196.044858246 916100 PROBE-server 790
1790393196.044858246 916105 PROBE-server 0
1790393196.044858246 916106 iou-wrk-916100 0
1790393196.044858246 916158 iou-wrk-916105 0
1790393196.251419468 916100 PROBE-server 810
1790393196.251419468 916105 PROBE-server 1
1790393196.251419468 916106 iou-wrk-916100 0
1790393196.251419468 916158 iou-wrk-916105 0
1790393196.458331472 916100 PROBE-server 831
1790393196.458331472 916105 PROBE-server 1
1790393196.458331472 916106 iou-wrk-916100 0
1790393196.458331472 916158 iou-wrk-916105 0
1790393196.664881204 916100 PROBE-server 851
1790393196.664881204 916105 PROBE-server 1
1790393196.664881204 916106 iou-wrk-916100 0
1790393196.664881204 916158 iou-wrk-916105 0
1790393196.871488547 916100 PROBE-server 871
1790393196.871488547 916105 PROBE-server 1
1790393196.871488547 916106 iou-wrk-916100 0
1790393196.871488547 916158 iou-wrk-916105 0
1790393197.078015400 916100 PROBE-server 891
1790393197.078015400 916105 PROBE-server 1
1790393197.078015400 916106 iou-wrk-916100 0
1790393197.078015400 916158 iou-wrk-916105 0
1790393197.285024644 916100 PROBE-server 912
1790393197.285024644 916105 PROBE-server 1
1790393197.285024644 916106 iou-wrk-916100 0
1790393197.285024644 916158 iou-wrk-916105 0
1790393197.490946945 916100 PROBE-server 933
1790393197.490946945 916105 PROBE-server 1
1790393197.490946945 916106 iou-wrk-916100 0
1790393197.490946945 916158 iou-wrk-916105 0
1790393197.697688568 916100 PROBE-server 952
1790393197.697688568 916105 PROBE-server 1
1790393197.697688568 916106 iou-wrk-916100 0
1790393197.697688568 916158 iou-wrk-916105 0
1790393197.904351952 916100 PROBE-server 973
1790393197.904351952 916105 PROBE-server 1
1790393197.904351952 916106 iou-wrk-916100 0
1790393197.904351952 916158 iou-wrk-916105 0
1790393198.111097286 916100 PROBE-server 994
1790393198.111097286 916105 PROBE-server 1
1790393198.111097286 916106 iou-wrk-916100 0
1790393198.111097286 916158 iou-wrk-916105 0
1790393198.318317272 916100 PROBE-server 1013
1790393198.318317272 916105 PROBE-server 1
1790393198.318317272 916106 iou-wrk-916100 0
1790393198.318317272 916158 iou-wrk-916105 0
1790393198.525611618 916100 PROBE-server 1034
1790393198.525611618 916105 PROBE-server 1
1790393198.525611618 916106 iou-wrk-916100 0
1790393198.525611618 916158 iou-wrk-916105 0
1790393198.732245322 916100 PROBE-server 1054
1790393198.732245322 916105 PROBE-server 1
1790393198.732245322 916106 iou-wrk-916100 0
1790393198.732245322 916158 iou-wrk-916105 0
1790393198.938928906 916100 PROBE-server 1074
1790393198.938928906 916105 PROBE-server 1
1790393198.938928906 916106 iou-wrk-916100 0
1790393198.938928906 916158 iou-wrk-916105 0
1790393199.145287549 916100 PROBE-server 1080
1790393199.145287549 916105 PROBE-server 1
1790393199.145287549 916106 iou-wrk-916100 0
1790393199.145287549 916158 iou-wrk-916105 0
1790393199.352444355 916100 PROBE-server 1080
1790393199.352444355 916105 PROBE-server 1
1790393199.352444355 916106 iou-wrk-916100 0
1790393199.352444355 916158 iou-wrk-916105 0
