1790393210.955076843 918446 PROBE-server 0
1790393210.955076843 918451 PROBE-server 0
1790393210.955076843 918452 iou-wrk-918446 0
1790393211.159930887 918446 PROBE-server 19
1790393211.159930887 918451 PROBE-server 0
1790393211.159930887 918452 iou-wrk-918446 0
1790393211.364764701 918446 PROBE-server 39
1790393211.364764701 918451 PROBE-server 0
1790393211.364764701 918452 iou-wrk-918446 0
1790393211.570260317 918446 PROBE-server 59
1790393211.570260317 918451 PROBE-server 0
1790393211.570260317 918452 iou-wrk-918446 0
1790393211.775429712 918446 PROBE-server 79
1790393211.775429712 918451 PROBE-server 0
1790393211.775429712 918452 iou-wrk-918446 0
1790393211.981020709 918446 PROBE-server 99
1790393211.981020709 918451 PROBE-server 0
1790393211.981020709 918452 iou-wrk-918446 0
1790393212.186744016 918446 PROBE-server 120
1790393212.186744016 918451 PROBE-server 0
1790393212.186744016 918452 iou-wrk-918446 0
1790393212.392145263 918446 PROBE-server 140
1790393212.392145263 918451 PROBE-server 0
1790393212.392145263 918452 iou-wrk-918446 0
1790393212.597087498 918446 PROBE-server 159
1790393212.597087498 918451 PROBE-server 0
1790393212.597087498 918452 iou-wrk-918446 0
1790393212.802709635 918446 PROBE-server 180
1790393212.802709635 918451 PROBE-server 0
1790393212.802709635 918452 iou-wrk-918446 0
1790393213.008179632 918446 PROBE-server 200
1790393213.008179632 918451 PROBE-server 0
1790393213.008179632 918452 iou-wrk-918446 0
1790393213.213448908 918446 PROBE-server 221
1790393213.213448908 918451 PROBE-server 0
1790393213.213448908 918452 iou-wrk-918446 0
1790393213.418743655 918446 PROBE-server 241
1790393213.418743655 918451 PROBE-server 0
1790393213.418743655 918452 iou-wrk-918446 0
1790393213.623981331 918446 PROBE-server 260
1790393213.623981331 918451 PROBE-server 0
1790393213.623981331 918452 iou-wrk-918446 0
1790393213.829292907 918446 PROBE-server 280
1790393213.829292907 918451 PROBE-server 0
1790393213.829292907 918452 iou-wrk-918446 0
1790393214.034977276 918446 PROBE-server 301
1790393214.034977276 918451 PROBE-server 0
1790393214.034977276 918452 iou-wrk-918446 0
1790393214.240507073 918446 PROBE-server 321
1790393214.240507073 918451 PROBE-server 0
1790393214.240507073 918452 iou-wrk-918446 0
1790393214.446006801 918446 PROBE-server 341
1790393214.446006801 918451 PROBE-server 0
1790393214.446006801 918452 iou-wrk-918446 0
1790393214.651492889 918446 PROBE-server 361
1790393214.651492889 918451 PROBE-server 0
1790393214.651492889 918452 iou-wrk-918446 0
1790393214.856649406 918446 PROBE-server 381
1790393214.856649406 918451 PROBE-server 0
1790393214.856649406 918452 iou-wrk-918446 0
1790393215.062279944 918446 PROBE-server 402
1790393215.062279944 918451 PROBE-server 0
1790393215.062279944 918452 iou-wrk-918446 0
1790393215.268053673 918446 PROBE-server 422
1790393215.268053673 918451 PROBE-server 0
1790393215.268053673 918452 iou-wrk-918446 0
1790393215.473353401 918446 PROBE-server 442
1790393215.473353401 918451 PROBE-server 0
1790393215.473353401 918452 iou-wrk-918446 0
1790393215.679031400 918446 PROBE-server 462
1790393215.679031400 918451 PROBE-server 0
1790393215.679031400 918452 iou-wrk-918446 0
1790393215.884308567 918446 PROBE-server 483
1790393215.884308567 918451 PROBE-server 0
1790393215.884308567 918452 iou-wrk-918446 0
1790393216.089730425 918446 PROBE-server 503
1790393216.089730425 918451 PROBE-server 0
1790393216.089730425 918452 iou-wrk-918446 0
1790393216.295273534 918446 PROBE-server 523
1790393216.295273534 918451 PROBE-server 0
1790393216.295273534 918452 iou-wrk-918446 0
1790393216.500843063 918446 PROBE-server 543
1790393216.500843063 918451 PROBE-server 0
1790393216.500843063 918452 iou-wrk-918446 0
1790393216.706468763 918446 PROBE-server 563
1790393216.706468763 918451 PROBE-server 0
1790393216.706468763 918452 iou-wrk-918446 0
1790393216.911539430 918446 PROBE-server 584
1790393216.911539430 918451 PROBE-server 0
1790393216.911539430 918452 iou-wrk-918446 0
1790393217.116908678 918446 PROBE-server 603
1790393217.116908678 918451 PROBE-server 0
1790393217.116908678 918452 iou-wrk-918446 0
1790393217.322207297 918446 PROBE-server 624
1790393217.322207297 918451 PROBE-server 0
1790393217.322207297 918452 iou-wrk-918446 0
1790393217.527434565 918446 PROBE-server 644
1790393217.527434565 918451 PROBE-server 0
1790393217.527434565 918452 iou-wrk-918446 0
1790393217.733117025 918446 PROBE-server 664
1790393217.733117025 918451 PROBE-server 0
1790393217.733117025 918452 iou-wrk-918446 0
1790393217.937952682 918446 PROBE-server 684
1790393217.937952682 918451 PROBE-server 0
1790393217.937952682 918452 iou-wrk-918446 0
1790393218.143441922 918446 PROBE-server 704
1790393218.143441922 918451 PROBE-server 0
1790393218.143441922 918452 iou-wrk-918446 0
1790393218.348405329 918446 PROBE-server 725
1790393218.348405329 918451 PROBE-server 0
1790393218.348405329 918452 iou-wrk-918446 0
1790393218.553567168 918446 PROBE-server 744
1790393218.553567168 918451 PROBE-server 0
1790393218.553567168 918452 iou-wrk-918446 0
1790393218.758919817 918446 PROBE-server 765
1790393218.758919817 918451 PROBE-server 0
1790393218.758919817 918452 iou-wrk-918446 0
1790393218.963939775 918446 PROBE-server 785
1790393218.963939775 918451 PROBE-server 0
1790393218.963939775 918452 iou-wrk-918446 0
1790393219.169234255 918446 PROBE-server 804
1790393219.169234255 918451 PROBE-server 0
1790393219.169234255 918452 iou-wrk-918446 0
1790393219.374426864 918446 PROBE-server 825
1790393219.374426864 918451 PROBE-server 0
1790393219.374426864 918452 iou-wrk-918446 0
1790393219.579754563 918446 PROBE-server 845
1790393219.579754563 918451 PROBE-server 0
1790393219.579754563 918452 iou-wrk-918446 0
1790393219.785200344 918446 PROBE-server 865
1790393219.785200344 918451 PROBE-server 0
1790393219.785200344 918452 iou-wrk-918446 0
1790393219.990726064 918446 PROBE-server 886
1790393219.990726064 918451 PROBE-server 0
1790393219.990726064 918452 iou-wrk-918446 0
1790393220.196048914 918446 PROBE-server 905
1790393220.196048914 918451 PROBE-server 0
1790393220.196048914 918452 iou-wrk-918446 0
1790393220.400979683 918446 PROBE-server 926
1790393220.400979683 918451 PROBE-server 1
1790393220.400979683 918452 iou-wrk-918446 0
1790393220.605991222 918446 PROBE-server 946
1790393220.605991222 918451 PROBE-server 1
1790393220.605991222 918452 iou-wrk-918446 0
1790393220.811117251 918446 PROBE-server 965
1790393220.811117251 918451 PROBE-server 1
1790393220.811117251 918452 iou-wrk-918446 0
1790393221.016298101 918446 PROBE-server 986
1790393221.016298101 918451 PROBE-server 1
1790393221.016298101 918452 iou-wrk-918446 0
1790393221.221982563 918446 PROBE-server 1006
1790393221.221982563 918451 PROBE-server 1
1790393221.221982563 918452 iou-wrk-918446 0
1790393221.428061156 918446 PROBE-server 1027
1790393221.428061156 918451 PROBE-server 1
1790393221.428061156 918452 iou-wrk-918446 0
1790393221.633762598 918446 PROBE-server 1047
1790393221.633762598 918451 PROBE-server 1
1790393221.633762598 918452 iou-wrk-918446 0
1790393221.839263029 918446 PROBE-server 1067
1790393221.839263029 918451 PROBE-server 1
1790393221.839263029 918452 iou-wrk-918446 0
1790393222.044825911 918446 PROBE-server 1080
1790393222.044825911 918451 PROBE-server 1
1790393222.044825911 918452 iou-wrk-918446 0
1790393222.250808794 918446 PROBE-server 1080
1790393222.250808794 918451 PROBE-server 1
1790393222.250808794 918452 iou-wrk-918446 0
