1790393607.313612126 945876 PROBE-server 0
1790393607.313612126 945881 PROBE-server 0
1790393607.313612126 945882 iou-wrk-945876 0
1790393607.519989955 945876 PROBE-server 11
1790393607.519989955 945881 PROBE-server 10
1790393607.519989955 945882 iou-wrk-945876 0
1790393607.725314480 945876 PROBE-server 24
1790393607.725314480 945881 PROBE-server 22
1790393607.725314480 945882 iou-wrk-945876 0
1790393607.930651404 945876 PROBE-server 35
1790393607.930651404 945881 PROBE-server 33
1790393607.930651404 945882 iou-wrk-945876 0
1790393608.136330790 945876 PROBE-server 48
1790393608.136330790 945881 PROBE-server 45
1790393608.136330790 945882 iou-wrk-945876 0
1790393608.342252867 945876 PROBE-server 61
1790393608.342252867 945881 PROBE-server 57
1790393608.342252867 945882 iou-wrk-945876 0
1790393608.547444481 945876 PROBE-server 74
1790393608.547444481 945881 PROBE-server 68
1790393608.547444481 945882 iou-wrk-945876 0
1790393608.752573105 945876 PROBE-server 86
1790393608.752573105 945881 PROBE-server 80
1790393608.752573105 945882 iou-wrk-945876 0
1790393608.958175181 945876 PROBE-server 98
1790393608.958175181 945881 PROBE-server 91
1790393608.958175181 945882 iou-wrk-945876 0
1790393609.163243795 945876 PROBE-server 111
1790393609.163243795 945881 PROBE-server 102
1790393609.163243795 945882 iou-wrk-945876 0
1790393609.368511339 945876 PROBE-server 122
1790393609.368511339 945881 PROBE-server 114
1790393609.368511339 945882 iou-wrk-945876 0
1790393609.573463353 945876 PROBE-server 136
1790393609.573463353 945881 PROBE-server 126
1790393609.573463353 945882 iou-wrk-945876 0
1790393609.778829148 945876 PROBE-server 147
1790393609.778829148 945881 PROBE-server 137
1790393609.778829148 945882 iou-wrk-945876 0
1790393609.984367593 945876 PROBE-server 159
1790393609.984367593 945881 PROBE-server 149
1790393609.984367593 945882 iou-wrk-945876 0
1790393610.189122356 945876 PROBE-server 172
1790393610.189122356 945881 PROBE-server 160
1790393610.189122356 945882 iou-wrk-945876 0
1790393610.394238390 945876 PROBE-server 184
1790393610.394238390 945881 PROBE-server 171
1790393610.394238390 945882 iou-wrk-945876 0
1790393610.599570795 945876 PROBE-server 196
1790393610.599570795 945881 PROBE-server 182
1790393610.599570795 945882 iou-wrk-945876 0
1790393610.804958441 945876 PROBE-server 209
1790393610.804958441 945881 PROBE-server 195
1790393610.804958441 945882 iou-wrk-945876 0
1790393611.010394446 945876 PROBE-server 221
1790393611.010394446 945881 PROBE-server 207
1790393611.010394446 945882 iou-wrk-945876 0
1790393611.216212884 945876 PROBE-server 234
1790393611.216212884 945881 PROBE-server 218
1790393611.216212884 945882 iou-wrk-945876 0
1790393611.421536469 945876 PROBE-server 246
1790393611.421536469 945881 PROBE-server 230
1790393611.421536469 945882 iou-wrk-945876 0
1790393611.626510823 945876 PROBE-server 257
1790393611.626510823 945881 PROBE-server 240
1790393611.626510823 945882 iou-wrk-945876 0
1790393611.832567032 945876 PROBE-server 270
1790393611.832567032 945881 PROBE-server 251
1790393611.832567032 945882 iou-wrk-945876 0
1790393612.038049398 945876 PROBE-server 282
1790393612.038049398 945881 PROBE-server 263
1790393612.038049398 945882 iou-wrk-945876 0
1790393612.243382643 945876 PROBE-server 294
1790393612.243382643 945881 PROBE-server 275
1790393612.243382643 945882 iou-wrk-945876 0
1790393612.448914770 945876 PROBE-server 306
1790393612.448914770 945881 PROBE-server 286
1790393612.448914770 945882 iou-wrk-945876 0
1790393612.653899074 945876 PROBE-server 319
1790393612.653899074 945881 PROBE-server 298
1790393612.653899074 945882 iou-wrk-945876 0
1790393612.859262550 945876 PROBE-server 332
1790393612.859262550 945881 PROBE-server 308
1790393612.859262550 945882 iou-wrk-945876 0
1790393613.064598335 945876 PROBE-server 344
1790393613.064598335 945881 PROBE-server 321
1790393613.064598335 945882 iou-wrk-945876 0
1790393613.270073412 945876 PROBE-server 356
1790393613.270073412 945881 PROBE-server 332
1790393613.270073412 945882 iou-wrk-945876 0
1790393613.475427428 945876 PROBE-server 369
1790393613.475427428 945881 PROBE-server 343
1790393613.475427428 945882 iou-wrk-945876 0
1790393613.681359616 945876 PROBE-server 382
1790393613.681359616 945881 PROBE-server 355
1790393613.681359616 945882 iou-wrk-945876 0
1790393613.886142809 945876 PROBE-server 394
1790393613.886142809 945881 PROBE-server 367
1790393613.886142809 945882 iou-wrk-945876 0
1790393614.091500655 945876 PROBE-server 407
1790393614.091500655 945881 PROBE-server 379
1790393614.091500655 945882 iou-wrk-945876 0
1790393614.297077682 945876 PROBE-server 418
1790393614.297077682 945881 PROBE-server 390
1790393614.297077682 945882 iou-wrk-945876 0
1790393614.502194298 945876 PROBE-server 431
1790393614.502194298 945881 PROBE-server 402
1790393614.502194298 945882 iou-wrk-945876 0
1790393614.707694395 945876 PROBE-server 443
1790393614.707694395 945881 PROBE-server 412
1790393614.707694395 945882 iou-wrk-945876 0
1790393614.913071161 945876 PROBE-server 456
1790393614.913071161 945881 PROBE-server 424
1790393614.913071161 945882 iou-wrk-945876 0
1790393615.118178466 945876 PROBE-server 469
1790393615.118178466 945881 PROBE-server 436
1790393615.118178466 945882 iou-wrk-945876 0
1790393615.323993684 945876 PROBE-server 480
1790393615.323993684 945881 PROBE-server 447
1790393615.323993684 945882 iou-wrk-945876 0
1790393615.529688422 945876 PROBE-server 493
1790393615.529688422 945881 PROBE-server 459
1790393615.529688422 945882 iou-wrk-945876 0
1790393615.735052578 945876 PROBE-server 505
1790393615.735052578 945881 PROBE-server 471
1790393615.735052578 945882 iou-wrk-945876 0
1790393615.939563381 945876 PROBE-server 518
1790393615.939563381 945881 PROBE-server 482
1790393615.939563381 945882 iou-wrk-945876 0
1790393616.145281739 945876 PROBE-server 529
1790393616.145281739 945881 PROBE-server 493
1790393616.145281739 945882 iou-wrk-945876 0
1790393616.350501075 945876 PROBE-server 542
1790393616.350501075 945881 PROBE-server 504
1790393616.350501075 945882 iou-wrk-945876 0
1790393616.555804292 945876 PROBE-server 553
1790393616.555804292 945881 PROBE-server 516
1790393616.555804292 945882 iou-wrk-945876 0
1790393616.760835467 945876 PROBE-server 565
1790393616.760835467 945881 PROBE-server 528
1790393616.760835467 945882 iou-wrk-945876 0
1790393616.966327574 945876 PROBE-server 578
1790393616.966327574 945881 PROBE-server 539
1790393616.966327574 945882 iou-wrk-945876 0
1790393617.171594681 945876 PROBE-server 590
1790393617.171594681 945881 PROBE-server 550
1790393617.171594681 945882 iou-wrk-945876 0
1790393617.376795587 945876 PROBE-server 603
1790393617.376795587 945881 PROBE-server 562
1790393617.376795587 945882 iou-wrk-945876 0
1790393617.582196594 945876 PROBE-server 615
1790393617.582196594 945881 PROBE-server 574
1790393617.582196594 945882 iou-wrk-945876 0
1790393617.787683831 945876 PROBE-server 627
1790393617.787683831 945881 PROBE-server 585
1790393617.787683831 945882 iou-wrk-945876 0
1790393617.992765407 945876 PROBE-server 640
1790393617.992765407 945881 PROBE-server 597
1790393617.992765407 945882 iou-wrk-945876 0
1790393618.198543846 945876 PROBE-server 652
1790393618.198543846 945881 PROBE-server 609
1790393618.198543846 945882 iou-wrk-945876 0
1790393618.403800672 945876 PROBE-server 660
1790393618.403800672 945881 PROBE-server 616
1790393618.403800672 945882 iou-wrk-945876 0
