1790393351.212362111 926391 PROBE-server 0
1790393351.212362111 926396 PROBE-server 0
1790393351.212362111 926397 iou-wrk-926391 0
1790393351.418954883 926391 PROBE-server 11
1790393351.418954883 926396 PROBE-server 10
1790393351.418954883 926397 iou-wrk-926391 0
1790393351.624868433 926391 PROBE-server 23
1790393351.624868433 926396 PROBE-server 22
1790393351.624868433 926397 iou-wrk-926391 0
1790393351.830297020 926391 PROBE-server 35
1790393351.830297020 926396 PROBE-server 34
1790393351.830297020 926397 iou-wrk-926391 0
1790393352.035480337 926391 PROBE-server 46
1790393352.035480337 926396 PROBE-server 44
1790393352.035480337 926397 iou-wrk-926391 0
1790393352.240583124 926391 PROBE-server 58
1790393352.240583124 926396 PROBE-server 56
1790393352.240583124 926397 iou-wrk-926391 0
1790393352.446274343 926391 PROBE-server 69
1790393352.446274343 926396 PROBE-server 68
1790393352.446274343 926397 iou-wrk-926391 0
1790393352.650822408 926391 PROBE-server 81
1790393352.650822408 926396 PROBE-server 79
1790393352.650822408 926397 iou-wrk-926391 0
1790393352.856271446 926391 PROBE-server 93
1790393352.856271446 926396 PROBE-server 90
1790393352.856271446 926397 iou-wrk-926391 0
1790393353.061671034 926391 PROBE-server 104
1790393353.061671034 926396 PROBE-server 102
1790393353.061671034 926397 iou-wrk-926391 0
1790393353.266782911 926391 PROBE-server 116
1790393353.266782911 926396 PROBE-server 113
1790393353.266782911 926397 iou-wrk-926391 0
1790393353.471483707 926391 PROBE-server 128
1790393353.471483707 926396 PROBE-server 124
1790393353.471483707 926397 iou-wrk-926391 0
1790393353.676750435 926391 PROBE-server 140
1790393353.676750435 926396 PROBE-server 136
1790393353.676750435 926397 iou-wrk-926391 0
1790393353.881903712 926391 PROBE-server 151
1790393353.881903712 926396 PROBE-server 147
1790393353.881903712 926397 iou-wrk-926391 0
1790393354.087245520 926391 PROBE-server 164
1790393354.087245520 926396 PROBE-server 158
1790393354.087245520 926397 iou-wrk-926391 0
1790393354.292367628 926391 PROBE-server 176
1790393354.292367628 926396 PROBE-server 170
1790393354.292367628 926397 iou-wrk-926391 0
1790393354.497420525 926391 PROBE-server 187
1790393354.497420525 926396 PROBE-server 182
1790393354.497420525 926397 iou-wrk-926391 0
1790393354.702597233 926391 PROBE-server 199
1790393354.702597233 926396 PROBE-server 193
1790393354.702597233 926397 iou-wrk-926391 0
1790393354.907884992 926391 PROBE-server 211
1790393354.907884992 926396 PROBE-server 205
1790393354.907884992 926397 iou-wrk-926391 0
1790393355.112797669 926391 PROBE-server 223
1790393355.112797669 926396 PROBE-server 216
1790393355.112797669 926397 iou-wrk-926391 0
1790393355.317319264 926391 PROBE-server 234
1790393355.317319264 926396 PROBE-server 227
1790393355.317319264 926397 iou-wrk-926391 0
1790393355.521506428 926391 PROBE-server 247
1790393355.521506428 926396 PROBE-server 239
1790393355.521506428 926397 iou-wrk-926391 0
1790393355.726502656 926391 PROBE-server 258
1790393355.726502656 926396 PROBE-server 250
1790393355.726502656 926397 iou-wrk-926391 0
1790393355.932110116 926391 PROBE-server 270
1790393355.932110116 926396 PROBE-server 261
1790393355.932110116 926397 iou-wrk-926391 0
1790393356.137034933 926391 PROBE-server 281
1790393356.137034933 926396 PROBE-server 273
1790393356.137034933 926397 iou-wrk-926391 0
1790393356.342585233 926391 PROBE-server 294
1790393356.342585233 926396 PROBE-server 284
1790393356.342585233 926397 iou-wrk-926391 0
1790393356.548266424 926391 PROBE-server 305
1790393356.548266424 926396 PROBE-server 296
1790393356.548266424 926397 iou-wrk-926391 0
1790393356.753591873 926391 PROBE-server 317
1790393356.753591873 926396 PROBE-server 307
1790393356.753591873 926397 iou-wrk-926391 0
1790393356.959275644 926391 PROBE-server 329
1790393356.959275644 926396 PROBE-server 319
1790393356.959275644 926397 iou-wrk-926391 0
1790393357.164337272 926391 PROBE-server 342
1790393357.164337272 926396 PROBE-server 331
1790393357.164337272 926397 iou-wrk-926391 0
1790393357.369442311 926391 PROBE-server 353
1790393357.369442311 926396 PROBE-server 343
1790393357.369442311 926397 iou-wrk-926391 0
1790393357.574971361 926391 PROBE-server 366
1790393357.574971361 926396 PROBE-server 355
1790393357.574971361 926397 iou-wrk-926391 0
1790393357.780038490 926391 PROBE-server 379
1790393357.780038490 926396 PROBE-server 366
1790393357.780038490 926397 iou-wrk-926391 0
1790393357.985653021 926391 PROBE-server 390
1790393357.985653021 926396 PROBE-server 377
1790393357.985653021 926397 iou-wrk-926391 0
1790393358.190697390 926391 PROBE-server 402
1790393358.190697390 926396 PROBE-server 388
1790393358.190697390 926397 iou-wrk-926391 0
1790393358.396293201 926391 PROBE-server 413
1790393358.396293201 926396 PROBE-server 399
1790393358.396293201 926397 iou-wrk-926391 0
1790393358.601401450 926391 PROBE-server 425
1790393358.601401450 926396 PROBE-server 411
1790393358.601401450 926397 iou-wrk-926391 0
1790393358.806379598 926391 PROBE-server 437
1790393358.806379598 926396 PROBE-server 423
1790393358.806379598 926397 iou-wrk-926391 0
1790393359.011466437 926391 PROBE-server 449
1790393359.011466437 926396 PROBE-server 434
1790393359.011466437 926397 iou-wrk-926391 0
1790393359.216568307 926391 PROBE-server 461
1790393359.216568307 926396 PROBE-server 445
1790393359.216568307 926397 iou-wrk-926391 0
1790393359.421267125 926391 PROBE-server 473
1790393359.421267125 926396 PROBE-server 457
1790393359.421267125 926397 iou-wrk-926391 0
1790393359.626178653 926391 PROBE-server 485
1790393359.626178653 926396 PROBE-server 468
1790393359.626178653 926397 iou-wrk-926391 0
1790393359.831794245 926391 PROBE-server 497
1790393359.831794245 926396 PROBE-server 480
1790393359.831794245 926397 iou-wrk-926391 0
1790393360.037193805 926391 PROBE-server 509
1790393360.037193805 926396 PROBE-server 491
1790393360.037193805 926397 iou-wrk-926391 0
1790393360.242146315 926391 PROBE-server 521
1790393360.242146315 926396 PROBE-server 503
1790393360.242146315 926397 iou-wrk-926391 0
1790393360.447422175 926391 PROBE-server 533
1790393360.447422175 926396 PROBE-server 514
1790393360.447422175 926397 iou-wrk-926391 0
1790393360.652853016 926391 PROBE-server 544
1790393360.652853016 926396 PROBE-server 526
1790393360.652853016 926397 iou-wrk-926391 0
1790393360.858157707 926391 PROBE-server 556
1790393360.858157707 926396 PROBE-server 538
1790393360.858157707 926397 iou-wrk-926391 0
1790393361.063543878 926391 PROBE-server 569
1790393361.063543878 926396 PROBE-server 550
1790393361.063543878 926397 iou-wrk-926391 0
1790393361.268376407 926391 PROBE-server 581
1790393361.268376407 926396 PROBE-server 561
1790393361.268376407 926397 iou-wrk-926391 0
1790393361.473524077 926391 PROBE-server 593
1790393361.473524077 926396 PROBE-server 572
1790393361.473524077 926397 iou-wrk-926391 0
1790393361.678714288 926391 PROBE-server 605
1790393361.678714288 926396 PROBE-server 585
1790393361.678714288 926397 iou-wrk-926391 0
1790393361.883736168 926391 PROBE-server 617
1790393361.883736168 926396 PROBE-server 597
1790393361.883736168 926397 iou-wrk-926391 0
1790393362.089581051 926391 PROBE-server 629
1790393362.089581051 926396 PROBE-server 608
1790393362.089581051 926397 iou-wrk-926391 0
1790393362.294530981 926391 PROBE-server 636
1790393362.294530981 926396 PROBE-server 615
1790393362.294530981 926397 iou-wrk-926391 0
