1790393055.297102248 906768 PROBE-server 0
1790393055.297102248 906773 PROBE-server 0
1790393055.297102248 906774 iou-wrk-906768 0
1790393055.503635136 906768 PROBE-server 19
1790393055.503635136 906773 PROBE-server 0
1790393055.503635136 906774 iou-wrk-906768 0
1790393055.709574911 906768 PROBE-server 40
1790393055.709574911 906773 PROBE-server 0
1790393055.709574911 906774 iou-wrk-906768 0
1790393055.914982445 906768 PROBE-server 59
1790393055.914982445 906773 PROBE-server 0
1790393055.914982445 906774 iou-wrk-906768 0
1790393056.120571920 906768 PROBE-server 80
1790393056.120571920 906773 PROBE-server 0
1790393056.120571920 906774 iou-wrk-906768 0
1790393056.326012016 906768 PROBE-server 100
1790393056.326012016 906773 PROBE-server 0
1790393056.326012016 906774 iou-wrk-906768 0
1790393056.531660221 906768 PROBE-server 120
1790393056.531660221 906773 PROBE-server 0
1790393056.531660221 906774 iou-wrk-906768 0
1790393056.737269696 906768 PROBE-server 140
1790393056.737269696 906773 PROBE-server 0
1790393056.737269696 906774 iou-wrk-906768 0
1790393056.942694971 906768 PROBE-server 161
1790393056.942694971 906773 PROBE-server 0
1790393056.942694971 906774 iou-wrk-906768 0
1790393057.147980236 906768 PROBE-server 180
1790393057.147980236 906773 PROBE-server 0
1790393057.147980236 906774 iou-wrk-906768 0
1790393057.353292991 906768 PROBE-server 201
1790393057.353292991 906773 PROBE-server 0
1790393057.353292991 906774 iou-wrk-906768 0
1790393057.558653547 906768 PROBE-server 220
1790393057.558653547 906773 PROBE-server 0
1790393057.558653547 906774 iou-wrk-906768 0
1790393057.764053752 906768 PROBE-server 240
1790393057.764053752 906773 PROBE-server 0
1790393057.764053752 906774 iou-wrk-906768 0
1790393057.969477407 906768 PROBE-server 261
1790393057.969477407 906773 PROBE-server 0
1790393057.969477407 906774 iou-wrk-906768 0
1790393058.175100394 906768 PROBE-server 282
1790393058.175100394 906773 PROBE-server 0
1790393058.175100394 906774 iou-wrk-906768 0
1790393058.380774451 906768 PROBE-server 302
1790393058.380774451 906773 PROBE-server 0
1790393058.380774451 906774 iou-wrk-906768 0
1790393058.586154787 906768 PROBE-server 321
1790393058.586154787 906773 PROBE-server 0
1790393058.586154787 906774 iou-wrk-906768 0
1790393058.791194183 906768 PROBE-server 342
1790393058.791194183 906773 PROBE-server 0
1790393058.791194183 906774 iou-wrk-906768 0
1790393058.995944596 906768 PROBE-server 361
1790393058.995944596 906773 PROBE-server 0
1790393058.995944596 906774 iou-wrk-906768 0
1790393059.201717074 906768 PROBE-server 382
1790393059.201717074 906773 PROBE-server 0
1790393059.201717074 906774 iou-wrk-906768 0
1790393059.407103011 906768 PROBE-server 403
1790393059.407103011 906773 PROBE-server 0
1790393059.407103011 906774 iou-wrk-906768 0
1790393059.612661618 906768 PROBE-server 422
1790393059.612661618 906773 PROBE-server 0
1790393059.612661618 906774 iou-wrk-906768 0
1790393059.818010775 906768 PROBE-server 442
1790393059.818010775 906773 PROBE-server 0
1790393059.818010775 906774 iou-wrk-906768 0
1790393060.023964594 906768 PROBE-server 462
1790393060.023964594 906773 PROBE-server 0
1790393060.023964594 906774 iou-wrk-906768 0
1790393060.229429201 906768 PROBE-server 483
1790393060.229429201 906773 PROBE-server 0
1790393060.229429201 906774 iou-wrk-906768 0
1790393060.434847049 906768 PROBE-server 503
1790393060.434847049 906773 PROBE-server 0
1790393060.434847049 906774 iou-wrk-906768 0
1790393060.639857735 906768 PROBE-server 523
1790393060.639857735 906773 PROBE-server 0
1790393060.639857735 906774 iou-wrk-906768 0
1790393060.845614574 906768 PROBE-server 543
1790393060.845614574 906773 PROBE-server 0
1790393060.845614574 906774 iou-wrk-906768 0
1790393061.050764731 906768 PROBE-server 564
1790393061.050764731 906773 PROBE-server 0
1790393061.050764731 906774 iou-wrk-906768 0
1790393061.255711877 906768 PROBE-server 584
1790393061.255711877 906773 PROBE-server 0
1790393061.255711877 906774 iou-wrk-906768 0
1790393061.461548327 906768 PROBE-server 604
1790393061.461548327 906773 PROBE-server 0
1790393061.461548327 906774 iou-wrk-906768 0
1790393061.667135476 906768 PROBE-server 624
1790393061.667135476 906773 PROBE-server 0
1790393061.667135476 906774 iou-wrk-906768 0
1790393061.872281333 906768 PROBE-server 644
1790393061.872281333 906773 PROBE-server 0
1790393061.872281333 906774 iou-wrk-906768 0
1790393062.077338970 906768 PROBE-server 664
1790393062.077338970 906773 PROBE-server 0
1790393062.077338970 906774 iou-wrk-906768 0
1790393062.282643539 906768 PROBE-server 684
1790393062.282643539 906773 PROBE-server 1
1790393062.282643539 906774 iou-wrk-906768 0
1790393062.488073318 906768 PROBE-server 705
1790393062.488073318 906773 PROBE-server 1
1790393062.488073318 906774 iou-wrk-906768 0
1790393062.693260996 906768 PROBE-server 724
1790393062.693260996 906773 PROBE-server 1
1790393062.693260996 906774 iou-wrk-906768 0
1790393062.898784805 906768 PROBE-server 745
1790393062.898784805 906773 PROBE-server 1
1790393062.898784805 906774 iou-wrk-906768 0
1790393063.103895023 906768 PROBE-server 765
1790393063.103895023 906773 PROBE-server 1
1790393063.103895023 906774 iou-wrk-906768 0
1790393063.308958161 906768 PROBE-server 785
1790393063.308958161 906773 PROBE-server 1
1790393063.308958161 906774 iou-wrk-906768 0
1790393063.514340031 906768 PROBE-server 805
1790393063.514340031 906773 PROBE-server 1
1790393063.514340031 906774 iou-wrk-906768 0
1790393063.720167422 906768 PROBE-server 825
1790393063.720167422 906773 PROBE-server 1
1790393063.720167422 906774 iou-wrk-906768 0
1790393063.925726092 906768 PROBE-server 846
1790393063.925726092 906773 PROBE-server 1
1790393063.925726092 906774 iou-wrk-906768 0
1790393064.130870051 906768 PROBE-server 865
1790393064.130870051 906773 PROBE-server 1
1790393064.130870051 906774 iou-wrk-906768 0
1790393064.335966490 906768 PROBE-server 886
1790393064.335966490 906773 PROBE-server 1
1790393064.335966490 906774 iou-wrk-906768 0
1790393064.541256190 906768 PROBE-server 906
1790393064.541256190 906773 PROBE-server 1
1790393064.541256190 906774 iou-wrk-906768 0
1790393064.746449419 906768 PROBE-server 927
1790393064.746449419 906773 PROBE-server 1
1790393064.746449419 906774 iou-wrk-906768 0
1790393064.951912630 906768 PROBE-server 946
1790393064.951912630 906773 PROBE-server 1
1790393064.951912630 906774 iou-wrk-906768 0
1790393065.157044569 906768 PROBE-server 966
1790393065.157044569 906773 PROBE-server 1
1790393065.157044569 906774 iou-wrk-906768 0
1790393065.362626671 906768 PROBE-server 987
1790393065.362626671 906773 PROBE-server 1
1790393065.362626671 906774 iou-wrk-906768 0
1790393065.568116012 906768 PROBE-server 1007
1790393065.568116012 906773 PROBE-server 1
1790393065.568116012 906774 iou-wrk-906768 0
1790393065.773523753 906768 PROBE-server 1027
1790393065.773523753 906773 PROBE-server 1
1790393065.773523753 906774 iou-wrk-906768 0
1790393065.979178405 906768 PROBE-server 1047
1790393065.979178405 906773 PROBE-server 1
1790393065.979178405 906774 iou-wrk-906768 0
1790393066.184246255 906768 PROBE-server 1067
1790393066.184246255 906773 PROBE-server 1
1790393066.184246255 906774 iou-wrk-906768 0
1790393066.389304815 906768 PROBE-server 1080
1790393066.389304815 906773 PROBE-server 1
1790393066.389304815 906774 iou-wrk-906768 0
1790393066.594992198 906768 PROBE-server 1080
1790393066.594992198 906773 PROBE-server 1
1790393066.594992198 906774 iou-wrk-906768 0
