1790393407.001417040 930549 PROBE-server 0
1790393407.001417040 930554 PROBE-server 0
1790393407.001417040 930555 iou-wrk-930549 0
1790393407.207683321 930549 PROBE-server 11
1790393407.207683321 930554 PROBE-server 11
1790393407.207683321 930555 iou-wrk-930549 0
1790393407.414323954 930549 PROBE-server 22
1790393407.414323954 930554 PROBE-server 22
1790393407.414323954 930555 iou-wrk-930549 0
1790393407.619837723 930549 PROBE-server 34
1790393407.619837723 930554 PROBE-server 34
1790393407.619837723 930555 iou-wrk-930549 0
1790393407.824505058 930549 PROBE-server 46
1790393407.824505058 930554 PROBE-server 45
1790393407.824505058 930555 iou-wrk-930549 0
1790393408.030058286 930549 PROBE-server 57
1790393408.030058286 930554 PROBE-server 56
1790393408.030058286 930555 iou-wrk-930549 0
1790393408.235295214 930549 PROBE-server 69
1790393408.235295214 930554 PROBE-server 68
1790393408.235295214 930555 iou-wrk-930549 0
1790393408.440795812 930549 PROBE-server 80
1790393408.440795812 930554 PROBE-server 79
1790393408.440795812 930555 iou-wrk-930549 0
1790393408.646506632 930549 PROBE-server 91
1790393408.646506632 930554 PROBE-server 90
1790393408.646506632 930555 iou-wrk-930549 0
1790393408.852197961 930549 PROBE-server 104
1790393408.852197961 930554 PROBE-server 102
1790393408.852197961 930555 iou-wrk-930549 0
1790393409.057160158 930549 PROBE-server 116
1790393409.057160158 930554 PROBE-server 114
1790393409.057160158 930555 iou-wrk-930549 0
1790393409.262637897 930549 PROBE-server 127
1790393409.262637897 930554 PROBE-server 125
1790393409.262637897 930555 iou-wrk-930549 0
1790393409.468275946 930549 PROBE-server 139
1790393409.468275946 930554 PROBE-server 137
1790393409.468275946 930555 iou-wrk-930549 0
1790393409.673118203 930549 PROBE-server 151
1790393409.673118203 930554 PROBE-server 148
1790393409.673118203 930555 iou-wrk-930549 0
1790393409.878338461 930549 PROBE-server 162
1790393409.878338461 930554 PROBE-server 160
1790393409.878338461 930555 iou-wrk-930549 0
1790393410.083457858 930549 PROBE-server 174
1790393410.083457858 930554 PROBE-server 172
1790393410.083457858 930555 iou-wrk-930549 0
1790393410.288579456 930549 PROBE-server 185
1790393410.288579456 930554 PROBE-server 184
1790393410.288579456 930555 iou-wrk-930549 0
1790393410.493724674 930549 PROBE-server 197
1790393410.493724674 930554 PROBE-server 194
1790393410.493724674 930555 iou-wrk-930549 0
1790393410.698704301 930549 PROBE-server 208
1790393410.698704301 930554 PROBE-server 206
1790393410.698704301 930555 iou-wrk-930549 0
1790393410.904225231 930549 PROBE-server 221
1790393410.904225231 930554 PROBE-server 218
1790393410.904225231 930555 iou-wrk-930549 0
1790393411.109457739 930549 PROBE-server 232
1790393411.109457739 930554 PROBE-server 230
1790393411.109457739 930555 iou-wrk-930549 0
1790393411.314436936 930549 PROBE-server 244
1790393411.314436936 930554 PROBE-server 241
1790393411.314436936 930555 iou-wrk-930549 0
1790393411.519973596 930549 PROBE-server 255
1790393411.519973596 930554 PROBE-server 252
1790393411.519973596 930555 iou-wrk-930549 0
1790393411.724746723 930549 PROBE-server 267
1790393411.724746723 930554 PROBE-server 264
1790393411.724746723 930555 iou-wrk-930549 0
1790393411.929691760 930549 PROBE-server 279
1790393411.929691760 930554 PROBE-server 275
1790393411.929691760 930555 iou-wrk-930549 0
1790393412.134942679 930549 PROBE-server 290
1790393412.134942679 930554 PROBE-server 286
1790393412.134942679 930555 iou-wrk-930549 0
1790393412.340229329 930549 PROBE-server 301
1790393412.340229329 930554 PROBE-server 297
1790393412.340229329 930555 iou-wrk-930549 0
1790393412.545729868 930549 PROBE-server 313
1790393412.545729868 930554 PROBE-server 309
1790393412.545729868 930555 iou-wrk-930549 0
1790393412.750843077 930549 PROBE-server 325
1790393412.750843077 930554 PROBE-server 320
1790393412.750843077 930555 iou-wrk-930549 0
1790393412.955975696 930549 PROBE-server 336
1790393412.955975696 930554 PROBE-server 331
1790393412.955975696 930555 iou-wrk-930549 0
1790393413.161121554 930549 PROBE-server 347
1790393413.161121554 930554 PROBE-server 342
1790393413.161121554 930555 iou-wrk-930549 0
1790393413.366202993 930549 PROBE-server 359
1790393413.366202993 930554 PROBE-server 354
1790393413.366202993 930555 iou-wrk-930549 0
1790393413.570969860 930549 PROBE-server 372
1790393413.570969860 930554 PROBE-server 365
1790393413.570969860 930555 iou-wrk-930549 0
1790393413.775655627 930549 PROBE-server 383
1790393413.775655627 930554 PROBE-server 377
1790393413.775655627 930555 iou-wrk-930549 0
1790393413.980113313 930549 PROBE-server 394
1790393413.980113313 930554 PROBE-server 388
1790393413.980113313 930555 iou-wrk-930549 0
1790393414.185558074 930549 PROBE-server 406
1790393414.185558074 930554 PROBE-server 399
1790393414.185558074 930555 iou-wrk-930549 0
1790393414.390568493 930549 PROBE-server 417
1790393414.390568493 930554 PROBE-server 412
1790393414.390568493 930555 iou-wrk-930549 0
1790393414.595998133 930549 PROBE-server 429
1790393414.595998133 930554 PROBE-server 422
1790393414.595998133 930555 iou-wrk-930549 0
1790393414.801141532 930549 PROBE-server 440
1790393414.801141532 930554 PROBE-server 433
1790393414.801141532 930555 iou-wrk-930549 0
1790393415.005599189 930549 PROBE-server 452
1790393415.005599189 930554 PROBE-server 445
1790393415.005599189 930555 iou-wrk-930549 0
1790393415.210099006 930549 PROBE-server 463
1790393415.210099006 930554 PROBE-server 457
1790393415.210099006 930555 iou-wrk-930549 0
1790393415.415147935 930549 PROBE-server 475
1790393415.415147935 930554 PROBE-server 468
1790393415.415147935 930555 iou-wrk-930549 0
1790393415.620464795 930549 PROBE-server 487
1790393415.620464795 930554 PROBE-server 479
1790393415.620464795 930555 iou-wrk-930549 0
1790393415.826194407 930549 PROBE-server 499
1790393415.826194407 930554 PROBE-server 491
1790393415.826194407 930555 iou-wrk-930549 0
1790393416.031085086 930549 PROBE-server 511
1790393416.031085086 930554 PROBE-server 503
1790393416.031085086 930555 iou-wrk-930549 0
1790393416.235631603 930549 PROBE-server 522
1790393416.235631603 930554 PROBE-server 515
1790393416.235631603 930555 iou-wrk-930549 0
1790393416.440514752 930549 PROBE-server 534
1790393416.440514752 930554 PROBE-server 526
1790393416.440514752 930555 iou-wrk-930549 0
1790393416.645388781 930549 PROBE-server 545
1790393416.645388781 930554 PROBE-server 538
1790393416.645388781 930555 iou-wrk-930549 0
1790393416.850019569 930549 PROBE-server 558
1790393416.850019569 930554 PROBE-server 549
1790393416.850019569 930555 iou-wrk-930549 0
1790393417.055338819 930549 PROBE-server 570
1790393417.055338819 930554 PROBE-server 561
1790393417.055338819 930555 iou-wrk-930549 0
1790393417.260601690 930549 PROBE-server 581
1790393417.260601690 930554 PROBE-server 573
1790393417.260601690 930555 iou-wrk-930549 0
1790393417.466132652 930549 PROBE-server 592
1790393417.466132652 930554 PROBE-server 584
1790393417.466132652 930555 iou-wrk-930549 0
1790393417.671229852 930549 PROBE-server 604
1790393417.671229852 930554 PROBE-server 596
1790393417.671229852 930555 iou-wrk-930549 0
1790393417.875629399 930549 PROBE-server 616
1790393417.875629399 930554 PROBE-server 608
1790393417.875629399 930555 iou-wrk-930549 0
1790393418.080721909 930549 PROBE-server 624
1790393418.080721909 930554 PROBE-server 616
1790393418.080721909 930555 iou-wrk-930549 0
