1790393043.943813616 905735 PROBE-server 0
1790393043.943813616 905740 PROBE-server 0
1790393043.943813616 905741 iou-wrk-905735 0
1790393044.149988824 905735 PROBE-server 11
1790393044.149988824 905740 PROBE-server 10
1790393044.149988824 905741 iou-wrk-905735 0
1790393044.356290594 905735 PROBE-server 24
1790393044.356290594 905740 PROBE-server 20
1790393044.356290594 905741 iou-wrk-905735 0
1790393044.561518240 905735 PROBE-server 36
1790393044.561518240 905740 PROBE-server 31
1790393044.561518240 905741 iou-wrk-905735 0
1790393044.766287924 905735 PROBE-server 47
1790393044.766287924 905740 PROBE-server 42
1790393044.766287924 905741 iou-wrk-905735 0
1790393044.972024412 905735 PROBE-server 60
1790393044.972024412 905740 PROBE-server 53
1790393044.972024412 905741 iou-wrk-905735 0
1790393045.177483939 905735 PROBE-server 72
1790393045.177483939 905740 PROBE-server 64
1790393045.177483939 905741 iou-wrk-905735 0
1790393045.383386958 905735 PROBE-server 84
1790393045.383386958 905740 PROBE-server 75
1790393045.383386958 905741 iou-wrk-905735 0
1790393045.588976855 905735 PROBE-server 96
1790393045.588976855 905740 PROBE-server 86
1790393045.588976855 905741 iou-wrk-905735 0
1790393045.794237532 905735 PROBE-server 108
1790393045.794237532 905740 PROBE-server 96
1790393045.794237532 905741 iou-wrk-905735 0
1790393046.000022041 905735 PROBE-server 121
1790393046.000022041 905740 PROBE-server 107
1790393046.000022041 905741 iou-wrk-905735 0
1790393046.205068367 905735 PROBE-server 133
1790393046.205068367 905740 PROBE-server 118
1790393046.205068367 905741 iou-wrk-905735 0
1790393046.410426265 905735 PROBE-server 145
1790393046.410426265 905740 PROBE-server 128
1790393046.410426265 905741 iou-wrk-905735 0
1790393046.615209281 905735 PROBE-server 157
1790393046.615209281 905740 PROBE-server 139
1790393046.615209281 905741 iou-wrk-905735 0
1790393046.820067717 905735 PROBE-server 169
1790393046.820067717 905740 PROBE-server 150
1790393046.820067717 905741 iou-wrk-905735 0
1790393047.025073124 905735 PROBE-server 182
1790393047.025073124 905740 PROBE-server 161
1790393047.025073124 905741 iou-wrk-905735 0
1790393047.229806280 905735 PROBE-server 194
1790393047.229806280 905740 PROBE-server 172
1790393047.229806280 905741 iou-wrk-905735 0
1790393047.435209949 905735 PROBE-server 206
1790393047.435209949 905740 PROBE-server 182
1790393047.435209949 905741 iou-wrk-905735 0
1790393047.640573007 905735 PROBE-server 219
1790393047.640573007 905740 PROBE-server 192
1790393047.640573007 905741 iou-wrk-905735 0
1790393047.845600735 905735 PROBE-server 231
1790393047.845600735 905740 PROBE-server 203
1790393047.845600735 905741 iou-wrk-905735 0
1790393048.050316541 905735 PROBE-server 243
1790393048.050316541 905740 PROBE-server 214
1790393048.050316541 905741 iou-wrk-905735 0
1790393048.255928121 905735 PROBE-server 256
1790393048.255928121 905740 PROBE-server 225
1790393048.255928121 905741 iou-wrk-905735 0
1790393048.460709818 905735 PROBE-server 267
1790393048.460709818 905740 PROBE-server 236
1790393048.460709818 905741 iou-wrk-905735 0
1790393048.665367465 905735 PROBE-server 280
1790393048.665367465 905740 PROBE-server 247
1790393048.665367465 905741 iou-wrk-905735 0
1790393048.870767624 905735 PROBE-server 292
1790393048.870767624 905740 PROBE-server 258
1790393048.870767624 905741 iou-wrk-905735 0
1790393049.076003123 905735 PROBE-server 305
1790393049.076003123 905740 PROBE-server 268
1790393049.076003123 905741 iou-wrk-905735 0
1790393049.281873275 905735 PROBE-server 317
1790393049.281873275 905740 PROBE-server 279
1790393049.281873275 905741 iou-wrk-905735 0
1790393049.487618876 905735 PROBE-server 329
1790393049.487618876 905740 PROBE-server 290
1790393049.487618876 905741 iou-wrk-905735 0
1790393049.692979216 905735 PROBE-server 341
1790393049.692979216 905740 PROBE-server 300
1790393049.692979216 905741 iou-wrk-905735 0
1790393049.898251435 905735 PROBE-server 353
1790393049.898251435 905740 PROBE-server 312
1790393049.898251435 905741 iou-wrk-905735 0
1790393050.103597235 905735 PROBE-server 366
1790393050.103597235 905740 PROBE-server 323
1790393050.103597235 905741 iou-wrk-905735 0
1790393050.308964866 905735 PROBE-server 378
1790393050.308964866 905740 PROBE-server 333
1790393050.308964866 905741 iou-wrk-905735 0
1790393050.514619397 905735 PROBE-server 390
1790393050.514619397 905740 PROBE-server 343
1790393050.514619397 905741 iou-wrk-905735 0
1790393050.719482386 905735 PROBE-server 402
1790393050.719482386 905740 PROBE-server 355
1790393050.719482386 905741 iou-wrk-905735 0
1790393050.924854387 905735 PROBE-server 415
1790393050.924854387 905740 PROBE-server 365
1790393050.924854387 905741 iou-wrk-905735 0
1790393051.130176938 905735 PROBE-server 427
1790393051.130176938 905740 PROBE-server 376
1790393051.130176938 905741 iou-wrk-905735 0
1790393051.335965330 905735 PROBE-server 439
1790393051.335965330 905740 PROBE-server 387
1790393051.335965330 905741 iou-wrk-905735 0
1790393051.540997490 905735 PROBE-server 451
1790393051.540997490 905740 PROBE-server 398
1790393051.540997490 905741 iou-wrk-905735 0
1790393051.745749540 905735 PROBE-server 464
1790393051.745749540 905740 PROBE-server 408
1790393051.745749540 905741 iou-wrk-905735 0
1790393051.951430582 905735 PROBE-server 476
1790393051.951430582 905740 PROBE-server 419
1790393051.951430582 905741 iou-wrk-905735 0
1790393052.156745063 905735 PROBE-server 488
1790393052.156745063 905740 PROBE-server 430
1790393052.156745063 905741 iou-wrk-905735 0
1790393052.361347863 905735 PROBE-server 501
1790393052.361347863 905740 PROBE-server 441
1790393052.361347863 905741 iou-wrk-905735 0
1790393052.567747798 905735 PROBE-server 513
1790393052.567747798 905740 PROBE-server 452
1790393052.567747798 905741 iou-wrk-905735 0
1790393052.773308391 905735 PROBE-server 525
1790393052.773308391 905740 PROBE-server 462
1790393052.773308391 905741 iou-wrk-905735 0
1790393052.978995004 905735 PROBE-server 537
1790393052.978995004 905740 PROBE-server 473
1790393052.978995004 905741 iou-wrk-905735 0
1790393053.184133275 905735 PROBE-server 550
1790393053.184133275 905740 PROBE-server 485
1790393053.184133275 905741 iou-wrk-905735 0
1790393053.389499258 905735 PROBE-server 561
1790393053.389499258 905740 PROBE-server 496
1790393053.389499258 905741 iou-wrk-905735 0
1790393053.595214552 905735 PROBE-server 574
1790393053.595214552 905740 PROBE-server 507
1790393053.595214552 905741 iou-wrk-905735 0
1790393053.800928075 905735 PROBE-server 586
1790393053.800928075 905740 PROBE-server 517
1790393053.800928075 905741 iou-wrk-905735 0
1790393054.006039127 905735 PROBE-server 598
1790393054.006039127 905740 PROBE-server 528
1790393054.006039127 905741 iou-wrk-905735 0
1790393054.211076689 905735 PROBE-server 611
1790393054.211076689 905740 PROBE-server 539
1790393054.211076689 905741 iou-wrk-905735 0
1790393054.415838651 905735 PROBE-server 623
1790393054.415838651 905740 PROBE-server 549
1790393054.415838651 905741 iou-wrk-905735 0
1790393054.621137794 905735 PROBE-server 635
1790393054.621137794 905740 PROBE-server 560
1790393054.621137794 905741 iou-wrk-905735 0
1790393054.826959568 905735 PROBE-server 647
1790393054.826959568 905740 PROBE-server 570
1790393054.826959568 905741 iou-wrk-905735 0
1790393055.032563663 905735 PROBE-server 655
1790393055.032563663 905740 PROBE-server 577
1790393055.032563663 905741 iou-wrk-905735 0
