1790393066.860108804 907806 PROBE-server 0
1790393066.860108804 907811 PROBE-server 0
1790393066.860108804 907812 iou-wrk-907806 0
1790393067.066384829 907806 PROBE-server 1
1790393067.066384829 907811 PROBE-server 10
1790393067.066384829 907812 iou-wrk-907806 0
1790393067.272420713 907806 PROBE-server 3
1790393067.272420713 907811 PROBE-server 21
1790393067.272420713 907812 iou-wrk-907806 0
1790393067.477427564 907806 PROBE-server 4
1790393067.477427564 907811 PROBE-server 32
1790393067.477427564 907812 iou-wrk-907806 0
1790393067.682988417 907806 PROBE-server 7
1790393067.682988417 907811 PROBE-server 43
1790393067.682988417 907812 iou-wrk-907806 0
1790393067.888311289 907806 PROBE-server 8
1790393067.888311289 907811 PROBE-server 54
1790393067.888311289 907812 iou-wrk-907806 0
1790393068.093582441 907806 PROBE-server 10
1790393068.093582441 907811 PROBE-server 65
1790393068.093582441 907812 iou-wrk-907806 0
1790393068.299248845 907806 PROBE-server 11
1790393068.299248845 907811 PROBE-server 76
1790393068.299248845 907812 iou-wrk-907806 0
1790393068.504657257 907806 PROBE-server 14
1790393068.504657257 907811 PROBE-server 87
1790393068.504657257 907812 iou-wrk-907806 0
1790393068.710518562 907806 PROBE-server 15
1790393068.710518562 907811 PROBE-server 98
1790393068.710518562 907812 iou-wrk-907806 0
1790393068.916229856 907806 PROBE-server 17
1790393068.916229856 907811 PROBE-server 109
1790393068.916229856 907812 iou-wrk-907806 0
1790393069.121224638 907806 PROBE-server 18
1790393069.121224638 907811 PROBE-server 120
1790393069.121224638 907812 iou-wrk-907806 0
1790393069.326797932 907806 PROBE-server 21
1790393069.326797932 907811 PROBE-server 130
1790393069.326797932 907812 iou-wrk-907806 0
1790393069.532178045 907806 PROBE-server 22
1790393069.532178045 907811 PROBE-server 141
1790393069.532178045 907812 iou-wrk-907806 0
1790393069.737590688 907806 PROBE-server 24
1790393069.737590688 907811 PROBE-server 152
1790393069.737590688 907812 iou-wrk-907806 0
1790393069.942835762 907806 PROBE-server 25
1790393069.942835762 907811 PROBE-server 164
1790393069.942835762 907812 iou-wrk-907806 0
1790393070.148125945 907806 PROBE-server 27
1790393070.148125945 907811 PROBE-server 175
1790393070.148125945 907812 iou-wrk-907806 0
1790393070.353721170 907806 PROBE-server 29
1790393070.353721170 907811 PROBE-server 186
1790393070.353721170 907812 iou-wrk-907806 0
1790393070.559084874 907806 PROBE-server 30
1790393070.559084874 907811 PROBE-server 197
1790393070.559084874 907812 iou-wrk-907806 0
1790393070.764713069 907806 PROBE-server 32
1790393070.764713069 907811 PROBE-server 208
1790393070.764713069 907812 iou-wrk-907806 0
1790393070.970201283 907806 PROBE-server 34
1790393070.970201283 907811 PROBE-server 219
1790393070.970201283 907812 iou-wrk-907806 0
1790393071.175449318 907806 PROBE-server 36
1790393071.175449318 907811 PROBE-server 229
1790393071.175449318 907812 iou-wrk-907806 0
1790393071.381022343 907806 PROBE-server 37
1790393071.381022343 907811 PROBE-server 241
1790393071.381022343 907812 iou-wrk-907806 0
1790393071.586587278 907806 PROBE-server 39
1790393071.586587278 907811 PROBE-server 252
1790393071.586587278 907812 iou-wrk-907806 0
1790393071.792601425 907806 PROBE-server 41
1790393071.792601425 907811 PROBE-server 263
1790393071.792601425 907812 iou-wrk-907806 0
1790393071.998278631 907806 PROBE-server 43
1790393071.998278631 907811 PROBE-server 274
1790393071.998278631 907812 iou-wrk-907806 0
1790393072.203759827 907806 PROBE-server 44
1790393072.203759827 907811 PROBE-server 285
1790393072.203759827 907812 iou-wrk-907806 0
1790393072.408987752 907806 PROBE-server 46
1790393072.408987752 907811 PROBE-server 296
1790393072.408987752 907812 iou-wrk-907806 0
1790393072.614463817 907806 PROBE-server 48
1790393072.614463817 907811 PROBE-server 307
1790393072.614463817 907812 iou-wrk-907806 0
1790393072.819894943 907806 PROBE-server 50
1790393072.819894943 907811 PROBE-server 318
1790393072.819894943 907812 iou-wrk-907806 0
1790393073.025438949 907806 PROBE-server 51
1790393073.025438949 907811 PROBE-server 330
1790393073.025438949 907812 iou-wrk-907806 0
1790393073.231316137 907806 PROBE-server 53
1790393073.231316137 907811 PROBE-server 340
1790393073.231316137 907812 iou-wrk-907806 0
1790393073.436900633 907806 PROBE-server 55
1790393073.436900633 907811 PROBE-server 351
1790393073.436900633 907812 iou-wrk-907806 0
1790393073.642097769 907806 PROBE-server 57
1790393073.642097769 907811 PROBE-server 361
1790393073.642097769 907812 iou-wrk-907806 0
1790393073.847281164 907806 PROBE-server 58
1790393073.847281164 907811 PROBE-server 372
1790393073.847281164 907812 iou-wrk-907806 0
1790393074.053152222 907806 PROBE-server 60
1790393074.053152222 907811 PROBE-server 383
1790393074.053152222 907812 iou-wrk-907806 0
1790393074.258519729 907806 PROBE-server 63
1790393074.258519729 907811 PROBE-server 394
1790393074.258519729 907812 iou-wrk-907806 0
1790393074.463605695 907806 PROBE-server 64
1790393074.463605695 907811 PROBE-server 405
1790393074.463605695 907812 iou-wrk-907806 0
1790393074.668736971 907806 PROBE-server 66
1790393074.668736971 907811 PROBE-server 416
1790393074.668736971 907812 iou-wrk-907806 0
1790393074.874114557 907806 PROBE-server 68
1790393074.874114557 907811 PROBE-server 427
1790393074.874114557 907812 iou-wrk-907806 0
1790393075.079574795 907806 PROBE-server 70
1790393075.079574795 907811 PROBE-server 438
1790393075.079574795 907812 iou-wrk-907806 0
1790393075.285229763 907806 PROBE-server 71
1790393075.285229763 907811 PROBE-server 449
1790393075.285229763 907812 iou-wrk-907806 0
1790393075.490644010 907806 PROBE-server 73
1790393075.490644010 907811 PROBE-server 460
1790393075.490644010 907812 iou-wrk-907806 0
1790393075.695853097 907806 PROBE-server 75
1790393075.695853097 907811 PROBE-server 471
1790393075.695853097 907812 iou-wrk-907806 0
1790393075.901425645 907806 PROBE-server 77
1790393075.901425645 907811 PROBE-server 482
1790393075.901425645 907812 iou-wrk-907806 0
1790393076.106722633 907806 PROBE-server 78
1790393076.106722633 907811 PROBE-server 494
1790393076.106722633 907812 iou-wrk-907806 0
1790393076.312169681 907806 PROBE-server 79
1790393076.312169681 907811 PROBE-server 504
1790393076.312169681 907812 iou-wrk-907806 0
1790393076.517854420 907806 PROBE-server 82
1790393076.517854420 907811 PROBE-server 516
1790393076.517854420 907812 iou-wrk-907806 0
1790393076.723427669 907806 PROBE-server 83
1790393076.723427669 907811 PROBE-server 526
1790393076.723427669 907812 iou-wrk-907806 0
1790393076.929031968 907806 PROBE-server 85
1790393076.929031968 907811 PROBE-server 537
1790393076.929031968 907812 iou-wrk-907806 0
1790393077.134837007 907806 PROBE-server 86
1790393077.134837007 907811 PROBE-server 548
1790393077.134837007 907812 iou-wrk-907806 0
1790393077.341090009 907806 PROBE-server 89
1790393077.341090009 907811 PROBE-server 559
1790393077.341090009 907812 iou-wrk-907806 0
1790393077.546752949 907806 PROBE-server 91
1790393077.546752949 907811 PROBE-server 571
1790393077.546752949 907812 iou-wrk-907806 0
1790393077.752222068 907806 PROBE-server 92
1790393077.752222068 907811 PROBE-server 582
1790393077.752222068 907812 iou-wrk-907806 0
1790393077.957737097 907806 PROBE-server 93
1790393077.957737097 907811 PROBE-server 588
1790393077.957737097 907812 iou-wrk-907806 0
