1790392938.938677480 898219 PROBE-server 0
1790392938.938677480 898224 PROBE-server 0
1790392938.938677480 898225 iou-wrk-898219 0
1790392939.145005147 898219 PROBE-server 10
1790392939.145005147 898224 PROBE-server 10
1790392939.145005147 898225 iou-wrk-898219 0
1790392939.351023504 898219 PROBE-server 22
1790392939.351023504 898224 PROBE-server 22
1790392939.351023504 898225 iou-wrk-898219 0
1790392939.555771557 898219 PROBE-server 32
1790392939.555771557 898224 PROBE-server 34
1790392939.555771557 898225 iou-wrk-898219 0
1790392939.760743711 898219 PROBE-server 43
1790392939.760743711 898224 PROBE-server 45
1790392939.760743711 898225 iou-wrk-898219 0
1790392939.966145326 898219 PROBE-server 55
1790392939.966145326 898224 PROBE-server 56
1790392939.966145326 898225 iou-wrk-898219 0
1790392940.170664480 898219 PROBE-server 66
1790392940.170664480 898224 PROBE-server 68
1790392940.170664480 898225 iou-wrk-898219 0
1790392940.375740834 898219 PROBE-server 77
1790392940.375740834 898224 PROBE-server 80
1790392940.375740834 898225 iou-wrk-898219 0
1790392940.581106911 898219 PROBE-server 89
1790392940.581106911 898224 PROBE-server 90
1790392940.581106911 898225 iou-wrk-898219 0
1790392940.786613737 898219 PROBE-server 100
1790392940.786613737 898224 PROBE-server 102
1790392940.786613737 898225 iou-wrk-898219 0
1790392940.991746432 898219 PROBE-server 111
1790392940.991746432 898224 PROBE-server 114
1790392940.991746432 898225 iou-wrk-898219 0
1790392941.197672370 898219 PROBE-server 121
1790392941.197672370 898224 PROBE-server 124
1790392941.197672370 898225 iou-wrk-898219 0
1790392941.402792216 898219 PROBE-server 133
1790392941.402792216 898224 PROBE-server 136
1790392941.402792216 898225 iou-wrk-898219 0
1790392941.608115883 898219 PROBE-server 144
1790392941.608115883 898224 PROBE-server 147
1790392941.608115883 898225 iou-wrk-898219 0
1790392941.813146799 898219 PROBE-server 155
1790392941.813146799 898224 PROBE-server 159
1790392941.813146799 898225 iou-wrk-898219 0
1790392942.018160354 898219 PROBE-server 166
1790392942.018160354 898224 PROBE-server 171
1790392942.018160354 898225 iou-wrk-898219 0
1790392942.223532712 898219 PROBE-server 177
1790392942.223532712 898224 PROBE-server 182
1790392942.223532712 898225 iou-wrk-898219 0
1790392942.428274108 898219 PROBE-server 189
1790392942.428274108 898224 PROBE-server 193
1790392942.428274108 898225 iou-wrk-898219 0
1790392942.633429315 898219 PROBE-server 200
1790392942.633429315 898224 PROBE-server 205
1790392942.633429315 898225 iou-wrk-898219 0
1790392942.837895860 898219 PROBE-server 211
1790392942.837895860 898224 PROBE-server 216
1790392942.837895860 898225 iou-wrk-898219 0
1790392943.042502976 898219 PROBE-server 222
1790392943.042502976 898224 PROBE-server 228
1790392943.042502976 898225 iou-wrk-898219 0
1790392943.247752464 898219 PROBE-server 232
1790392943.247752464 898224 PROBE-server 239
1790392943.247752464 898225 iou-wrk-898219 0
1790392943.452239840 898219 PROBE-server 244
1790392943.452239840 898224 PROBE-server 251
1790392943.452239840 898225 iou-wrk-898219 0
1790392943.657118327 898219 PROBE-server 254
1790392943.657118327 898224 PROBE-server 261
1790392943.657118327 898225 iou-wrk-898219 0
1790392943.861664253 898219 PROBE-server 266
1790392943.861664253 898224 PROBE-server 274
1790392943.861664253 898225 iou-wrk-898219 0
1790392944.067073112 898219 PROBE-server 277
1790392944.067073112 898224 PROBE-server 284
1790392944.067073112 898225 iou-wrk-898219 0
1790392944.272080960 898219 PROBE-server 288
1790392944.272080960 898224 PROBE-server 296
1790392944.272080960 898225 iou-wrk-898219 0
1790392944.476546817 898219 PROBE-server 300
1790392944.476546817 898224 PROBE-server 308
1790392944.476546817 898225 iou-wrk-898219 0
1790392944.681819786 898219 PROBE-server 311
1790392944.681819786 898224 PROBE-server 319
1790392944.681819786 898225 iou-wrk-898219 0
1790392944.887078405 898219 PROBE-server 322
1790392944.887078405 898224 PROBE-server 330
1790392944.887078405 898225 iou-wrk-898219 0
1790392945.092267364 898219 PROBE-server 333
1790392945.092267364 898224 PROBE-server 343
1790392945.092267364 898225 iou-wrk-898219 0
1790392945.297526914 898219 PROBE-server 344
1790392945.297526914 898224 PROBE-server 353
1790392945.297526914 898225 iou-wrk-898219 0
1790392945.502672523 898219 PROBE-server 355
1790392945.502672523 898224 PROBE-server 365
1790392945.502672523 898225 iou-wrk-898219 0
1790392945.708299044 898219 PROBE-server 366
1790392945.708299044 898224 PROBE-server 376
1790392945.708299044 898225 iou-wrk-898219 0
1790392945.913499384 898219 PROBE-server 377
1790392945.913499384 898224 PROBE-server 388
1790392945.913499384 898225 iou-wrk-898219 0
1790392946.119193555 898219 PROBE-server 388
1790392946.119193555 898224 PROBE-server 399
1790392946.119193555 898225 iou-wrk-898219 0
1790392946.325082988 898219 PROBE-server 399
1790392946.325082988 898224 PROBE-server 410
1790392946.325082988 898225 iou-wrk-898219 0
1790392946.530269048 898219 PROBE-server 410
1790392946.530269048 898224 PROBE-server 422
1790392946.530269048 898225 iou-wrk-898219 0
1790392946.735634829 898219 PROBE-server 421
1790392946.735634829 898224 PROBE-server 433
1790392946.735634829 898225 iou-wrk-898219 0
1790392946.941112750 898219 PROBE-server 432
1790392946.941112750 898224 PROBE-server 445
1790392946.941112750 898225 iou-wrk-898219 0
1790392947.146141761 898219 PROBE-server 444
1790392947.146141761 898224 PROBE-server 456
1790392947.146141761 898225 iou-wrk-898219 0
1790392947.351654083 898219 PROBE-server 454
1790392947.351654083 898224 PROBE-server 467
1790392947.351654083 898225 iou-wrk-898219 0
1790392947.557187586 898219 PROBE-server 466
1790392947.557187586 898224 PROBE-server 479
1790392947.557187586 898225 iou-wrk-898219 0
1790392947.762237846 898219 PROBE-server 477
1790392947.762237846 898224 PROBE-server 491
1790392947.762237846 898225 iou-wrk-898219 0
1790392947.967975709 898219 PROBE-server 488
1790392947.967975709 898224 PROBE-server 503
1790392947.967975709 898225 iou-wrk-898219 0
1790392948.172980551 898219 PROBE-server 499
1790392948.172980551 898224 PROBE-server 513
1790392948.172980551 898225 iou-wrk-898219 0
1790392948.378779585 898219 PROBE-server 510
1790392948.378779585 898224 PROBE-server 525
1790392948.378779585 898225 iou-wrk-898219 0
1790392948.584180858 898219 PROBE-server 521
1790392948.584180858 898224 PROBE-server 537
1790392948.584180858 898225 iou-wrk-898219 0
1790392948.790119092 898219 PROBE-server 533
1790392948.790119092 898224 PROBE-server 548
1790392948.790119092 898225 iou-wrk-898219 0
1790392948.995062933 898219 PROBE-server 543
1790392948.995062933 898224 PROBE-server 559
1790392948.995062933 898225 iou-wrk-898219 0
1790392949.200857658 898219 PROBE-server 555
1790392949.200857658 898224 PROBE-server 571
1790392949.200857658 898225 iou-wrk-898219 0
1790392949.406758423 898219 PROBE-server 565
1790392949.406758423 898224 PROBE-server 583
1790392949.406758423 898225 iou-wrk-898219 0
1790392949.611871006 898219 PROBE-server 576
1790392949.611871006 898224 PROBE-server 594
1790392949.611871006 898225 iou-wrk-898219 0
1790392949.816983929 898219 PROBE-server 588
1790392949.816983929 898224 PROBE-server 605
1790392949.816983929 898225 iou-wrk-898219 0
1790392950.022737023 898219 PROBE-server 595
1790392950.022737023 898224 PROBE-server 613
1790392950.022737023 898225 iou-wrk-898219 0
