1790393523.204598548 939080 PROBE-server 0
1790393523.204598548 939085 PROBE-server 0
1790393523.204598548 939086 iou-wrk-939080 0
1790393523.411026296 939080 PROBE-server 19
1790393523.411026296 939085 PROBE-server 0
1790393523.411026296 939086 iou-wrk-939080 0
1790393523.616211979 939080 PROBE-server 39
1790393523.616211979 939085 PROBE-server 0
1790393523.616211979 939086 iou-wrk-939080 0
1790393523.821694633 939080 PROBE-server 60
1790393523.821694633 939085 PROBE-server 0
1790393523.821694633 939086 iou-wrk-939080 0
1790393524.026497444 939080 PROBE-server 79
1790393524.026497444 939085 PROBE-server 0
1790393524.026497444 939086 iou-wrk-939080 0
1790393524.231264645 939080 PROBE-server 99
1790393524.231264645 939085 PROBE-server 0
1790393524.231264645 939086 iou-wrk-939080 0
1790393524.436123857 939080 PROBE-server 120
1790393524.436123857 939085 PROBE-server 0
1790393524.436123857 939086 iou-wrk-939080 0
1790393524.641608901 939080 PROBE-server 140
1790393524.641608901 939085 PROBE-server 0
1790393524.641608901 939086 iou-wrk-939080 0
1790393524.846713253 939080 PROBE-server 160
1790393524.846713253 939085 PROBE-server 0
1790393524.846713253 939086 iou-wrk-939080 0
1790393525.051867186 939080 PROBE-server 180
1790393525.051867186 939085 PROBE-server 0
1790393525.051867186 939086 iou-wrk-939080 0
1790393525.256463147 939080 PROBE-server 201
1790393525.256463147 939085 PROBE-server 0
1790393525.256463147 939086 iou-wrk-939080 0
1790393525.461053207 939080 PROBE-server 220
1790393525.461053207 939085 PROBE-server 0
1790393525.461053207 939086 iou-wrk-939080 0
1790393525.665578348 939080 PROBE-server 240
1790393525.665578348 939085 PROBE-server 0
1790393525.665578348 939086 iou-wrk-939080 0
1790393525.870721101 939080 PROBE-server 261
1790393525.870721101 939085 PROBE-server 0
1790393525.870721101 939086 iou-wrk-939080 0
1790393526.075751843 939080 PROBE-server 281
1790393526.075751843 939085 PROBE-server 0
1790393526.075751843 939086 iou-wrk-939080 0
1790393526.280443065 939080 PROBE-server 300
1790393526.280443065 939085 PROBE-server 0
1790393526.280443065 939086 iou-wrk-939080 0
1790393526.485058836 939080 PROBE-server 321
1790393526.485058836 939085 PROBE-server 0
1790393526.485058836 939086 iou-wrk-939080 0
1790393526.689478046 939080 PROBE-server 341
1790393526.689478046 939085 PROBE-server 0
1790393526.689478046 939086 iou-wrk-939080 0
1790393526.893889976 939080 PROBE-server 361
1790393526.893889976 939085 PROBE-server 0
1790393526.893889976 939086 iou-wrk-939080 0
1790393527.098590388 939080 PROBE-server 381
1790393527.098590388 939085 PROBE-server 0
1790393527.098590388 939086 iou-wrk-939080 0
1790393527.303034028 939080 PROBE-server 401
1790393527.303034028 939085 PROBE-server 0
1790393527.303034028 939086 iou-wrk-939080 0
1790393527.507557559 939080 PROBE-server 421
1790393527.507557559 939085 PROBE-server 0
1790393527.507557559 939086 iou-wrk-939080 0
1790393527.712508202 939080 PROBE-server 442
1790393527.712508202 939085 PROBE-server 0
1790393527.712508202 939086 iou-wrk-939080 0
1790393527.917163203 939080 PROBE-server 462
1790393527.917163203 939085 PROBE-server 0
1790393527.917163203 939086 iou-wrk-939080 0
1790393528.121623554 939080 PROBE-server 481
1790393528.121623554 939085 PROBE-server 0
1790393528.121623554 939086 iou-wrk-939080 0
1790393528.326781938 939080 PROBE-server 501
1790393528.326781938 939085 PROBE-server 0
1790393528.326781938 939086 iou-wrk-939080 0
1790393528.531494190 939080 PROBE-server 522
1790393528.531494190 939085 PROBE-server 0
1790393528.531494190 939086 iou-wrk-939080 0
1790393528.736098291 939080 PROBE-server 542
1790393528.736098291 939085 PROBE-server 0
1790393528.736098291 939086 iou-wrk-939080 0
1790393528.940385231 939080 PROBE-server 562
1790393528.940385231 939085 PROBE-server 0
1790393528.940385231 939086 iou-wrk-939080 0
1790393529.144619702 939080 PROBE-server 582
1790393529.144619702 939085 PROBE-server 0
1790393529.144619702 939086 iou-wrk-939080 0
1790393529.349960167 939080 PROBE-server 602
1790393529.349960167 939085 PROBE-server 0
1790393529.349960167 939086 iou-wrk-939080 0
1790393529.555319532 939080 PROBE-server 622
1790393529.555319532 939085 PROBE-server 0
1790393529.555319532 939086 iou-wrk-939080 0
1790393529.760068944 939080 PROBE-server 642
1790393529.760068944 939085 PROBE-server 0
1790393529.760068944 939086 iou-wrk-939080 0
1790393529.964505755 939080 PROBE-server 662
1790393529.964505755 939085 PROBE-server 0
1790393529.964505755 939086 iou-wrk-939080 0
1790393530.168984336 939080 PROBE-server 683
1790393530.168984336 939085 PROBE-server 0
1790393530.168984336 939086 iou-wrk-939080 0
1790393530.373518178 939080 PROBE-server 702
1790393530.373518178 939085 PROBE-server 0
1790393530.373518178 939086 iou-wrk-939080 0
1790393530.577994110 939080 PROBE-server 723
1790393530.577994110 939085 PROBE-server 0
1790393530.577994110 939086 iou-wrk-939080 0
1790393530.782376371 939080 PROBE-server 743
1790393530.782376371 939085 PROBE-server 0
1790393530.782376371 939086 iou-wrk-939080 0
1790393530.986752032 939080 PROBE-server 763
1790393530.986752032 939085 PROBE-server 0
1790393530.986752032 939086 iou-wrk-939080 0
1790393531.191396004 939080 PROBE-server 783
1790393531.191396004 939085 PROBE-server 0
1790393531.191396004 939086 iou-wrk-939080 0
1790393531.396057657 939080 PROBE-server 803
1790393531.396057657 939085 PROBE-server 0
1790393531.396057657 939086 iou-wrk-939080 0
1790393531.601054391 939080 PROBE-server 824
1790393531.601054391 939085 PROBE-server 0
1790393531.601054391 939086 iou-wrk-939080 0
1790393531.806151185 939080 PROBE-server 843
1790393531.806151185 939085 PROBE-server 0
1790393531.806151185 939086 iou-wrk-939080 0
1790393532.010666907 939080 PROBE-server 863
1790393532.010666907 939085 PROBE-server 0
1790393532.010666907 939086 iou-wrk-939080 0
1790393532.215636161 939080 PROBE-server 884
1790393532.215636161 939085 PROBE-server 0
1790393532.215636161 939086 iou-wrk-939080 0
1790393532.420679616 939080 PROBE-server 904
1790393532.420679616 939085 PROBE-server 0
1790393532.420679616 939086 iou-wrk-939080 0
1790393532.625038617 939080 PROBE-server 924
1790393532.625038617 939085 PROBE-server 1
1790393532.625038617 939086 iou-wrk-939080 0
1790393532.829180868 939080 PROBE-server 944
1790393532.829180868 939085 PROBE-server 1
1790393532.829180868 939086 iou-wrk-939080 0
1790393533.033577280 939080 PROBE-server 964
1790393533.033577280 939085 PROBE-server 1
1790393533.033577280 939086 iou-wrk-939080 0
1790393533.238120922 939080 PROBE-server 984
1790393533.238120922 939085 PROBE-server 1
1790393533.238120922 939086 iou-wrk-939080 0
1790393533.443599089 939080 PROBE-server 1004
1790393533.443599089 939085 PROBE-server 1
1790393533.443599089 939086 iou-wrk-939080 0
1790393533.648973765 939080 PROBE-server 1025
1790393533.648973765 939085 PROBE-server 1
1790393533.648973765 939086 iou-wrk-939080 0
1790393533.853469388 939080 PROBE-server 1045
1790393533.853469388 939085 PROBE-server 1
1790393533.853469388 939086 iou-wrk-939080 0
1790393534.059224095 939080 PROBE-server 1065
1790393534.059224095 939085 PROBE-server 1
1790393534.059224095 939086 iou-wrk-939080 0
1790393534.264879643 939080 PROBE-server 1081
1790393534.264879643 939085 PROBE-server 1
1790393534.264879643 939086 iou-wrk-939080 0
1790393534.470962572 939080 PROBE-server 1081
1790393534.470962572 939085 PROBE-server 1
1790393534.470962572 939086 iou-wrk-939080 0
