1790393584.408403226 943805 PROBE-server 0
1790393584.408403226 943810 PROBE-server 0
1790393584.408403226 943811 iou-wrk-943805 0
1790393584.613916155 943805 PROBE-server 19
1790393584.613916155 943810 PROBE-server 0
1790393584.613916155 943811 iou-wrk-943805 0
1790393584.819113934 943805 PROBE-server 39
1790393584.819113934 943810 PROBE-server 0
1790393584.819113934 943811 iou-wrk-943805 0
1790393585.024570973 943805 PROBE-server 59
1790393585.024570973 943810 PROBE-server 0
1790393585.024570973 943811 iou-wrk-943805 0
1790393585.229465951 943805 PROBE-server 80
1790393585.229465951 943810 PROBE-server 0
1790393585.229465951 943811 iou-wrk-943805 0
1790393585.434282318 943805 PROBE-server 99
1790393585.434282318 943810 PROBE-server 0
1790393585.434282318 943811 iou-wrk-943805 0
1790393585.638886064 943805 PROBE-server 120
1790393585.638886064 943810 PROBE-server 0
1790393585.638886064 943811 iou-wrk-943805 0
1790393585.843460080 943805 PROBE-server 140
1790393585.843460080 943810 PROBE-server 0
1790393585.843460080 943811 iou-wrk-943805 0
1790393586.048677439 943805 PROBE-server 160
1790393586.048677439 943810 PROBE-server 0
1790393586.048677439 943811 iou-wrk-943805 0
1790393586.254401050 943805 PROBE-server 180
1790393586.254401050 943810 PROBE-server 0
1790393586.254401050 943811 iou-wrk-943805 0
1790393586.459791419 943805 PROBE-server 200
1790393586.459791419 943810 PROBE-server 0
1790393586.459791419 943811 iou-wrk-943805 0
1790393586.665286570 943805 PROBE-server 220
1790393586.665286570 943810 PROBE-server 0
1790393586.665286570 943811 iou-wrk-943805 0
1790393586.870296308 943805 PROBE-server 240
1790393586.870296308 943810 PROBE-server 0
1790393586.870296308 943811 iou-wrk-943805 0
1790393587.075405686 943805 PROBE-server 261
1790393587.075405686 943810 PROBE-server 0
1790393587.075405686 943811 iou-wrk-943805 0
1790393587.280199714 943805 PROBE-server 280
1790393587.280199714 943810 PROBE-server 0
1790393587.280199714 943811 iou-wrk-943805 0
1790393587.484534779 943805 PROBE-server 301
1790393587.484534779 943810 PROBE-server 0
1790393587.484534779 943811 iou-wrk-943805 0
1790393587.689309936 943805 PROBE-server 321
1790393587.689309936 943810 PROBE-server 0
1790393587.689309936 943811 iou-wrk-943805 0
1790393587.894805177 943805 PROBE-server 341
1790393587.894805177 943810 PROBE-server 0
1790393587.894805177 943811 iou-wrk-943805 0
1790393588.100131086 943805 PROBE-server 361
1790393588.100131086 943810 PROBE-server 0
1790393588.100131086 943811 iou-wrk-943805 0
1790393588.305414196 943805 PROBE-server 382
1790393588.305414196 943810 PROBE-server 0
1790393588.305414196 943811 iou-wrk-943805 0
1790393588.510503715 943805 PROBE-server 401
1790393588.510503715 943810 PROBE-server 0
1790393588.510503715 943811 iou-wrk-943805 0
1790393588.715895095 943805 PROBE-server 422
1790393588.715895095 943810 PROBE-server 0
1790393588.715895095 943811 iou-wrk-943805 0
1790393588.921091155 943805 PROBE-server 442
1790393588.921091155 943810 PROBE-server 0
1790393588.921091155 943811 iou-wrk-943805 0
1790393589.126999397 943805 PROBE-server 462
1790393589.126999397 943810 PROBE-server 0
1790393589.126999397 943811 iou-wrk-943805 0
1790393589.332525878 943805 PROBE-server 483
1790393589.332525878 943810 PROBE-server 0
1790393589.332525878 943811 iou-wrk-943805 0
1790393589.537477207 943805 PROBE-server 503
1790393589.537477207 943810 PROBE-server 0
1790393589.537477207 943811 iou-wrk-943805 0
1790393589.742398075 943805 PROBE-server 522
1790393589.742398075 943810 PROBE-server 0
1790393589.742398075 943811 iou-wrk-943805 0
1790393589.947734965 943805 PROBE-server 543
1790393589.947734965 943810 PROBE-server 0
1790393589.947734965 943811 iou-wrk-943805 0
1790393590.153068156 943805 PROBE-server 563
1790393590.153068156 943810 PROBE-server 0
1790393590.153068156 943811 iou-wrk-943805 0
1790393590.358554867 943805 PROBE-server 583
1790393590.358554867 943810 PROBE-server 0
1790393590.358554867 943811 iou-wrk-943805 0
1790393590.564092918 943805 PROBE-server 603
1790393590.564092918 943810 PROBE-server 0
1790393590.564092918 943811 iou-wrk-943805 0
1790393590.769613179 943805 PROBE-server 623
1790393590.769613179 943810 PROBE-server 0
1790393590.769613179 943811 iou-wrk-943805 0
1790393590.975218381 943805 PROBE-server 643
1790393590.975218381 943810 PROBE-server 0
1790393590.975218381 943811 iou-wrk-943805 0
1790393591.180292841 943805 PROBE-server 664
1790393591.180292841 943810 PROBE-server 0
1790393591.180292841 943811 iou-wrk-943805 0
1790393591.385394730 943805 PROBE-server 684
1790393591.385394730 943810 PROBE-server 0
1790393591.385394730 943811 iou-wrk-943805 0
1790393591.590577480 943805 PROBE-server 703
1790393591.590577480 943810 PROBE-server 0
1790393591.590577480 943811 iou-wrk-943805 0
1790393591.795681660 943805 PROBE-server 724
1790393591.795681660 943810 PROBE-server 0
1790393591.795681660 943811 iou-wrk-943805 0
1790393592.000953800 943805 PROBE-server 744
1790393592.000953800 943810 PROBE-server 0
1790393592.000953800 943811 iou-wrk-943805 0
1790393592.205850509 943805 PROBE-server 764
1790393592.205850509 943810 PROBE-server 0
1790393592.205850509 943811 iou-wrk-943805 0
1790393592.411104960 943805 PROBE-server 784
1790393592.411104960 943810 PROBE-server 0
1790393592.411104960 943811 iou-wrk-943805 0
1790393592.616467201 943805 PROBE-server 805
1790393592.616467201 943810 PROBE-server 0
1790393592.616467201 943811 iou-wrk-943805 0
1790393592.822505395 943805 PROBE-server 825
1790393592.822505395 943810 PROBE-server 0
1790393592.822505395 943811 iou-wrk-943805 0
1790393593.028061587 943805 PROBE-server 845
1790393593.028061587 943810 PROBE-server 0
1790393593.028061587 943811 iou-wrk-943805 0
1790393593.233524309 943805 PROBE-server 865
1790393593.233524309 943810 PROBE-server 0
1790393593.233524309 943811 iou-wrk-943805 0
1790393593.438979340 943805 PROBE-server 886
1790393593.438979340 943810 PROBE-server 0
1790393593.438979340 943811 iou-wrk-943805 0
1790393593.644159111 943805 PROBE-server 905
1790393593.644159111 943810 PROBE-server 0
1790393593.644159111 943811 iou-wrk-943805 0
1790393593.849464162 943805 PROBE-server 925
1790393593.849464162 943810 PROBE-server 0
1790393593.849464162 943811 iou-wrk-943805 0
1790393594.054802483 943805 PROBE-server 945
1790393594.054802483 943810 PROBE-server 0
1790393594.054802483 943811 iou-wrk-943805 0
1790393594.259853693 943805 PROBE-server 966
1790393594.259853693 943810 PROBE-server 1
1790393594.259853693 943811 iou-wrk-943805 0
1790393594.465287775 943805 PROBE-server 986
1790393594.465287775 943810 PROBE-server 1
1790393594.465287775 943811 iou-wrk-943805 0
1790393594.670980088 943805 PROBE-server 1007
1790393594.670980088 943810 PROBE-server 1
1790393594.670980088 943811 iou-wrk-943805 0
1790393594.876565050 943805 PROBE-server 1026
1790393594.876565050 943810 PROBE-server 1
1790393594.876565050 943811 iou-wrk-943805 0
1790393595.082160193 943805 PROBE-server 1046
1790393595.082160193 943810 PROBE-server 1
1790393595.082160193 943811 iou-wrk-943805 0
1790393595.287259584 943805 PROBE-server 1067
1790393595.287259584 943810 PROBE-server 1
1790393595.287259584 943811 iou-wrk-943805 0
1790393595.492973787 943805 PROBE-server 1080
1790393595.492973787 943810 PROBE-server 1
1790393595.492973787 943811 iou-wrk-943805 0
1790393595.699094052 943805 PROBE-server 1080
1790393595.699094052 943810 PROBE-server 1
1790393595.699094052 943811 iou-wrk-943805 0
