1790393227.529943014 919499 PROBE-server 0
1790393227.529943014 919504 PROBE-server 0
1790393227.529943014 919505 iou-wrk-919499 0
1790393227.735539249 919499 PROBE-server 11
1790393227.735539249 919504 PROBE-server 10
1790393227.735539249 919505 iou-wrk-919499 0
1790393227.941792796 919499 PROBE-server 22
1790393227.941792796 919504 PROBE-server 22
1790393227.941792796 919505 iou-wrk-919499 0
1790393228.148126103 919499 PROBE-server 33
1790393228.148126103 919504 PROBE-server 33
1790393228.148126103 919505 iou-wrk-919499 0
1790393228.354046730 919499 PROBE-server 44
1790393228.354046730 919504 PROBE-server 44
1790393228.354046730 919505 iou-wrk-919499 0
1790393228.560188577 919499 PROBE-server 55
1790393228.560188577 919504 PROBE-server 55
1790393228.560188577 919505 iou-wrk-919499 0
1790393228.765716862 919499 PROBE-server 67
1790393228.765716862 919504 PROBE-server 66
1790393228.765716862 919505 iou-wrk-919499 0
1790393228.971591978 919499 PROBE-server 78
1790393228.971591978 919504 PROBE-server 78
1790393228.971591978 919505 iou-wrk-919499 0
1790393229.176854292 919499 PROBE-server 89
1790393229.176854292 919504 PROBE-server 89
1790393229.176854292 919505 iou-wrk-919499 0
1790393229.382583698 919499 PROBE-server 100
1790393229.382583698 919504 PROBE-server 100
1790393229.382583698 919505 iou-wrk-919499 0
1790393229.587654492 919499 PROBE-server 112
1790393229.587654492 919504 PROBE-server 111
1790393229.587654492 919505 iou-wrk-919499 0
1790393229.792717645 919499 PROBE-server 123
1790393229.792717645 919504 PROBE-server 122
1790393229.792717645 919505 iou-wrk-919499 0
1790393229.997791719 919499 PROBE-server 134
1790393229.997791719 919504 PROBE-server 134
1790393229.997791719 919505 iou-wrk-919499 0
1790393230.203967977 919499 PROBE-server 145
1790393230.203967977 919504 PROBE-server 145
1790393230.203967977 919505 iou-wrk-919499 0
1790393230.409366692 919499 PROBE-server 156
1790393230.409366692 919504 PROBE-server 156
1790393230.409366692 919505 iou-wrk-919499 0
1790393230.615027048 919499 PROBE-server 168
1790393230.615027048 919504 PROBE-server 166
1790393230.615027048 919505 iou-wrk-919499 0
1790393230.820466684 919499 PROBE-server 179
1790393230.820466684 919504 PROBE-server 178
1790393230.820466684 919505 iou-wrk-919499 0
1790393231.025961210 919499 PROBE-server 190
1790393231.025961210 919504 PROBE-server 189
1790393231.025961210 919505 iou-wrk-919499 0
1790393231.231310335 919499 PROBE-server 203
1790393231.231310335 919504 PROBE-server 201
1790393231.231310335 919505 iou-wrk-919499 0
1790393231.437111873 919499 PROBE-server 214
1790393231.437111873 919504 PROBE-server 212
1790393231.437111873 919505 iou-wrk-919499 0
1790393231.642742699 919499 PROBE-server 225
1790393231.642742699 919504 PROBE-server 223
1790393231.642742699 919505 iou-wrk-919499 0
1790393231.847966034 919499 PROBE-server 236
1790393231.847966034 919504 PROBE-server 235
1790393231.847966034 919505 iou-wrk-919499 0
1790393232.053490351 919499 PROBE-server 246
1790393232.053490351 919504 PROBE-server 246
1790393232.053490351 919505 iou-wrk-919499 0
1790393232.258987777 919499 PROBE-server 258
1790393232.258987777 919504 PROBE-server 257
1790393232.258987777 919505 iou-wrk-919499 0
1790393232.464610424 919499 PROBE-server 269
1790393232.464610424 919504 PROBE-server 268
1790393232.464610424 919505 iou-wrk-919499 0
1790393232.670196862 919499 PROBE-server 280
1790393232.670196862 919504 PROBE-server 280
1790393232.670196862 919505 iou-wrk-919499 0
1790393232.876010439 919499 PROBE-server 292
1790393232.876010439 919504 PROBE-server 290
1790393232.876010439 919505 iou-wrk-919499 0
1790393233.081173765 919499 PROBE-server 303
1790393233.081173765 919504 PROBE-server 302
1790393233.081173765 919505 iou-wrk-919499 0
1790393233.286987413 919499 PROBE-server 314
1790393233.286987413 919504 PROBE-server 313
1790393233.286987413 919505 iou-wrk-919499 0
1790393233.492206089 919499 PROBE-server 325
1790393233.492206089 919504 PROBE-server 325
1790393233.492206089 919505 iou-wrk-919499 0
1790393233.697247175 919499 PROBE-server 337
1790393233.697247175 919504 PROBE-server 336
1790393233.697247175 919505 iou-wrk-919499 0
1790393233.902715202 919499 PROBE-server 348
1790393233.902715202 919504 PROBE-server 347
1790393233.902715202 919505 iou-wrk-919499 0
1790393234.107963878 919499 PROBE-server 359
1790393234.107963878 919504 PROBE-server 358
1790393234.107963878 919505 iou-wrk-919499 0
1790393234.314018418 919499 PROBE-server 371
1790393234.314018418 919504 PROBE-server 370
1790393234.314018418 919505 iou-wrk-919499 0
1790393234.519219204 919499 PROBE-server 382
1790393234.519219204 919504 PROBE-server 381
1790393234.519219204 919505 iou-wrk-919499 0
1790393234.724727012 919499 PROBE-server 393
1790393234.724727012 919504 PROBE-server 392
1790393234.724727012 919505 iou-wrk-919499 0
1790393234.930454340 919499 PROBE-server 404
1790393234.930454340 919504 PROBE-server 403
1790393234.930454340 919505 iou-wrk-919499 0
1790393235.135843108 919499 PROBE-server 416
1790393235.135843108 919504 PROBE-server 415
1790393235.135843108 919505 iou-wrk-919499 0
1790393235.341586647 919499 PROBE-server 427
1790393235.341586647 919504 PROBE-server 427
1790393235.341586647 919505 iou-wrk-919499 0
1790393235.547276006 919499 PROBE-server 438
1790393235.547276006 919504 PROBE-server 437
1790393235.547276006 919505 iou-wrk-919499 0
1790393235.752584073 919499 PROBE-server 451
1790393235.752584073 919504 PROBE-server 448
1790393235.752584073 919505 iou-wrk-919499 0
1790393235.958558603 919499 PROBE-server 461
1790393235.958558603 919504 PROBE-server 460
1790393235.958558603 919505 iou-wrk-919499 0
1790393236.163479759 919499 PROBE-server 473
1790393236.163479759 919504 PROBE-server 471
1790393236.163479759 919505 iou-wrk-919499 0
1790393236.369562870 919499 PROBE-server 484
1790393236.369562870 919504 PROBE-server 482
1790393236.369562870 919505 iou-wrk-919499 0
1790393236.575489240 919499 PROBE-server 495
1790393236.575489240 919504 PROBE-server 493
1790393236.575489240 919505 iou-wrk-919499 0
1790393236.780966199 919499 PROBE-server 507
1790393236.780966199 919504 PROBE-server 505
1790393236.780966199 919505 iou-wrk-919499 0
1790393236.986033016 919499 PROBE-server 518
1790393236.986033016 919504 PROBE-server 516
1790393236.986033016 919505 iou-wrk-919499 0
1790393237.192009036 919499 PROBE-server 529
1790393237.192009036 919504 PROBE-server 528
1790393237.192009036 919505 iou-wrk-919499 0
1790393237.397519456 919499 PROBE-server 541
1790393237.397519456 919504 PROBE-server 538
1790393237.397519456 919505 iou-wrk-919499 0
1790393237.603193355 919499 PROBE-server 553
1790393237.603193355 919504 PROBE-server 550
1790393237.603193355 919505 iou-wrk-919499 0
1790393237.809108556 919499 PROBE-server 564
1790393237.809108556 919504 PROBE-server 562
1790393237.809108556 919505 iou-wrk-919499 0
1790393238.015038867 919499 PROBE-server 575
1790393238.015038867 919504 PROBE-server 572
1790393238.015038867 919505 iou-wrk-919499 0
1790393238.220972308 919499 PROBE-server 586
1790393238.220972308 919504 PROBE-server 583
1790393238.220972308 919505 iou-wrk-919499 0
1790393238.426807619 919499 PROBE-server 598
1790393238.426807619 919504 PROBE-server 595
1790393238.426807619 919505 iou-wrk-919499 0
1790393238.632247768 919499 PROBE-server 604
1790393238.632247768 919504 PROBE-server 601
1790393238.632247768 919505 iou-wrk-919499 0
