1790393299.547222663 924666 PROBE-server 0
1790393299.547222663 924671 PROBE-server 0
1790393299.547222663 924672 iou-wrk-924666 0
1790393299.753676444 924666 PROBE-server 19
1790393299.753676444 924671 PROBE-server 0
1790393299.753676444 924672 iou-wrk-924666 0
1790393299.753676444 924721 iou-wrk-924671 0
1790393299.961061818 924666 PROBE-server 39
1790393299.961061818 924671 PROBE-server 0
1790393299.961061818 924672 iou-wrk-924666 0
1790393299.961061818 924721 iou-wrk-924671 0
1790393300.167733390 924666 PROBE-server 60
1790393300.167733390 924671 PROBE-server 0
1790393300.167733390 924672 iou-wrk-924666 0
1790393300.167733390 924721 iou-wrk-924671 0
1790393300.374349802 924666 PROBE-server 80
1790393300.374349802 924671 PROBE-server 0
1790393300.374349802 924672 iou-wrk-924666 0
1790393300.374349802 924721 iou-wrk-924671 0
1790393300.580914013 924666 PROBE-server 101
1790393300.580914013 924671 PROBE-server 0
1790393300.580914013 924672 iou-wrk-924666 0
1790393300.580914013 924721 iou-wrk-924671 0
1790393300.787844976 924666 PROBE-server 120
1790393300.787844976 924671 PROBE-server 0
1790393300.787844976 924672 iou-wrk-924666 0
1790393300.787844976 924721 iou-wrk-924671 0
1790393300.994587758 924666 PROBE-server 140
1790393300.994587758 924671 PROBE-server 0
1790393300.994587758 924672 iou-wrk-924666 0
1790393300.994587758 924721 iou-wrk-924671 0
1790393301.201575032 924666 PROBE-server 161
1790393301.201575032 924671 PROBE-server 0
1790393301.201575032 924672 iou-wrk-924666 0
1790393301.201575032 924721 iou-wrk-924671 0
1790393301.408642376 924666 PROBE-server 181
1790393301.408642376 924671 PROBE-server 0
1790393301.408642376 924672 iou-wrk-924666 0
1790393301.408642376 924721 iou-wrk-924671 0
1790393301.615020707 924666 PROBE-server 202
1790393301.615020707 924671 PROBE-server 0
1790393301.615020707 924672 iou-wrk-924666 0
1790393301.615020707 924721 iou-wrk-924671 0
1790393301.821774590 924666 PROBE-server 222
1790393301.821774590 924671 PROBE-server 0
1790393301.821774590 924672 iou-wrk-924666 0
1790393301.821774590 924721 iou-wrk-924671 0
1790393302.028276942 924666 PROBE-server 242
1790393302.028276942 924671 PROBE-server 0
1790393302.028276942 924672 iou-wrk-924666 0
1790393302.028276942 924721 iou-wrk-924671 0
1790393302.235272036 924666 PROBE-server 263
1790393302.235272036 924671 PROBE-server 0
1790393302.235272036 924672 iou-wrk-924666 0
1790393302.235272036 924721 iou-wrk-924671 0
1790393302.441888029 924666 PROBE-server 283
1790393302.441888029 924671 PROBE-server 0
1790393302.441888029 924672 iou-wrk-924666 0
1790393302.441888029 924721 iou-wrk-924671 0
1790393302.648207350 924666 PROBE-server 303
1790393302.648207350 924671 PROBE-server 0
1790393302.648207350 924672 iou-wrk-924666 0
1790393302.648207350 924721 iou-wrk-924671 0
1790393302.854738112 924666 PROBE-server 324
1790393302.854738112 924671 PROBE-server 0
1790393302.854738112 924672 iou-wrk-924666 0
1790393302.854738112 924721 iou-wrk-924671 0
1790393303.061784037 924666 PROBE-server 344
1790393303.061784037 924671 PROBE-server 0
1790393303.061784037 924672 iou-wrk-924666 0
1790393303.061784037 924721 iou-wrk-924671 0
1790393303.268579080 924666 PROBE-server 364
1790393303.268579080 924671 PROBE-server 0
1790393303.268579080 924672 iou-wrk-924666 0
1790393303.268579080 924721 iou-wrk-924671 0
1790393303.475309494 924666 PROBE-server 384
1790393303.475309494 924671 PROBE-server 0
1790393303.475309494 924672 iou-wrk-924666 0
1790393303.475309494 924721 iou-wrk-924671 0
1790393303.681631666 924666 PROBE-server 405
1790393303.681631666 924671 PROBE-server 0
1790393303.681631666 924672 iou-wrk-924666 0
1790393303.681631666 924721 iou-wrk-924671 0
1790393303.888412590 924666 PROBE-server 425
1790393303.888412590 924671 PROBE-server 0
1790393303.888412590 924672 iou-wrk-924666 0
1790393303.888412590 924721 iou-wrk-924671 0
1790393304.094980702 924666 PROBE-server 445
1790393304.094980702 924671 PROBE-server 0
1790393304.094980702 924672 iou-wrk-924666 0
1790393304.094980702 924721 iou-wrk-924671 0
1790393304.301956217 924666 PROBE-server 466
1790393304.301956217 924671 PROBE-server 0
1790393304.301956217 924672 iou-wrk-924666 0
1790393304.301956217 924721 iou-wrk-924671 0
1790393304.508959883 924666 PROBE-server 486
1790393304.508959883 924671 PROBE-server 0
1790393304.508959883 924672 iou-wrk-924666 0
1790393304.508959883 924721 iou-wrk-924671 0
1790393304.715544306 924666 PROBE-server 506
1790393304.715544306 924671 PROBE-server 0
1790393304.715544306 924672 iou-wrk-924666 0
1790393304.715544306 924721 iou-wrk-924671 0
1790393304.922176689 924666 PROBE-server 527
1790393304.922176689 924671 PROBE-server 0
1790393304.922176689 924672 iou-wrk-924666 0
1790393304.922176689 924721 iou-wrk-924671 0
1790393305.128708582 924666 PROBE-server 546
1790393305.128708582 924671 PROBE-server 0
1790393305.128708582 924672 iou-wrk-924666 0
1790393305.128708582 924721 iou-wrk-924671 0
1790393305.335062544 924666 PROBE-server 566
1790393305.335062544 924671 PROBE-server 0
1790393305.335062544 924672 iou-wrk-924666 0
1790393305.335062544 924721 iou-wrk-924671 0
1790393305.541699510 924666 PROBE-server 587
1790393305.541699510 924671 PROBE-server 0
1790393305.541699510 924672 iou-wrk-924666 0
1790393305.541699510 924721 iou-wrk-924671 0
1790393305.748252933 924666 PROBE-server 607
1790393305.748252933 924671 PROBE-server 0
1790393305.748252933 924672 iou-wrk-924666 0
1790393305.748252933 924721 iou-wrk-924671 0
1790393305.956086391 924666 PROBE-server 628
1790393305.956086391 924671 PROBE-server 0
1790393305.956086391 924672 iou-wrk-924666 0
1790393305.956086391 924721 iou-wrk-924671 0
1790393306.162697935 924666 PROBE-server 648
1790393306.162697935 924671 PROBE-server 0
1790393306.162697935 924672 iou-wrk-924666 0
1790393306.162697935 924721 iou-wrk-924671 0
1790393306.369150819 924666 PROBE-server 668
1790393306.369150819 924671 PROBE-server 0
1790393306.369150819 924672 iou-wrk-924666 0
1790393306.369150819 924721 iou-wrk-924671 0
1790393306.575962604 924666 PROBE-server 688
1790393306.575962604 924671 PROBE-server 1
1790393306.575962604 924672 iou-wrk-924666 0
1790393306.575962604 924721 iou-wrk-924671 0
1790393306.782878100 924666 PROBE-server 709
1790393306.782878100 924671 PROBE-server 1
1790393306.782878100 924672 iou-wrk-924666 0
1790393306.782878100 924721 iou-wrk-924671 0
1790393306.989096453 924666 PROBE-server 729
1790393306.989096453 924671 PROBE-server 1
1790393306.989096453 924672 iou-wrk-924666 0
1790393306.989096453 924721 iou-wrk-924671 0
1790393307.195987110 924666 PROBE-server 749
1790393307.195987110 924671 PROBE-server 1
1790393307.195987110 924672 iou-wrk-924666 0
1790393307.195987110 924721 iou-wrk-924671 0
1790393307.402519095 924666 PROBE-server 770
1790393307.402519095 924671 PROBE-server 1
1790393307.402519095 924672 iou-wrk-924666 0
1790393307.402519095 924721 iou-wrk-924671 0
1790393307.609198790 924666 PROBE-server 790
1790393307.609198790 924671 PROBE-server 1
1790393307.609198790 924672 iou-wrk-924666 0
1790393307.609198790 924721 iou-wrk-924671 0
1790393307.815639654 924666 PROBE-server 810
1790393307.815639654 924671 PROBE-server 1
1790393307.815639654 924672 iou-wrk-924666 0
1790393307.815639654 924721 iou-wrk-924671 0
1790393308.022957301 924666 PROBE-server 831
1790393308.022957301 924671 PROBE-server 1
1790393308.022957301 924672 iou-wrk-924666 0
1790393308.022957301 924721 iou-wrk-924671 0
1790393308.229835446 924666 PROBE-server 851
1790393308.229835446 924671 PROBE-server 1
1790393308.229835446 924672 iou-wrk-924666 0
1790393308.229835446 924721 iou-wrk-924671 0
1790393308.436444541 924666 PROBE-server 872
1790393308.436444541 924671 PROBE-server 1
1790393308.436444541 924672 iou-wrk-924666 0
1790393308.436444541 924721 iou-wrk-924671 0
1790393308.643286756 924666 PROBE-server 891
1790393308.643286756 924671 PROBE-server 1
1790393308.643286756 924672 iou-wrk-924666 0
1790393308.643286756 924721 iou-wrk-924671 0
1790393308.850065152 924666 PROBE-server 912
1790393308.850065152 924671 PROBE-server 1
1790393308.850065152 924672 iou-wrk-924666 0
1790393308.850065152 924721 iou-wrk-924671 0
1790393309.057028119 924666 PROBE-server 933
1790393309.057028119 924671 PROBE-server 1
1790393309.057028119 924672 iou-wrk-924666 0
1790393309.057028119 924721 iou-wrk-924671 0
1790393309.263574074 924666 PROBE-server 952
1790393309.263574074 924671 PROBE-server 1
1790393309.263574074 924672 iou-wrk-924666 0
1790393309.263574074 924721 iou-wrk-924671 0
1790393309.471252894 924666 PROBE-server 973
1790393309.471252894 924671 PROBE-server 1
1790393309.471252894 924672 iou-wrk-924666 0
1790393309.471252894 924721 iou-wrk-924671 0
1790393309.678090430 924666 PROBE-server 993
1790393309.678090430 924671 PROBE-server 1
1790393309.678090430 924672 iou-wrk-924666 0
1790393309.678090430 924721 iou-wrk-924671 0
1790393309.884689445 924666 PROBE-server 1013
1790393309.884689445 924671 PROBE-server 1
1790393309.884689445 924672 iou-wrk-924666 0
1790393309.884689445 924721 iou-wrk-924671 0
1790393310.091155391 924666 PROBE-server 1034
1790393310.091155391 924671 PROBE-server 1
1790393310.091155391 924672 iou-wrk-924666 0
1790393310.091155391 924721 iou-wrk-924671 0
1790393310.297761317 924666 PROBE-server 1054
1790393310.297761317 924671 PROBE-server 1
1790393310.297761317 924672 iou-wrk-924666 0
1790393310.297761317 924721 iou-wrk-924671 0
1790393310.503377529 924666 PROBE-server 1074
1790393310.503377529 924671 PROBE-server 1
1790393310.503377529 924672 iou-wrk-924666 0
1790393310.503377529 924721 iou-wrk-924671 0
1790393310.711095879 924666 PROBE-server 1080
1790393310.711095879 924671 PROBE-server 1
1790393310.711095879 924672 iou-wrk-924666 0
1790393310.711095879 924721 iou-wrk-924671 0
1790393310.917856405 924666 PROBE-server 1080
1790393310.917856405 924671 PROBE-server 1
1790393310.917856405 924672 iou-wrk-924666 0
1790393310.917856405 924721 iou-wrk-924671 0
