1790393656.424827264 948992 PROBE-server 0
1790393656.424827264 948997 PROBE-server 0
1790393656.424827264 948998 iou-wrk-948992 0
1790393656.630004848 948992 PROBE-server 11
1790393656.630004848 948997 PROBE-server 10
1790393656.630004848 948998 iou-wrk-948992 0
1790393656.835376594 948992 PROBE-server 21
1790393656.835376594 948997 PROBE-server 21
1790393656.835376594 948998 iou-wrk-948992 0
1790393657.040638969 948992 PROBE-server 32
1790393657.040638969 948997 PROBE-server 32
1790393657.040638969 948998 iou-wrk-948992 0
1790393657.245192791 948992 PROBE-server 42
1790393657.245192791 948997 PROBE-server 43
1790393657.245192791 948998 iou-wrk-948992 0
1790393657.450053134 948992 PROBE-server 54
1790393657.450053134 948997 PROBE-server 54
1790393657.450053134 948998 iou-wrk-948992 0
1790393657.654827507 948992 PROBE-server 65
1790393657.654827507 948997 PROBE-server 65
1790393657.654827507 948998 iou-wrk-948992 0
1790393657.859904181 948992 PROBE-server 76
1790393657.859904181 948997 PROBE-server 77
1790393657.859904181 948998 iou-wrk-948992 0
1790393658.064885945 948992 PROBE-server 86
1790393658.064885945 948997 PROBE-server 86
1790393658.064885945 948998 iou-wrk-948992 0
1790393658.269378267 948992 PROBE-server 97
1790393658.269378267 948997 PROBE-server 98
1790393658.269378267 948998 iou-wrk-948992 0
1790393658.474168051 948992 PROBE-server 108
1790393658.474168051 948997 PROBE-server 108
1790393658.474168051 948998 iou-wrk-948992 0
1790393658.678774123 948992 PROBE-server 119
1790393658.678774123 948997 PROBE-server 120
1790393658.678774123 948998 iou-wrk-948992 0
1790393658.883299075 948992 PROBE-server 129
1790393658.883299075 948997 PROBE-server 130
1790393658.883299075 948998 iou-wrk-948992 0
1790393659.088176519 948992 PROBE-server 140
1790393659.088176519 948997 PROBE-server 142
1790393659.088176519 948998 iou-wrk-948992 0
1790393659.293117323 948992 PROBE-server 151
1790393659.293117323 948997 PROBE-server 153
1790393659.293117323 948998 iou-wrk-948992 0
1790393659.498063737 948992 PROBE-server 162
1790393659.498063737 948997 PROBE-server 164
1790393659.498063737 948998 iou-wrk-948992 0
1790393659.703073202 948992 PROBE-server 172
1790393659.703073202 948997 PROBE-server 175
1790393659.703073202 948998 iou-wrk-948992 0
1790393659.908530428 948992 PROBE-server 183
1790393659.908530428 948997 PROBE-server 186
1790393659.908530428 948998 iou-wrk-948992 0
1790393660.113283022 948992 PROBE-server 195
1790393660.113283022 948997 PROBE-server 196
1790393660.113283022 948998 iou-wrk-948992 0
1790393660.318007865 948992 PROBE-server 206
1790393660.318007865 948997 PROBE-server 207
1790393660.318007865 948998 iou-wrk-948992 0
1790393660.522682489 948992 PROBE-server 216
1790393660.522682489 948997 PROBE-server 218
1790393660.522682489 948998 iou-wrk-948992 0
1790393660.727143961 948992 PROBE-server 227
1790393660.727143961 948997 PROBE-server 229
1790393660.727143961 948998 iou-wrk-948992 0
1790393660.932894129 948992 PROBE-server 238
1790393660.932894129 948997 PROBE-server 240
1790393660.932894129 948998 iou-wrk-948992 0
1790393661.138398426 948992 PROBE-server 249
1790393661.138398426 948997 PROBE-server 252
1790393661.138398426 948998 iou-wrk-948992 0
1790393661.343366411 948992 PROBE-server 259
1790393661.343366411 948997 PROBE-server 263
1790393661.343366411 948998 iou-wrk-948992 0
1790393661.547651662 948992 PROBE-server 270
1790393661.547651662 948997 PROBE-server 274
1790393661.547651662 948998 iou-wrk-948992 0
1790393661.752006124 948992 PROBE-server 281
1790393661.752006124 948997 PROBE-server 285
1790393661.752006124 948998 iou-wrk-948992 0
1790393661.956946789 948992 PROBE-server 292
1790393661.956946789 948997 PROBE-server 296
1790393661.956946789 948998 iou-wrk-948992 0
1790393662.161414112 948992 PROBE-server 302
1790393662.161414112 948997 PROBE-server 307
1790393662.161414112 948998 iou-wrk-948992 0
1790393662.366212256 948992 PROBE-server 313
1790393662.366212256 948997 PROBE-server 318
1790393662.366212256 948998 iou-wrk-948992 0
1790393662.571415732 948992 PROBE-server 324
1790393662.571415732 948997 PROBE-server 329
1790393662.571415732 948998 iou-wrk-948992 0
1790393662.776638368 948992 PROBE-server 335
1790393662.776638368 948997 PROBE-server 340
1790393662.776638368 948998 iou-wrk-948992 0
1790393662.981757923 948992 PROBE-server 345
1790393662.981757923 948997 PROBE-server 351
1790393662.981757923 948998 iou-wrk-948992 0
1790393663.186250717 948992 PROBE-server 356
1790393663.186250717 948997 PROBE-server 362
1790393663.186250717 948998 iou-wrk-948992 0
1790393663.390738839 948992 PROBE-server 367
1790393663.390738839 948997 PROBE-server 372
1790393663.390738839 948998 iou-wrk-948992 0
1790393663.595409283 948992 PROBE-server 378
1790393663.595409283 948997 PROBE-server 384
1790393663.595409283 948998 iou-wrk-948992 0
1790393663.801039111 948992 PROBE-server 389
1790393663.801039111 948997 PROBE-server 395
1790393663.801039111 948998 iou-wrk-948992 0
1790393664.006030077 948992 PROBE-server 400
1790393664.006030077 948997 PROBE-server 405
1790393664.006030077 948998 iou-wrk-948992 0
1790393664.210952032 948992 PROBE-server 410
1790393664.210952032 948997 PROBE-server 417
1790393664.210952032 948998 iou-wrk-948992 0
1790393664.415438635 948992 PROBE-server 422
1790393664.415438635 948997 PROBE-server 427
1790393664.415438635 948998 iou-wrk-948992 0
1790393664.620094799 948992 PROBE-server 432
1790393664.620094799 948997 PROBE-server 438
1790393664.620094799 948998 iou-wrk-948992 0
1790393664.825113114 948992 PROBE-server 443
1790393664.825113114 948997 PROBE-server 449
1790393664.825113114 948998 iou-wrk-948992 0
1790393665.029967460 948992 PROBE-server 454
1790393665.029967460 948997 PROBE-server 460
1790393665.029967460 948998 iou-wrk-948992 0
1790393665.234704084 948992 PROBE-server 466
1790393665.234704084 948997 PROBE-server 471
1790393665.234704084 948998 iou-wrk-948992 0
1790393665.439679759 948992 PROBE-server 476
1790393665.439679759 948997 PROBE-server 482
1790393665.439679759 948998 iou-wrk-948992 0
1790393665.644513644 948992 PROBE-server 486
1790393665.644513644 948997 PROBE-server 493
1790393665.644513644 948998 iou-wrk-948992 0
1790393665.849681781 948992 PROBE-server 497
1790393665.849681781 948997 PROBE-server 504
1790393665.849681781 948998 iou-wrk-948992 0
1790393666.054465546 948992 PROBE-server 508
1790393666.054465546 948997 PROBE-server 515
1790393666.054465546 948998 iou-wrk-948992 0
1790393666.259142430 948992 PROBE-server 518
1790393666.259142430 948997 PROBE-server 525
1790393666.259142430 948998 iou-wrk-948992 0
1790393666.463559804 948992 PROBE-server 530
1790393666.463559804 948997 PROBE-server 536
1790393666.463559804 948998 iou-wrk-948992 0
1790393666.668105877 948992 PROBE-server 541
1790393666.668105877 948997 PROBE-server 547
1790393666.668105877 948998 iou-wrk-948992 0
1790393666.873619876 948992 PROBE-server 551
1790393666.873619876 948997 PROBE-server 559
1790393666.873619876 948998 iou-wrk-948992 0
1790393667.078383231 948992 PROBE-server 562
1790393667.078383231 948997 PROBE-server 569
1790393667.078383231 948998 iou-wrk-948992 0
1790393667.283231946 948992 PROBE-server 573
1790393667.283231946 948997 PROBE-server 581
1790393667.283231946 948998 iou-wrk-948992 0
1790393667.488140822 948992 PROBE-server 581
1790393667.488140822 948997 PROBE-server 589
1790393667.488140822 948998 iou-wrk-948992 0
1790393667.694257503 948992 PROBE-server 581
1790393667.694257503 948997 PROBE-server 589
1790393667.694257503 948998 iou-wrk-948992 0
