1790393623.682050764 946925 PROBE-server 0
1790393623.682050764 946930 PROBE-server 0
1790393623.682050764 946931 iou-wrk-946925 0
1790393623.887595753 946925 PROBE-server 11
1790393623.887595753 946930 PROBE-server 10
1790393623.887595753 946931 iou-wrk-946925 0
1790393624.093992136 946925 PROBE-server 21
1790393624.093992136 946930 PROBE-server 22
1790393624.093992136 946931 iou-wrk-946925 0
1790393624.299109054 946925 PROBE-server 33
1790393624.299109054 946930 PROBE-server 33
1790393624.299109054 946931 iou-wrk-946925 0
1790393624.504448202 946925 PROBE-server 44
1790393624.504448202 946930 PROBE-server 44
1790393624.504448202 946931 iou-wrk-946925 0
1790393624.709633260 946925 PROBE-server 56
1790393624.709633260 946930 PROBE-server 56
1790393624.709633260 946931 iou-wrk-946925 0
1790393624.914920688 946925 PROBE-server 68
1790393624.914920688 946930 PROBE-server 68
1790393624.914920688 946931 iou-wrk-946925 0
1790393625.121566492 946925 PROBE-server 80
1790393625.121566492 946930 PROBE-server 79
1790393625.121566492 946931 iou-wrk-946925 0
1790393625.326460659 946925 PROBE-server 92
1790393625.326460659 946930 PROBE-server 90
1790393625.326460659 946931 iou-wrk-946925 0
1790393625.531967898 946925 PROBE-server 103
1790393625.531967898 946930 PROBE-server 102
1790393625.531967898 946931 iou-wrk-946925 0
1790393625.737218436 946925 PROBE-server 114
1790393625.737218436 946930 PROBE-server 114
1790393625.737218436 946931 iou-wrk-946925 0
1790393625.942805956 946925 PROBE-server 126
1790393625.942805956 946930 PROBE-server 125
1790393625.942805956 946931 iou-wrk-946925 0
1790393626.147532012 946925 PROBE-server 138
1790393626.147532012 946930 PROBE-server 136
1790393626.147532012 946931 iou-wrk-946925 0
1790393626.352194218 946925 PROBE-server 148
1790393626.352194218 946930 PROBE-server 148
1790393626.352194218 946931 iou-wrk-946925 0
1790393626.557431286 946925 PROBE-server 160
1790393626.557431286 946930 PROBE-server 159
1790393626.557431286 946931 iou-wrk-946925 0
1790393626.762934965 946925 PROBE-server 171
1790393626.762934965 946930 PROBE-server 171
1790393626.762934965 946931 iou-wrk-946925 0
1790393626.968719666 946925 PROBE-server 184
1790393626.968719666 946930 PROBE-server 182
1790393626.968719666 946931 iou-wrk-946925 0
1790393627.173660073 946925 PROBE-server 194
1790393627.173660073 946930 PROBE-server 194
1790393627.173660073 946931 iou-wrk-946925 0
1790393627.378366420 946925 PROBE-server 206
1790393627.378366420 946930 PROBE-server 205
1790393627.378366420 946931 iou-wrk-946925 0
1790393627.583641879 946925 PROBE-server 217
1790393627.583641879 946930 PROBE-server 217
1790393627.583641879 946931 iou-wrk-946925 0
1790393627.789406719 946925 PROBE-server 229
1790393627.789406719 946930 PROBE-server 228
1790393627.789406719 946931 iou-wrk-946925 0
1790393627.995301241 946925 PROBE-server 241
1790393627.995301241 946930 PROBE-server 240
1790393627.995301241 946931 iou-wrk-946925 0
1790393628.200526770 946925 PROBE-server 253
1790393628.200526770 946930 PROBE-server 251
1790393628.200526770 946931 iou-wrk-946925 0
1790393628.406208210 946925 PROBE-server 264
1790393628.406208210 946930 PROBE-server 263
1790393628.406208210 946931 iou-wrk-946925 0
1790393628.612151262 946925 PROBE-server 276
1790393628.612151262 946930 PROBE-server 274
1790393628.612151262 946931 iou-wrk-946925 0
1790393628.817394161 946925 PROBE-server 287
1790393628.817394161 946930 PROBE-server 285
1790393628.817394161 946931 iou-wrk-946925 0
1790393629.023091412 946925 PROBE-server 298
1790393629.023091412 946930 PROBE-server 297
1790393629.023091412 946931 iou-wrk-946925 0
1790393629.228274591 946925 PROBE-server 310
1790393629.228274591 946930 PROBE-server 308
1790393629.228274591 946931 iou-wrk-946925 0
1790393629.433869331 946925 PROBE-server 322
1790393629.433869331 946930 PROBE-server 320
1790393629.433869331 946931 iou-wrk-946925 0
1790393629.639423582 946925 PROBE-server 333
1790393629.639423582 946930 PROBE-server 331
1790393629.639423582 946931 iou-wrk-946925 0
1790393629.845501144 946925 PROBE-server 344
1790393629.845501144 946930 PROBE-server 343
1790393629.845501144 946931 iou-wrk-946925 0
1790393630.051210185 946925 PROBE-server 356
1790393630.051210185 946930 PROBE-server 355
1790393630.051210185 946931 iou-wrk-946925 0
1790393630.257174308 946925 PROBE-server 367
1790393630.257174308 946930 PROBE-server 366
1790393630.257174308 946931 iou-wrk-946925 0
1790393630.462604448 946925 PROBE-server 378
1790393630.462604448 946930 PROBE-server 377
1790393630.462604448 946931 iou-wrk-946925 0
1790393630.668205169 946925 PROBE-server 390
1790393630.668205169 946930 PROBE-server 389
1790393630.668205169 946931 iou-wrk-946925 0
1790393630.873536449 946925 PROBE-server 401
1790393630.873536449 946930 PROBE-server 401
1790393630.873536449 946931 iou-wrk-946925 0
1790393631.078934178 946925 PROBE-server 414
1790393631.078934178 946930 PROBE-server 412
1790393631.078934178 946931 iou-wrk-946925 0
1790393631.284458249 946925 PROBE-server 424
1790393631.284458249 946930 PROBE-server 423
1790393631.284458249 946931 iou-wrk-946925 0
1790393631.489896880 946925 PROBE-server 436
1790393631.489896880 946930 PROBE-server 435
1790393631.489896880 946931 iou-wrk-946925 0
1790393631.695795912 946925 PROBE-server 448
1790393631.695795912 946930 PROBE-server 446
1790393631.695795912 946931 iou-wrk-946925 0
1790393631.901144162 946925 PROBE-server 458
1790393631.901144162 946930 PROBE-server 457
1790393631.901144162 946931 iou-wrk-946925 0
1790393632.106181611 946925 PROBE-server 471
1790393632.106181611 946930 PROBE-server 469
1790393632.106181611 946931 iou-wrk-946925 0
1790393632.311303240 946925 PROBE-server 482
1790393632.311303240 946930 PROBE-server 481
1790393632.311303240 946931 iou-wrk-946925 0
1790393632.516569090 946925 PROBE-server 494
1790393632.516569090 946930 PROBE-server 493
1790393632.516569090 946931 iou-wrk-946925 0
1790393632.722435492 946925 PROBE-server 504
1790393632.722435492 946930 PROBE-server 504
1790393632.722435492 946931 iou-wrk-946925 0
1790393632.927615791 946925 PROBE-server 517
1790393632.927615791 946930 PROBE-server 516
1790393632.927615791 946931 iou-wrk-946925 0
1790393633.132928622 946925 PROBE-server 528
1790393633.132928622 946930 PROBE-server 527
1790393633.132928622 946931 iou-wrk-946925 0
1790393633.338247232 946925 PROBE-server 540
1790393633.338247232 946930 PROBE-server 538
1790393633.338247232 946931 iou-wrk-946925 0
1790393633.543281661 946925 PROBE-server 551
1790393633.543281661 946930 PROBE-server 550
1790393633.543281661 946931 iou-wrk-946925 0
1790393633.748408240 946925 PROBE-server 562
1790393633.748408240 946930 PROBE-server 562
1790393633.748408240 946931 iou-wrk-946925 0
1790393633.953717340 946925 PROBE-server 574
1790393633.953717340 946930 PROBE-server 573
1790393633.953717340 946931 iou-wrk-946925 0
1790393634.159471353 946925 PROBE-server 585
1790393634.159471353 946930 PROBE-server 584
1790393634.159471353 946931 iou-wrk-946925 0
1790393634.364510162 946925 PROBE-server 598
1790393634.364510162 946930 PROBE-server 597
1790393634.364510162 946931 iou-wrk-946925 0
1790393634.570186534 946925 PROBE-server 609
1790393634.570186534 946930 PROBE-server 608
1790393634.570186534 946931 iou-wrk-946925 0
1790393634.775324994 946925 PROBE-server 616
1790393634.775324994 946930 PROBE-server 615
1790393634.775324994 946931 iou-wrk-946925 0
