1790393439.733092926 932636 PROBE-server 0
1790393439.733092926 932641 PROBE-server 0
1790393439.733092926 932642 iou-wrk-932636 0
1790393439.938750895 932636 PROBE-server 19
1790393439.938750895 932641 PROBE-server 0
1790393439.938750895 932642 iou-wrk-932636 0
1790393439.938750895 932693 iou-wrk-932641 0
1790393440.145112638 932636 PROBE-server 40
1790393440.145112638 932641 PROBE-server 0
1790393440.145112638 932642 iou-wrk-932636 0
1790393440.145112638 932693 iou-wrk-932641 0
1790393440.350708828 932636 PROBE-server 60
1790393440.350708828 932641 PROBE-server 0
1790393440.350708828 932642 iou-wrk-932636 0
1790393440.350708828 932693 iou-wrk-932641 0
1790393440.556059366 932636 PROBE-server 80
1790393440.556059366 932641 PROBE-server 0
1790393440.556059366 932642 iou-wrk-932636 0
1790393440.556059366 932693 iou-wrk-932641 0
1790393440.761450495 932636 PROBE-server 100
1790393440.761450495 932641 PROBE-server 0
1790393440.761450495 932642 iou-wrk-932636 0
1790393440.761450495 932693 iou-wrk-932641 0
1790393440.966871954 932636 PROBE-server 120
1790393440.966871954 932641 PROBE-server 0
1790393440.966871954 932642 iou-wrk-932636 0
1790393440.966871954 932693 iou-wrk-932641 0
1790393441.172347234 932636 PROBE-server 140
1790393441.172347234 932641 PROBE-server 0
1790393441.172347234 932642 iou-wrk-932636 0
1790393441.172347234 932693 iou-wrk-932641 0
1790393441.378235775 932636 PROBE-server 160
1790393441.378235775 932641 PROBE-server 0
1790393441.378235775 932642 iou-wrk-932636 0
1790393441.378235775 932693 iou-wrk-932641 0
1790393441.584048056 932636 PROBE-server 180
1790393441.584048056 932641 PROBE-server 0
1790393441.584048056 932642 iou-wrk-932636 0
1790393441.584048056 932693 iou-wrk-932641 0
1790393441.789734966 932636 PROBE-server 201
1790393441.789734966 932641 PROBE-server 0
1790393441.789734966 932642 iou-wrk-932636 0
1790393441.789734966 932693 iou-wrk-932641 0
1790393441.995608447 932636 PROBE-server 221
1790393441.995608447 932641 PROBE-server 0
1790393441.995608447 932642 iou-wrk-932636 0
1790393441.995608447 932693 iou-wrk-932641 0
1790393442.202252252 932636 PROBE-server 241
1790393442.202252252 932641 PROBE-server 0
1790393442.202252252 932642 iou-wrk-932636 0
1790393442.202252252 932693 iou-wrk-932641 0
1790393442.409330928 932636 PROBE-server 262
1790393442.409330928 932641 PROBE-server 0
1790393442.409330928 932642 iou-wrk-932636 0
1790393442.409330928 932693 iou-wrk-932641 0
1790393442.616249464 932636 PROBE-server 282
1790393442.616249464 932641 PROBE-server 0
1790393442.616249464 932642 iou-wrk-932636 0
1790393442.616249464 932693 iou-wrk-932641 0
1790393442.823462661 932636 PROBE-server 302
1790393442.823462661 932641 PROBE-server 0
1790393442.823462661 932642 iou-wrk-932636 0
1790393442.823462661 932693 iou-wrk-932641 0
1790393443.030454127 932636 PROBE-server 323
1790393443.030454127 932641 PROBE-server 0
1790393443.030454127 932642 iou-wrk-932636 0
1790393443.030454127 932693 iou-wrk-932641 0
1790393443.237174873 932636 PROBE-server 343
1790393443.237174873 932641 PROBE-server 0
1790393443.237174873 932642 iou-wrk-932636 0
1790393443.237174873 932693 iou-wrk-932641 0
1790393443.443809148 932636 PROBE-server 364
1790393443.443809148 932641 PROBE-server 0
1790393443.443809148 932642 iou-wrk-932636 0
1790393443.443809148 932693 iou-wrk-932641 0
1790393443.650467733 932636 PROBE-server 383
1790393443.650467733 932641 PROBE-server 0
1790393443.650467733 932642 iou-wrk-932636 0
1790393443.650467733 932693 iou-wrk-932641 0
1790393443.857245568 932636 PROBE-server 404
1790393443.857245568 932641 PROBE-server 0
1790393443.857245568 932642 iou-wrk-932636 0
1790393443.857245568 932693 iou-wrk-932641 0
1790393444.064567386 932636 PROBE-server 424
1790393444.064567386 932641 PROBE-server 0
1790393444.064567386 932642 iou-wrk-932636 0
1790393444.064567386 932693 iou-wrk-932641 0
1790393444.271483722 932636 PROBE-server 444
1790393444.271483722 932641 PROBE-server 0
1790393444.271483722 932642 iou-wrk-932636 0
1790393444.271483722 932693 iou-wrk-932641 0
1790393444.478507449 932636 PROBE-server 464
1790393444.478507449 932641 PROBE-server 0
1790393444.478507449 932642 iou-wrk-932636 0
1790393444.478507449 932693 iou-wrk-932641 0
1790393444.685261685 932636 PROBE-server 484
1790393444.685261685 932641 PROBE-server 0
1790393444.685261685 932642 iou-wrk-932636 0
1790393444.685261685 932693 iou-wrk-932641 0
1790393444.892165811 932636 PROBE-server 505
1790393444.892165811 932641 PROBE-server 0
1790393444.892165811 932642 iou-wrk-932636 0
1790393444.892165811 932693 iou-wrk-932641 0
1790393445.098806487 932636 PROBE-server 525
1790393445.098806487 932641 PROBE-server 0
1790393445.098806487 932642 iou-wrk-932636 0
1790393445.098806487 932693 iou-wrk-932641 0
1790393445.305083201 932636 PROBE-server 546
1790393445.305083201 932641 PROBE-server 0
1790393445.305083201 932642 iou-wrk-932636 0
1790393445.305083201 932693 iou-wrk-932641 0
1790393445.512058918 932636 PROBE-server 566
1790393445.512058918 932641 PROBE-server 0
1790393445.512058918 932642 iou-wrk-932636 0
1790393445.512058918 932693 iou-wrk-932641 0
1790393445.718862284 932636 PROBE-server 586
1790393445.718862284 932641 PROBE-server 0
1790393445.718862284 932642 iou-wrk-932636 0
1790393445.718862284 932693 iou-wrk-932641 0
1790393445.925876451 932636 PROBE-server 607
1790393445.925876451 932641 PROBE-server 0
1790393445.925876451 932642 iou-wrk-932636 0
1790393445.925876451 932693 iou-wrk-932641 0
1790393446.133298681 932636 PROBE-server 627
1790393446.133298681 932641 PROBE-server 0
1790393446.133298681 932642 iou-wrk-932636 0
1790393446.133298681 932693 iou-wrk-932641 0
1790393446.340131397 932636 PROBE-server 647
1790393446.340131397 932641 PROBE-server 0
1790393446.340131397 932642 iou-wrk-932636 0
1790393446.340131397 932693 iou-wrk-932641 0
1790393446.547009314 932636 PROBE-server 667
1790393446.547009314 932641 PROBE-server 0
1790393446.547009314 932642 iou-wrk-932636 0
1790393446.547009314 932693 iou-wrk-932641 0
1790393446.753923341 932636 PROBE-server 688
1790393446.753923341 932641 PROBE-server 1
1790393446.753923341 932642 iou-wrk-932636 0
1790393446.753923341 932693 iou-wrk-932641 0
1790393446.960470187 932636 PROBE-server 708
1790393446.960470187 932641 PROBE-server 1
1790393446.960470187 932642 iou-wrk-932636 0
1790393446.960470187 932693 iou-wrk-932641 0
1790393447.167187033 932636 PROBE-server 728
1790393447.167187033 932641 PROBE-server 1
1790393447.167187033 932642 iou-wrk-932636 0
1790393447.167187033 932693 iou-wrk-932641 0
1790393447.373528058 932636 PROBE-server 749
1790393447.373528058 932641 PROBE-server 1
1790393447.373528058 932642 iou-wrk-932636 0
1790393447.373528058 932693 iou-wrk-932641 0
1790393447.580575456 932636 PROBE-server 769
1790393447.580575456 932641 PROBE-server 1
1790393447.580575456 932642 iou-wrk-932636 0
1790393447.580575456 932693 iou-wrk-932641 0
1790393447.787208913 932636 PROBE-server 790
1790393447.787208913 932641 PROBE-server 1
1790393447.787208913 932642 iou-wrk-932636 0
1790393447.787208913 932693 iou-wrk-932641 0
1790393447.994013129 932636 PROBE-server 810
1790393447.994013129 932641 PROBE-server 1
1790393447.994013129 932642 iou-wrk-932636 0
1790393447.994013129 932693 iou-wrk-932641 0
1790393448.201594940 932636 PROBE-server 830
1790393448.201594940 932641 PROBE-server 1
1790393448.201594940 932642 iou-wrk-932636 0
1790393448.201594940 932693 iou-wrk-932641 0
1790393448.408602818 932636 PROBE-server 851
1790393448.408602818 932641 PROBE-server 1
1790393448.408602818 932642 iou-wrk-932636 0
1790393448.408602818 932693 iou-wrk-932641 0
1790393448.615545686 932636 PROBE-server 871
1790393448.615545686 932641 PROBE-server 1
1790393448.615545686 932642 iou-wrk-932636 0
1790393448.615545686 932693 iou-wrk-932641 0
1790393448.822039612 932636 PROBE-server 891
1790393448.822039612 932641 PROBE-server 1
1790393448.822039612 932642 iou-wrk-932636 0
1790393448.822039612 932693 iou-wrk-932641 0
1790393449.028514368 932636 PROBE-server 911
1790393449.028514368 932641 PROBE-server 1
1790393449.028514368 932642 iou-wrk-932636 0
1790393449.028514368 932693 iou-wrk-932641 0
1790393449.235373606 932636 PROBE-server 932
1790393449.235373606 932641 PROBE-server 1
1790393449.235373606 932642 iou-wrk-932636 0
1790393449.235373606 932693 iou-wrk-932641 0
1790393449.442113933 932636 PROBE-server 952
1790393449.442113933 932641 PROBE-server 1
1790393449.442113933 932642 iou-wrk-932636 0
1790393449.442113933 932693 iou-wrk-932641 0
1790393449.648545399 932636 PROBE-server 972
1790393449.648545399 932641 PROBE-server 1
1790393449.648545399 932642 iou-wrk-932636 0
1790393449.648545399 932693 iou-wrk-932641 0
1790393449.855013325 932636 PROBE-server 993
1790393449.855013325 932641 PROBE-server 1
1790393449.855013325 932642 iou-wrk-932636 0
1790393449.855013325 932693 iou-wrk-932641 0
1790393450.062162114 932636 PROBE-server 1012
1790393450.062162114 932641 PROBE-server 1
1790393450.062162114 932642 iou-wrk-932636 0
1790393450.062162114 932693 iou-wrk-932641 0
1790393450.269953486 932636 PROBE-server 1033
1790393450.269953486 932641 PROBE-server 1
1790393450.269953486 932642 iou-wrk-932636 0
1790393450.269953486 932693 iou-wrk-932641 0
1790393450.477029505 932636 PROBE-server 1053
1790393450.477029505 932641 PROBE-server 1
1790393450.477029505 932642 iou-wrk-932636 0
1790393450.477029505 932693 iou-wrk-932641 0
1790393450.683475762 932636 PROBE-server 1074
1790393450.683475762 932641 PROBE-server 1
1790393450.683475762 932642 iou-wrk-932636 0
1790393450.683475762 932693 iou-wrk-932641 0
1790393450.889851688 932636 PROBE-server 1080
1790393450.889851688 932641 PROBE-server 1
1790393450.889851688 932642 iou-wrk-932636 0
1790393450.889851688 932693 iou-wrk-932641 0
1790393451.097315939 932636 PROBE-server 1080
1790393451.097315939 932641 PROBE-server 1
1790393451.097315939 932642 iou-wrk-932636 0
1790393451.097315939 932693 iou-wrk-932641 0
