1790393595.963714811 944864 PROBE-server 0
1790393595.963714811 944869 PROBE-server 0
1790393595.963714811 944870 iou-wrk-944864 0
1790393596.170136968 944864 PROBE-server 11
1790393596.170136968 944869 PROBE-server 10
1790393596.170136968 944870 iou-wrk-944864 0
1790393596.375634970 944864 PROBE-server 23
1790393596.375634970 944869 PROBE-server 20
1790393596.375634970 944870 iou-wrk-944864 0
1790393596.580309169 944864 PROBE-server 35
1790393596.580309169 944869 PROBE-server 31
1790393596.580309169 944870 iou-wrk-944864 0
1790393596.785942142 944864 PROBE-server 46
1790393596.785942142 944869 PROBE-server 42
1790393596.785942142 944870 iou-wrk-944864 0
1790393596.991430065 944864 PROBE-server 59
1790393596.991430065 944869 PROBE-server 53
1790393596.991430065 944870 iou-wrk-944864 0
1790393597.196819457 944864 PROBE-server 72
1790393597.196819457 944869 PROBE-server 64
1790393597.196819457 944870 iou-wrk-944864 0
1790393597.402123659 944864 PROBE-server 83
1790393597.402123659 944869 PROBE-server 75
1790393597.402123659 944870 iou-wrk-944864 0
1790393597.607529002 944864 PROBE-server 95
1790393597.607529002 944869 PROBE-server 86
1790393597.607529002 944870 iou-wrk-944864 0
1790393597.812842424 944864 PROBE-server 108
1790393597.812842424 944869 PROBE-server 96
1790393597.812842424 944870 iou-wrk-944864 0
1790393598.018072665 944864 PROBE-server 120
1790393598.018072665 944869 PROBE-server 107
1790393598.018072665 944870 iou-wrk-944864 0
1790393598.223474218 944864 PROBE-server 131
1790393598.223474218 944869 PROBE-server 117
1790393598.223474218 944870 iou-wrk-944864 0
1790393598.428529239 944864 PROBE-server 143
1790393598.428529239 944869 PROBE-server 128
1790393598.428529239 944870 iou-wrk-944864 0
1790393598.633850411 944864 PROBE-server 156
1790393598.633850411 944869 PROBE-server 140
1790393598.633850411 944870 iou-wrk-944864 0
1790393598.838507331 944864 PROBE-server 167
1790393598.838507331 944869 PROBE-server 150
1790393598.838507331 944870 iou-wrk-944864 0
1790393599.044201795 944864 PROBE-server 179
1790393599.044201795 944869 PROBE-server 161
1790393599.044201795 944870 iou-wrk-944864 0
1790393599.248831874 944864 PROBE-server 191
1790393599.248831874 944869 PROBE-server 172
1790393599.248831874 944870 iou-wrk-944864 0
1790393599.454197427 944864 PROBE-server 203
1790393599.454197427 944869 PROBE-server 182
1790393599.454197427 944870 iou-wrk-944864 0
1790393599.659712470 944864 PROBE-server 216
1790393599.659712470 944869 PROBE-server 193
1790393599.659712470 944870 iou-wrk-944864 0
1790393599.864254219 944864 PROBE-server 227
1790393599.864254219 944869 PROBE-server 203
1790393599.864254219 944870 iou-wrk-944864 0
1790393600.069559872 944864 PROBE-server 239
1790393600.069559872 944869 PROBE-server 214
1790393600.069559872 944870 iou-wrk-944864 0
1790393600.274452973 944864 PROBE-server 252
1790393600.274452973 944869 PROBE-server 225
1790393600.274452973 944870 iou-wrk-944864 0
1790393600.480127807 944864 PROBE-server 264
1790393600.480127807 944869 PROBE-server 235
1790393600.480127807 944870 iou-wrk-944864 0
1790393600.686029382 944864 PROBE-server 275
1790393600.686029382 944869 PROBE-server 246
1790393600.686029382 944870 iou-wrk-944864 0
1790393600.891546256 944864 PROBE-server 287
1790393600.891546256 944869 PROBE-server 257
1790393600.891546256 944870 iou-wrk-944864 0
1790393601.097004799 944864 PROBE-server 299
1790393601.097004799 944869 PROBE-server 268
1790393601.097004799 944870 iou-wrk-944864 0
1790393601.302049181 944864 PROBE-server 311
1790393601.302049181 944869 PROBE-server 279
1790393601.302049181 944870 iou-wrk-944864 0
1790393601.506794952 944864 PROBE-server 323
1790393601.506794952 944869 PROBE-server 290
1790393601.506794952 944870 iou-wrk-944864 0
1790393601.711821413 944864 PROBE-server 335
1790393601.711821413 944869 PROBE-server 300
1790393601.711821413 944870 iou-wrk-944864 0
1790393601.916387133 944864 PROBE-server 347
1790393601.916387133 944869 PROBE-server 311
1790393601.916387133 944870 iou-wrk-944864 0
1790393602.122456289 944864 PROBE-server 359
1790393602.122456289 944869 PROBE-server 322
1790393602.122456289 944870 iou-wrk-944864 0
1790393602.328428186 944864 PROBE-server 371
1790393602.328428186 944869 PROBE-server 332
1790393602.328428186 944870 iou-wrk-944864 0
1790393602.533116106 944864 PROBE-server 383
1790393602.533116106 944869 PROBE-server 344
1790393602.533116106 944870 iou-wrk-944864 0
1790393602.738590840 944864 PROBE-server 396
1790393602.738590840 944869 PROBE-server 355
1790393602.738590840 944870 iou-wrk-944864 0
1790393602.944469136 944864 PROBE-server 407
1790393602.944469136 944869 PROBE-server 366
1790393602.944469136 944870 iou-wrk-944864 0
1790393603.149314777 944864 PROBE-server 419
1790393603.149314777 944869 PROBE-server 376
1790393603.149314777 944870 iou-wrk-944864 0
1790393603.354884541 944864 PROBE-server 431
1790393603.354884541 944869 PROBE-server 388
1790393603.354884541 944870 iou-wrk-944864 0
1790393603.559858443 944864 PROBE-server 443
1790393603.559858443 944869 PROBE-server 398
1790393603.559858443 944870 iou-wrk-944864 0
1790393603.765281697 944864 PROBE-server 455
1790393603.765281697 944869 PROBE-server 409
1790393603.765281697 944870 iou-wrk-944864 0
1790393603.970523650 944864 PROBE-server 467
1790393603.970523650 944869 PROBE-server 420
1790393603.970523650 944870 iou-wrk-944864 0
1790393604.175490323 944864 PROBE-server 479
1790393604.175490323 944869 PROBE-server 430
1790393604.175490323 944870 iou-wrk-944864 0
1790393604.380818796 944864 PROBE-server 492
1790393604.380818796 944869 PROBE-server 441
1790393604.380818796 944870 iou-wrk-944864 0
1790393604.586177530 944864 PROBE-server 503
1790393604.586177530 944869 PROBE-server 453
1790393604.586177530 944870 iou-wrk-944864 0
1790393604.790823111 944864 PROBE-server 516
1790393604.790823111 944869 PROBE-server 464
1790393604.790823111 944870 iou-wrk-944864 0
1790393604.995930004 944864 PROBE-server 527
1790393604.995930004 944869 PROBE-server 475
1790393604.995930004 944870 iou-wrk-944864 0
1790393605.201898060 944864 PROBE-server 539
1790393605.201898060 944869 PROBE-server 485
1790393605.201898060 944870 iou-wrk-944864 0
1790393605.407091974 944864 PROBE-server 551
1790393605.407091974 944869 PROBE-server 496
1790393605.407091974 944870 iou-wrk-944864 0
1790393605.612120906 944864 PROBE-server 564
1790393605.612120906 944869 PROBE-server 508
1790393605.612120906 944870 iou-wrk-944864 0
1790393605.816809888 944864 PROBE-server 576
1790393605.816809888 944869 PROBE-server 518
1790393605.816809888 944870 iou-wrk-944864 0
1790393606.022197892 944864 PROBE-server 588
1790393606.022197892 944869 PROBE-server 529
1790393606.022197892 944870 iou-wrk-944864 0
1790393606.228088549 944864 PROBE-server 600
1790393606.228088549 944869 PROBE-server 540
1790393606.228088549 944870 iou-wrk-944864 0
1790393606.433489133 944864 PROBE-server 612
1790393606.433489133 944869 PROBE-server 551
1790393606.433489133 944870 iou-wrk-944864 0
1790393606.638560656 944864 PROBE-server 624
1790393606.638560656 944869 PROBE-server 562
1790393606.638560656 944870 iou-wrk-944864 0
1790393606.843656719 944864 PROBE-server 636
1790393606.843656719 944869 PROBE-server 572
1790393606.843656719 944870 iou-wrk-944864 0
1790393607.048834063 944864 PROBE-server 644
1790393607.048834063 944869 PROBE-server 579
1790393607.048834063 944870 iou-wrk-944864 0
