1790393534.735715462 940129 PROBE-server 0
1790393534.735715462 940134 PROBE-server 0
1790393534.735715462 940135 iou-wrk-940129 0
1790393534.941909202 940129 PROBE-server 12
1790393534.941909202 940134 PROBE-server 11
1790393534.941909202 940135 iou-wrk-940129 0
1790393535.148233873 940129 PROBE-server 23
1790393535.148233873 940134 PROBE-server 22
1790393535.148233873 940135 iou-wrk-940129 0
1790393535.352945436 940129 PROBE-server 35
1790393535.352945436 940134 PROBE-server 34
1790393535.352945436 940135 iou-wrk-940129 0
1790393535.558031182 940129 PROBE-server 47
1790393535.558031182 940134 PROBE-server 45
1790393535.558031182 940135 iou-wrk-940129 0
1790393535.762729286 940129 PROBE-server 59
1790393535.762729286 940134 PROBE-server 57
1790393535.762729286 940135 iou-wrk-940129 0
1790393535.967982522 940129 PROBE-server 71
1790393535.967982522 940134 PROBE-server 68
1790393535.967982522 940135 iou-wrk-940129 0
1790393536.173406629 940129 PROBE-server 83
1790393536.173406629 940134 PROBE-server 80
1790393536.173406629 940135 iou-wrk-940129 0
1790393536.379119637 940129 PROBE-server 95
1790393536.379119637 940134 PROBE-server 93
1790393536.379119637 940135 iou-wrk-940129 0
1790393536.584644795 940129 PROBE-server 108
1790393536.584644795 940134 PROBE-server 104
1790393536.584644795 940135 iou-wrk-940129 0
1790393536.789501340 940129 PROBE-server 119
1790393536.789501340 940134 PROBE-server 115
1790393536.789501340 940135 iou-wrk-940129 0
1790393536.995485719 940129 PROBE-server 131
1790393536.995485719 940134 PROBE-server 128
1790393536.995485719 940135 iou-wrk-940129 0
1790393537.200111653 940129 PROBE-server 143
1790393537.200111653 940134 PROBE-server 139
1790393537.200111653 940135 iou-wrk-940129 0
1790393537.405325630 940129 PROBE-server 156
1790393537.405325630 940134 PROBE-server 151
1790393537.405325630 940135 iou-wrk-940129 0
1790393537.609834643 940129 PROBE-server 167
1790393537.609834643 940134 PROBE-server 162
1790393537.609834643 940135 iou-wrk-940129 0
1790393537.815600582 940129 PROBE-server 179
1790393537.815600582 940134 PROBE-server 174
1790393537.815600582 940135 iou-wrk-940129 0
1790393538.021353231 940129 PROBE-server 191
1790393538.021353231 940134 PROBE-server 186
1790393538.021353231 940135 iou-wrk-940129 0
1790393538.226324337 940129 PROBE-server 204
1790393538.226324337 940134 PROBE-server 198
1790393538.226324337 940135 iou-wrk-940129 0
1790393538.431618214 940129 PROBE-server 215
1790393538.431618214 940134 PROBE-server 209
1790393538.431618214 940135 iou-wrk-940129 0
1790393538.636778521 940129 PROBE-server 228
1790393538.636778521 940134 PROBE-server 221
1790393538.636778521 940135 iou-wrk-940129 0
1790393538.842085558 940129 PROBE-server 239
1790393538.842085558 940134 PROBE-server 232
1790393538.842085558 940135 iou-wrk-940129 0
1790393539.046980833 940129 PROBE-server 251
1790393539.046980833 940134 PROBE-server 245
1790393539.046980833 940135 iou-wrk-940129 0
1790393539.252592992 940129 PROBE-server 263
1790393539.252592992 940134 PROBE-server 256
1790393539.252592992 940135 iou-wrk-940129 0
1790393539.458104070 940129 PROBE-server 276
1790393539.458104070 940134 PROBE-server 267
1790393539.458104070 940135 iou-wrk-940129 0
1790393539.663508328 940129 PROBE-server 287
1790393539.663508328 940134 PROBE-server 279
1790393539.663508328 940135 iou-wrk-940129 0
1790393539.868370234 940129 PROBE-server 299
1790393539.868370234 940134 PROBE-server 290
1790393539.868370234 940135 iou-wrk-940129 0
1790393540.073720781 940129 PROBE-server 311
1790393540.073720781 940134 PROBE-server 302
1790393540.073720781 940135 iou-wrk-940129 0
1790393540.278378056 940129 PROBE-server 323
1790393540.278378056 940134 PROBE-server 314
1790393540.278378056 940135 iou-wrk-940129 0
1790393540.483708014 940129 PROBE-server 335
1790393540.483708014 940134 PROBE-server 326
1790393540.483708014 940135 iou-wrk-940129 0
1790393540.689391733 940129 PROBE-server 347
1790393540.689391733 940134 PROBE-server 337
1790393540.689391733 940135 iou-wrk-940129 0
1790393540.894564481 940129 PROBE-server 360
1790393540.894564481 940134 PROBE-server 350
1790393540.894564481 940135 iou-wrk-940129 0
1790393541.100581562 940129 PROBE-server 372
1790393541.100581562 940134 PROBE-server 361
1790393541.100581562 940135 iou-wrk-940129 0
1790393541.305857849 940129 PROBE-server 384
1790393541.305857849 940134 PROBE-server 373
1790393541.305857849 940135 iou-wrk-940129 0
1790393541.510670905 940129 PROBE-server 395
1790393541.510670905 940134 PROBE-server 384
1790393541.510670905 940135 iou-wrk-940129 0
1790393541.715458161 940129 PROBE-server 407
1790393541.715458161 940134 PROBE-server 395
1790393541.715458161 940135 iou-wrk-940129 0
1790393541.920923019 940129 PROBE-server 420
1790393541.920923019 940134 PROBE-server 407
1790393541.920923019 940135 iou-wrk-940129 0
1790393542.125825986 940129 PROBE-server 431
1790393542.125825986 940134 PROBE-server 419
1790393542.125825986 940135 iou-wrk-940129 0
1790393542.331115544 940129 PROBE-server 443
1790393542.331115544 940134 PROBE-server 430
1790393542.331115544 940135 iou-wrk-940129 0
1790393542.536320902 940129 PROBE-server 455
1790393542.536320902 940134 PROBE-server 442
1790393542.536320902 940135 iou-wrk-940129 0
1790393542.742103932 940129 PROBE-server 467
1790393542.742103932 940134 PROBE-server 453
1790393542.742103932 940135 iou-wrk-940129 0
1790393542.947924083 940129 PROBE-server 479
1790393542.947924083 940134 PROBE-server 465
1790393542.947924083 940135 iou-wrk-940129 0
1790393543.152621389 940129 PROBE-server 491
1790393543.152621389 940134 PROBE-server 477
1790393543.152621389 940135 iou-wrk-940129 0
1790393543.357704776 940129 PROBE-server 503
1790393543.357704776 940134 PROBE-server 489
1790393543.357704776 940135 iou-wrk-940129 0
1790393543.563493137 940129 PROBE-server 515
1790393543.563493137 940134 PROBE-server 500
1790393543.563493137 940135 iou-wrk-940129 0
1790393543.768233183 940129 PROBE-server 527
1790393543.768233183 940134 PROBE-server 512
1790393543.768233183 940135 iou-wrk-940129 0
1790393543.973093909 940129 PROBE-server 538
1790393543.973093909 940134 PROBE-server 524
1790393543.973093909 940135 iou-wrk-940129 0
1790393544.178370688 940129 PROBE-server 550
1790393544.178370688 940134 PROBE-server 535
1790393544.178370688 940135 iou-wrk-940129 0
1790393544.383572666 940129 PROBE-server 562
1790393544.383572666 940134 PROBE-server 547
1790393544.383572666 940135 iou-wrk-940129 0
1790393544.588606704 940129 PROBE-server 574
1790393544.588606704 940134 PROBE-server 558
1790393544.588606704 940135 iou-wrk-940129 0
1790393544.794129013 940129 PROBE-server 586
1790393544.794129013 940134 PROBE-server 571
1790393544.794129013 940135 iou-wrk-940129 0
1790393544.999146561 940129 PROBE-server 598
1790393544.999146561 940134 PROBE-server 582
1790393544.999146561 940135 iou-wrk-940129 0
1790393545.204682761 940129 PROBE-server 610
1790393545.204682761 940134 PROBE-server 594
1790393545.204682761 940135 iou-wrk-940129 0
1790393545.410262061 940129 PROBE-server 621
1790393545.410262061 940134 PROBE-server 605
1790393545.410262061 940135 iou-wrk-940129 0
1790393545.615573720 940129 PROBE-server 633
1790393545.615573720 940134 PROBE-server 618
1790393545.615573720 940135 iou-wrk-940129 0
1790393545.820619518 940129 PROBE-server 641
1790393545.820619518 940134 PROBE-server 625
1790393545.820619518 940135 iou-wrk-940129 0
