1790393243.910841859 920534 PROBE-server 0
1790393243.910841859 920539 PROBE-server 0
1790393243.910841859 920540 iou-wrk-920534 0
1790393244.117187494 920534 PROBE-server 10
1790393244.117187494 920539 PROBE-server 10
1790393244.117187494 920540 iou-wrk-920534 0
1790393244.322720396 920534 PROBE-server 20
1790393244.322720396 920539 PROBE-server 20
1790393244.322720396 920540 iou-wrk-920534 0
1790393244.528109218 920534 PROBE-server 30
1790393244.528109218 920539 PROBE-server 31
1790393244.528109218 920540 iou-wrk-920534 0
1790393244.732697137 920534 PROBE-server 41
1790393244.732697137 920539 PROBE-server 41
1790393244.732697137 920540 iou-wrk-920534 0
1790393244.938395420 920534 PROBE-server 51
1790393244.938395420 920539 PROBE-server 52
1790393244.938395420 920540 iou-wrk-920534 0
1790393245.144100214 920534 PROBE-server 62
1790393245.144100214 920539 PROBE-server 63
1790393245.144100214 920540 iou-wrk-920534 0
1790393245.349581327 920534 PROBE-server 73
1790393245.349581327 920539 PROBE-server 73
1790393245.349581327 920540 iou-wrk-920534 0
1790393245.554574608 920534 PROBE-server 84
1790393245.554574608 920539 PROBE-server 83
1790393245.554574608 920540 iou-wrk-920534 0
1790393245.760220381 920534 PROBE-server 93
1790393245.760220381 920539 PROBE-server 95
1790393245.760220381 920540 iou-wrk-920534 0
1790393245.965601453 920534 PROBE-server 104
1790393245.965601453 920539 PROBE-server 105
1790393245.965601453 920540 iou-wrk-920534 0
1790393246.170462284 920534 PROBE-server 115
1790393246.170462284 920539 PROBE-server 116
1790393246.170462284 920540 iou-wrk-920534 0
1790393246.376170868 920534 PROBE-server 126
1790393246.376170868 920539 PROBE-server 126
1790393246.376170868 920540 iou-wrk-920534 0
1790393246.581510271 920534 PROBE-server 136
1790393246.581510271 920539 PROBE-server 137
1790393246.581510271 920540 iou-wrk-920534 0
1790393246.786684913 920534 PROBE-server 147
1790393246.786684913 920539 PROBE-server 148
1790393246.786684913 920540 iou-wrk-920534 0
1790393246.992450398 920534 PROBE-server 157
1790393246.992450398 920539 PROBE-server 158
1790393246.992450398 920540 iou-wrk-920534 0
1790393247.197906001 920534 PROBE-server 168
1790393247.197906001 920539 PROBE-server 169
1790393247.197906001 920540 iou-wrk-920534 0
1790393247.403559356 920534 PROBE-server 178
1790393247.403559356 920539 PROBE-server 179
1790393247.403559356 920540 iou-wrk-920534 0
1790393247.609395131 920534 PROBE-server 189
1790393247.609395131 920539 PROBE-server 190
1790393247.609395131 920540 iou-wrk-920534 0
1790393247.814355882 920534 PROBE-server 199
1790393247.814355882 920539 PROBE-server 200
1790393247.814355882 920540 iou-wrk-920534 0
1790393248.019164044 920534 PROBE-server 210
1790393248.019164044 920539 PROBE-server 211
1790393248.019164044 920540 iou-wrk-920534 0
1790393248.223855835 920534 PROBE-server 221
1790393248.223855835 920539 PROBE-server 222
1790393248.223855835 920540 iou-wrk-920534 0
1790393248.429350329 920534 PROBE-server 232
1790393248.429350329 920539 PROBE-server 232
1790393248.429350329 920540 iou-wrk-920534 0
1790393248.635113675 920534 PROBE-server 241
1790393248.635113675 920539 PROBE-server 243
1790393248.635113675 920540 iou-wrk-920534 0
1790393248.840598849 920534 PROBE-server 253
1790393248.840598849 920539 PROBE-server 253
1790393248.840598849 920540 iou-wrk-920534 0
1790393249.046273054 920534 PROBE-server 263
1790393249.046273054 920539 PROBE-server 263
1790393249.046273054 920540 iou-wrk-920534 0
1790393249.252086250 920534 PROBE-server 273
1790393249.252086250 920539 PROBE-server 274
1790393249.252086250 920540 iou-wrk-920534 0
1790393249.457965076 920534 PROBE-server 284
1790393249.457965076 920539 PROBE-server 285
1790393249.457965076 920540 iou-wrk-920534 0
1790393249.663424710 920534 PROBE-server 294
1790393249.663424710 920539 PROBE-server 295
1790393249.663424710 920540 iou-wrk-920534 0
1790393249.869357297 920534 PROBE-server 305
1790393249.869357297 920539 PROBE-server 305
1790393249.869357297 920540 iou-wrk-920534 0
1790393250.075417014 920534 PROBE-server 316
1790393250.075417014 920539 PROBE-server 316
1790393250.075417014 920540 iou-wrk-920534 0
1790393250.280972859 920534 PROBE-server 327
1790393250.280972859 920539 PROBE-server 327
1790393250.280972859 920540 iou-wrk-920534 0
1790393250.486232074 920534 PROBE-server 337
1790393250.486232074 920539 PROBE-server 338
1790393250.486232074 920540 iou-wrk-920534 0
1790393250.692234811 920534 PROBE-server 347
1790393250.692234811 920539 PROBE-server 348
1790393250.692234811 920540 iou-wrk-920534 0
1790393250.897278964 920534 PROBE-server 358
1790393250.897278964 920539 PROBE-server 358
1790393250.897278964 920540 iou-wrk-920534 0
1790393251.102222937 920534 PROBE-server 368
1790393251.102222937 920539 PROBE-server 369
1790393251.102222937 920540 iou-wrk-920534 0
1790393251.308201995 920534 PROBE-server 379
1790393251.308201995 920539 PROBE-server 380
1790393251.308201995 920540 iou-wrk-920534 0
1790393251.513245369 920534 PROBE-server 390
1790393251.513245369 920539 PROBE-server 391
1790393251.513245369 920540 iou-wrk-920534 0
1790393251.718103252 920534 PROBE-server 400
1790393251.718103252 920539 PROBE-server 400
1790393251.718103252 920540 iou-wrk-920534 0
1790393251.923320297 920534 PROBE-server 410
1790393251.923320297 920539 PROBE-server 411
1790393251.923320297 920540 iou-wrk-920534 0
1790393252.128610432 920534 PROBE-server 421
1790393252.128610432 920539 PROBE-server 422
1790393252.128610432 920540 iou-wrk-920534 0
1790393252.334321809 920534 PROBE-server 432
1790393252.334321809 920539 PROBE-server 433
1790393252.334321809 920540 iou-wrk-920534 0
1790393252.539775145 920534 PROBE-server 443
1790393252.539775145 920539 PROBE-server 444
1790393252.539775145 920540 iou-wrk-920534 0
1790393252.745270301 920534 PROBE-server 453
1790393252.745270301 920539 PROBE-server 454
1790393252.745270301 920540 iou-wrk-920534 0
1790393252.951294509 920534 PROBE-server 464
1790393252.951294509 920539 PROBE-server 465
1790393252.951294509 920540 iou-wrk-920534 0
1790393253.156867306 920534 PROBE-server 475
1790393253.156867306 920539 PROBE-server 475
1790393253.156867306 920540 iou-wrk-920534 0
1790393253.362251212 920534 PROBE-server 485
1790393253.362251212 920539 PROBE-server 486
1790393253.362251212 920540 iou-wrk-920534 0
1790393253.567568088 920534 PROBE-server 496
1790393253.567568088 920539 PROBE-server 497
1790393253.567568088 920540 iou-wrk-920534 0
1790393253.773405516 920534 PROBE-server 506
1790393253.773405516 920539 PROBE-server 507
1790393253.773405516 920540 iou-wrk-920534 0
1790393253.979197984 920534 PROBE-server 517
1790393253.979197984 920539 PROBE-server 518
1790393253.979197984 920540 iou-wrk-920534 0
1790393254.185062412 920534 PROBE-server 528
1790393254.185062412 920539 PROBE-server 529
1790393254.185062412 920540 iou-wrk-920534 0
1790393254.390739700 920534 PROBE-server 538
1790393254.390739700 920539 PROBE-server 539
1790393254.390739700 920540 iou-wrk-920534 0
1790393254.596440997 920534 PROBE-server 548
1790393254.596440997 920539 PROBE-server 549
1790393254.596440997 920540 iou-wrk-920534 0
1790393254.802157816 920534 PROBE-server 559
1790393254.802157816 920539 PROBE-server 560
1790393254.802157816 920540 iou-wrk-920534 0
1790393255.007750353 920534 PROBE-server 565
1790393255.007750353 920539 PROBE-server 567
1790393255.007750353 920540 iou-wrk-920534 0
