1790393390.660504718 929505 PROBE-server 0
1790393390.660504718 929510 PROBE-server 0
1790393390.660504718 929511 iou-wrk-929505 0
1790393390.866668093 929505 PROBE-server 12
1790393390.866668093 929510 PROBE-server 10
1790393390.866668093 929511 iou-wrk-929505 0
1790393391.071982275 929505 PROBE-server 24
1790393391.071982275 929510 PROBE-server 22
1790393391.071982275 929511 iou-wrk-929505 0
1790393391.276168442 929505 PROBE-server 36
1790393391.276168442 929510 PROBE-server 34
1790393391.276168442 929511 iou-wrk-929505 0
1790393391.480774982 929505 PROBE-server 48
1790393391.480774982 929510 PROBE-server 45
1790393391.480774982 929511 iou-wrk-929505 0
1790393391.685637192 929505 PROBE-server 60
1790393391.685637192 929510 PROBE-server 56
1790393391.685637192 929511 iou-wrk-929505 0
1790393391.890232391 929505 PROBE-server 73
1790393391.890232391 929510 PROBE-server 68
1790393391.890232391 929511 iou-wrk-929505 0
1790393392.095921075 929505 PROBE-server 86
1790393392.095921075 929510 PROBE-server 80
1790393392.095921075 929511 iou-wrk-929505 0
1790393392.300385213 929505 PROBE-server 98
1790393392.300385213 929510 PROBE-server 92
1790393392.300385213 929511 iou-wrk-929505 0
1790393392.505366854 929505 PROBE-server 110
1790393392.505366854 929510 PROBE-server 103
1790393392.505366854 929511 iou-wrk-929505 0
1790393392.709970044 929505 PROBE-server 121
1790393392.709970044 929510 PROBE-server 114
1790393392.709970044 929511 iou-wrk-929505 0
1790393392.914414563 929505 PROBE-server 134
1790393392.914414563 929510 PROBE-server 125
1790393392.914414563 929511 iou-wrk-929505 0
1790393393.119283413 929505 PROBE-server 145
1790393393.119283413 929510 PROBE-server 136
1790393393.119283413 929511 iou-wrk-929505 0
1790393393.324247795 929505 PROBE-server 157
1790393393.324247795 929510 PROBE-server 147
1790393393.324247795 929511 iou-wrk-929505 0
1790393393.528778204 929505 PROBE-server 170
1790393393.528778204 929510 PROBE-server 159
1790393393.528778204 929511 iou-wrk-929505 0
1790393393.733764226 929505 PROBE-server 182
1790393393.733764226 929510 PROBE-server 171
1790393393.733764226 929511 iou-wrk-929505 0
1790393393.938335205 929505 PROBE-server 194
1790393393.938335205 929510 PROBE-server 182
1790393393.938335205 929511 iou-wrk-929505 0
1790393394.143223876 929505 PROBE-server 206
1790393394.143223876 929510 PROBE-server 194
1790393394.143223876 929511 iou-wrk-929505 0
1790393394.348157438 929505 PROBE-server 219
1790393394.348157438 929510 PROBE-server 205
1790393394.348157438 929511 iou-wrk-929505 0
1790393394.553349010 929505 PROBE-server 231
1790393394.553349010 929510 PROBE-server 216
1790393394.553349010 929511 iou-wrk-929505 0
1790393394.758069781 929505 PROBE-server 243
1790393394.758069781 929510 PROBE-server 228
1790393394.758069781 929511 iou-wrk-929505 0
1790393394.963524065 929505 PROBE-server 255
1790393394.963524065 929510 PROBE-server 240
1790393394.963524065 929511 iou-wrk-929505 0
1790393395.168361956 929505 PROBE-server 267
1790393395.168361956 929510 PROBE-server 251
1790393395.168361956 929511 iou-wrk-929505 0
1790393395.373485459 929505 PROBE-server 279
1790393395.373485459 929510 PROBE-server 263
1790393395.373485459 929511 iou-wrk-929505 0
1790393395.578962253 929505 PROBE-server 294
1790393395.578962253 929510 PROBE-server 276
1790393395.578962253 929511 iou-wrk-929505 0
1790393395.784693128 929505 PROBE-server 305
1790393395.784693128 929510 PROBE-server 288
1790393395.784693128 929511 iou-wrk-929505 0
1790393395.989338728 929505 PROBE-server 317
1790393395.989338728 929510 PROBE-server 299
1790393395.989338728 929511 iou-wrk-929505 0
1790393396.194983634 929505 PROBE-server 330
1790393396.194983634 929510 PROBE-server 310
1790393396.194983634 929511 iou-wrk-929505 0
1790393396.399517514 929505 PROBE-server 341
1790393396.399517514 929510 PROBE-server 321
1790393396.399517514 929511 iou-wrk-929505 0
1790393396.604271465 929505 PROBE-server 354
1790393396.604271465 929510 PROBE-server 333
1790393396.604271465 929511 iou-wrk-929505 0
1790393396.808730296 929505 PROBE-server 366
1790393396.808730296 929510 PROBE-server 344
1790393396.808730296 929511 iou-wrk-929505 0
1790393397.013407777 929505 PROBE-server 378
1790393397.013407777 929510 PROBE-server 356
1790393397.013407777 929511 iou-wrk-929505 0
1790393397.218068549 929505 PROBE-server 390
1790393397.218068549 929510 PROBE-server 367
1790393397.218068549 929511 iou-wrk-929505 0
1790393397.422635530 929505 PROBE-server 402
1790393397.422635530 929510 PROBE-server 379
1790393397.422635530 929511 iou-wrk-929505 0
1790393397.627227811 929505 PROBE-server 414
1790393397.627227811 929510 PROBE-server 390
1790393397.627227811 929511 iou-wrk-929505 0
1790393397.831732841 929505 PROBE-server 426
1790393397.831732841 929510 PROBE-server 401
1790393397.831732841 929511 iou-wrk-929505 0
1790393398.036476963 929505 PROBE-server 439
1790393398.036476963 929510 PROBE-server 413
1790393398.036476963 929511 iou-wrk-929505 0
1790393398.241329966 929505 PROBE-server 451
1790393398.241329966 929510 PROBE-server 424
1790393398.241329966 929511 iou-wrk-929505 0
1790393398.446211029 929505 PROBE-server 463
1790393398.446211029 929510 PROBE-server 435
1790393398.446211029 929511 iou-wrk-929505 0
1790393398.651080701 929505 PROBE-server 475
1790393398.651080701 929510 PROBE-server 447
1790393398.651080701 929511 iou-wrk-929505 0
1790393398.856245025 929505 PROBE-server 488
1790393398.856245025 929510 PROBE-server 459
1790393398.856245025 929511 iou-wrk-929505 0
1790393399.061443399 929505 PROBE-server 499
1790393399.061443399 929510 PROBE-server 470
1790393399.061443399 929511 iou-wrk-929505 0
1790393399.265916260 929505 PROBE-server 511
1790393399.265916260 929510 PROBE-server 483
1790393399.265916260 929511 iou-wrk-929505 0
1790393399.470269331 929505 PROBE-server 524
1790393399.470269331 929510 PROBE-server 494
1790393399.470269331 929511 iou-wrk-929505 0
1790393399.674582242 929505 PROBE-server 535
1790393399.674582242 929510 PROBE-server 505
1790393399.674582242 929511 iou-wrk-929505 0
1790393399.879025483 929505 PROBE-server 547
1790393399.879025483 929510 PROBE-server 516
1790393399.879025483 929511 iou-wrk-929505 0
1790393400.083289184 929505 PROBE-server 559
1790393400.083289184 929510 PROBE-server 526
1790393400.083289184 929511 iou-wrk-929505 0
1790393400.287576435 929505 PROBE-server 571
1790393400.287576435 929510 PROBE-server 538
1790393400.287576435 929511 iou-wrk-929505 0
1790393400.491901776 929505 PROBE-server 583
1790393400.491901776 929510 PROBE-server 549
1790393400.491901776 929511 iou-wrk-929505 0
1790393400.696940840 929505 PROBE-server 595
1790393400.696940840 929510 PROBE-server 561
1790393400.696940840 929511 iou-wrk-929505 0
1790393400.901639253 929505 PROBE-server 607
1790393400.901639253 929510 PROBE-server 572
1790393400.901639253 929511 iou-wrk-929505 0
1790393401.106728967 929505 PROBE-server 620
1790393401.106728967 929510 PROBE-server 584
1790393401.106728967 929511 iou-wrk-929505 0
1790393401.311499301 929505 PROBE-server 631
1790393401.311499301 929510 PROBE-server 596
1790393401.311499301 929511 iou-wrk-929505 0
1790393401.517509299 929505 PROBE-server 644
1790393401.517509299 929510 PROBE-server 608
1790393401.517509299 929511 iou-wrk-929505 0
1790393401.722674754 929505 PROBE-server 653
1790393401.722674754 929510 PROBE-server 616
1790393401.722674754 929511 iou-wrk-929505 0
