1790393423.359486819 931591 PROBE-server 0
1790393423.359486819 931596 PROBE-server 0
1790393423.359486819 931597 iou-wrk-931591 0
1790393423.566091007 931591 PROBE-server 11
1790393423.566091007 931596 PROBE-server 11
1790393423.566091007 931597 iou-wrk-931591 0
1790393423.772434334 931591 PROBE-server 22
1790393423.772434334 931596 PROBE-server 22
1790393423.772434334 931597 iou-wrk-931591 0
1790393423.978390660 931591 PROBE-server 35
1790393423.978390660 931596 PROBE-server 33
1790393423.978390660 931597 iou-wrk-931591 0
1790393424.184091815 931591 PROBE-server 47
1790393424.184091815 931596 PROBE-server 45
1790393424.184091815 931597 iou-wrk-931591 0
1790393424.388709935 931591 PROBE-server 59
1790393424.388709935 931596 PROBE-server 55
1790393424.388709935 931597 iou-wrk-931591 0
1790393424.594657221 931591 PROBE-server 70
1790393424.594657221 931596 PROBE-server 67
1790393424.594657221 931597 iou-wrk-931591 0
1790393424.800282426 931591 PROBE-server 81
1790393424.800282426 931596 PROBE-server 78
1790393424.800282426 931597 iou-wrk-931591 0
1790393425.005603319 931591 PROBE-server 93
1790393425.005603319 931596 PROBE-server 90
1790393425.005603319 931597 iou-wrk-931591 0
1790393425.211037673 931591 PROBE-server 105
1790393425.211037673 931596 PROBE-server 101
1790393425.211037673 931597 iou-wrk-931591 0
1790393425.416671098 931591 PROBE-server 117
1790393425.416671098 931596 PROBE-server 112
1790393425.416671098 931597 iou-wrk-931591 0
1790393425.621713481 931591 PROBE-server 128
1790393425.621713481 931596 PROBE-server 124
1790393425.621713481 931597 iou-wrk-931591 0
1790393425.827345906 931591 PROBE-server 140
1790393425.827345906 931596 PROBE-server 135
1790393425.827345906 931597 iou-wrk-931591 0
1790393426.032893850 931591 PROBE-server 152
1790393426.032893850 931596 PROBE-server 147
1790393426.032893850 931597 iou-wrk-931591 0
1790393426.238024643 931591 PROBE-server 164
1790393426.238024643 931596 PROBE-server 158
1790393426.238024643 931597 iou-wrk-931591 0
1790393426.443836879 931591 PROBE-server 175
1790393426.443836879 931596 PROBE-server 170
1790393426.443836879 931597 iou-wrk-931591 0
1790393426.648632591 931591 PROBE-server 187
1790393426.648632591 931596 PROBE-server 181
1790393426.648632591 931597 iou-wrk-931591 0
1790393426.853441673 931591 PROBE-server 199
1790393426.853441673 931596 PROBE-server 192
1790393426.853441673 931597 iou-wrk-931591 0
1790393427.058760557 931591 PROBE-server 210
1790393427.058760557 931596 PROBE-server 203
1790393427.058760557 931597 iou-wrk-931591 0
1790393427.263241628 931591 PROBE-server 222
1790393427.263241628 931596 PROBE-server 214
1790393427.263241628 931597 iou-wrk-931591 0
1790393427.467781059 931591 PROBE-server 233
1790393427.467781059 931596 PROBE-server 225
1790393427.467781059 931597 iou-wrk-931591 0
1790393427.672376091 931591 PROBE-server 245
1790393427.672376091 931596 PROBE-server 238
1790393427.672376091 931597 iou-wrk-931591 0
1790393427.877675325 931591 PROBE-server 256
1790393427.877675325 931596 PROBE-server 248
1790393427.877675325 931597 iou-wrk-931591 0
1790393428.083222150 931591 PROBE-server 268
1790393428.083222150 931596 PROBE-server 260
1790393428.083222150 931597 iou-wrk-931591 0
1790393428.288680645 931591 PROBE-server 280
1790393428.288680645 931596 PROBE-server 271
1790393428.288680645 931597 iou-wrk-931591 0
1790393428.494415322 931591 PROBE-server 291
1790393428.494415322 931596 PROBE-server 282
1790393428.494415322 931597 iou-wrk-931591 0
1790393428.699917157 931591 PROBE-server 303
1790393428.699917157 931596 PROBE-server 293
1790393428.699917157 931597 iou-wrk-931591 0
1790393428.905354382 931591 PROBE-server 314
1790393428.905354382 931596 PROBE-server 304
1790393428.905354382 931597 iou-wrk-931591 0
1790393429.110209835 931591 PROBE-server 326
1790393429.110209835 931596 PROBE-server 316
1790393429.110209835 931597 iou-wrk-931591 0
1790393429.314777557 931591 PROBE-server 337
1790393429.314777557 931596 PROBE-server 327
1790393429.314777557 931597 iou-wrk-931591 0
1790393429.520266023 931591 PROBE-server 349
1790393429.520266023 931596 PROBE-server 339
1790393429.520266023 931597 iou-wrk-931591 0
1790393429.725620138 931591 PROBE-server 361
1790393429.725620138 931596 PROBE-server 350
1790393429.725620138 931597 iou-wrk-931591 0
1790393429.931439895 931591 PROBE-server 372
1790393429.931439895 931596 PROBE-server 361
1790393429.931439895 931597 iou-wrk-931591 0
1790393430.137205682 931591 PROBE-server 384
1790393430.137205682 931596 PROBE-server 372
1790393430.137205682 931597 iou-wrk-931591 0
1790393430.342563067 931591 PROBE-server 396
1790393430.342563067 931596 PROBE-server 383
1790393430.342563067 931597 iou-wrk-931591 0
1790393430.547840102 931591 PROBE-server 407
1790393430.547840102 931596 PROBE-server 395
1790393430.547840102 931597 iou-wrk-931591 0
1790393430.753519609 931591 PROBE-server 418
1790393430.753519609 931596 PROBE-server 406
1790393430.753519609 931597 iou-wrk-931591 0
1790393430.959186136 931591 PROBE-server 430
1790393430.959186136 931596 PROBE-server 417
1790393430.959186136 931597 iou-wrk-931591 0
1790393431.164147340 931591 PROBE-server 441
1790393431.164147340 931596 PROBE-server 428
1790393431.164147340 931597 iou-wrk-931591 0
1790393431.370151688 931591 PROBE-server 453
1790393431.370151688 931596 PROBE-server 439
1790393431.370151688 931597 iou-wrk-931591 0
1790393431.575929856 931591 PROBE-server 464
1790393431.575929856 931596 PROBE-server 450
1790393431.575929856 931597 iou-wrk-931591 0
1790393431.782132455 931591 PROBE-server 476
1790393431.782132455 931596 PROBE-server 461
1790393431.782132455 931597 iou-wrk-931591 0
1790393431.987882373 931591 PROBE-server 488
1790393431.987882373 931596 PROBE-server 472
1790393431.987882373 931597 iou-wrk-931591 0
1790393432.193644730 931591 PROBE-server 499
1790393432.193644730 931596 PROBE-server 484
1790393432.193644730 931597 iou-wrk-931591 0
1790393432.398624145 931591 PROBE-server 511
1790393432.398624145 931596 PROBE-server 495
1790393432.398624145 931597 iou-wrk-931591 0
1790393432.604420493 931591 PROBE-server 522
1790393432.604420493 931596 PROBE-server 506
1790393432.604420493 931597 iou-wrk-931591 0
1790393432.810451782 931591 PROBE-server 534
1790393432.810451782 931596 PROBE-server 517
1790393432.810451782 931597 iou-wrk-931591 0
1790393433.016547051 931591 PROBE-server 545
1790393433.016547051 931596 PROBE-server 528
1790393433.016547051 931597 iou-wrk-931591 0
1790393433.222221759 931591 PROBE-server 557
1790393433.222221759 931596 PROBE-server 540
1790393433.222221759 931597 iou-wrk-931591 0
1790393433.427181303 931591 PROBE-server 569
1790393433.427181303 931596 PROBE-server 551
1790393433.427181303 931597 iou-wrk-931591 0
1790393433.632358679 931591 PROBE-server 581
1790393433.632358679 931596 PROBE-server 562
1790393433.632358679 931597 iou-wrk-931591 0
1790393433.838029237 931591 PROBE-server 592
1790393433.838029237 931596 PROBE-server 573
1790393433.838029237 931597 iou-wrk-931591 0
1790393434.043888445 931591 PROBE-server 604
1790393434.043888445 931596 PROBE-server 584
1790393434.043888445 931597 iou-wrk-931591 0
1790393434.249048042 931591 PROBE-server 615
1790393434.249048042 931596 PROBE-server 595
1790393434.249048042 931597 iou-wrk-931591 0
1790393434.454188527 931591 PROBE-server 622
1790393434.454188527 931596 PROBE-server 602
1790393434.454188527 931597 iou-wrk-931591 0
