1790392971.954981295 900586 PROBE-server 0
1790392971.954981295 900591 PROBE-server 0
1790392971.954981295 900592 iou-wrk-900586 0
1790392972.161766052 900586 PROBE-server 11
1790392972.161766052 900591 PROBE-server 10
1790392972.161766052 900592 iou-wrk-900586 0
1790392972.367295784 900586 PROBE-server 22
1790392972.367295784 900591 PROBE-server 21
1790392972.367295784 900592 iou-wrk-900586 0
1790392972.572750857 900586 PROBE-server 34
1790392972.572750857 900591 PROBE-server 32
1790392972.572750857 900592 iou-wrk-900586 0
1790392972.777301777 900586 PROBE-server 45
1790392972.777301777 900591 PROBE-server 42
1790392972.777301777 900592 iou-wrk-900586 0
1790392972.982874500 900586 PROBE-server 58
1790392972.982874500 900591 PROBE-server 54
1790392972.982874500 900592 iou-wrk-900586 0
1790392973.188324583 900586 PROBE-server 69
1790392973.188324583 900591 PROBE-server 65
1790392973.188324583 900592 iou-wrk-900586 0
1790392973.394329388 900586 PROBE-server 81
1790392973.394329388 900591 PROBE-server 75
1790392973.394329388 900592 iou-wrk-900586 0
1790392973.599657532 900586 PROBE-server 92
1790392973.599657532 900591 PROBE-server 85
1790392973.599657532 900592 iou-wrk-900586 0
1790392973.805265696 900586 PROBE-server 104
1790392973.805265696 900591 PROBE-server 96
1790392973.805265696 900592 iou-wrk-900586 0
1790392974.010849229 900586 PROBE-server 115
1790392974.010849229 900591 PROBE-server 108
1790392974.010849229 900592 iou-wrk-900586 0
1790392974.216624225 900586 PROBE-server 126
1790392974.216624225 900591 PROBE-server 118
1790392974.216624225 900592 iou-wrk-900586 0
1790392974.422008409 900586 PROBE-server 138
1790392974.422008409 900591 PROBE-server 128
1790392974.422008409 900592 iou-wrk-900586 0
1790392974.627477793 900586 PROBE-server 150
1790392974.627477793 900591 PROBE-server 139
1790392974.627477793 900592 iou-wrk-900586 0
1790392974.832785887 900586 PROBE-server 162
1790392974.832785887 900591 PROBE-server 151
1790392974.832785887 900592 iou-wrk-900586 0
1790392975.037931410 900586 PROBE-server 173
1790392975.037931410 900591 PROBE-server 162
1790392975.037931410 900592 iou-wrk-900586 0
1790392975.243557396 900586 PROBE-server 185
1790392975.243557396 900591 PROBE-server 173
1790392975.243557396 900592 iou-wrk-900586 0
1790392975.449633933 900586 PROBE-server 196
1790392975.449633933 900591 PROBE-server 184
1790392975.449633933 900592 iou-wrk-900586 0
1790392975.655454829 900586 PROBE-server 208
1790392975.655454829 900591 PROBE-server 194
1790392975.655454829 900592 iou-wrk-900586 0
1790392975.860983634 900586 PROBE-server 219
1790392975.860983634 900591 PROBE-server 205
1790392975.860983634 900592 iou-wrk-900586 0
1790392976.067013411 900586 PROBE-server 231
1790392976.067013411 900591 PROBE-server 216
1790392976.067013411 900592 iou-wrk-900586 0
1790392976.272247656 900586 PROBE-server 243
1790392976.272247656 900591 PROBE-server 226
1790392976.272247656 900592 iou-wrk-900586 0
1790392976.478213404 900586 PROBE-server 255
1790392976.478213404 900591 PROBE-server 237
1790392976.478213404 900592 iou-wrk-900586 0
1790392976.684298722 900586 PROBE-server 266
1790392976.684298722 900591 PROBE-server 249
1790392976.684298722 900592 iou-wrk-900586 0
1790392976.889379557 900586 PROBE-server 278
1790392976.889379557 900591 PROBE-server 259
1790392976.889379557 900592 iou-wrk-900586 0
1790392977.094891393 900586 PROBE-server 289
1790392977.094891393 900591 PROBE-server 270
1790392977.094891393 900592 iou-wrk-900586 0
1790392977.299800328 900586 PROBE-server 301
1790392977.299800328 900591 PROBE-server 281
1790392977.299800328 900592 iou-wrk-900586 0
1790392977.505356955 900586 PROBE-server 312
1790392977.505356955 900591 PROBE-server 292
1790392977.505356955 900592 iou-wrk-900586 0
1790392977.710625331 900586 PROBE-server 324
1790392977.710625331 900591 PROBE-server 303
1790392977.710625331 900592 iou-wrk-900586 0
1790392977.916668329 900586 PROBE-server 336
1790392977.916668329 900591 PROBE-server 314
1790392977.916668329 900592 iou-wrk-900586 0
1790392978.122887139 900586 PROBE-server 348
1790392978.122887139 900591 PROBE-server 325
1790392978.122887139 900592 iou-wrk-900586 0
1790392978.328989598 900586 PROBE-server 359
1790392978.328989598 900591 PROBE-server 336
1790392978.328989598 900592 iou-wrk-900586 0
1790392978.535174998 900586 PROBE-server 371
1790392978.535174998 900591 PROBE-server 346
1790392978.535174998 900592 iou-wrk-900586 0
1790392978.740316374 900586 PROBE-server 383
1790392978.740316374 900591 PROBE-server 357
1790392978.740316374 900592 iou-wrk-900586 0
1790392978.946395164 900586 PROBE-server 394
1790392978.946395164 900591 PROBE-server 368
1790392978.946395164 900592 iou-wrk-900586 0
1790392979.152111792 900586 PROBE-server 406
1790392979.152111792 900591 PROBE-server 379
1790392979.152111792 900592 iou-wrk-900586 0
1790392979.357879762 900586 PROBE-server 417
1790392979.357879762 900591 PROBE-server 390
1790392979.357879762 900592 iou-wrk-900586 0
1790392979.563333750 900586 PROBE-server 429
1790392979.563333750 900591 PROBE-server 400
1790392979.563333750 900592 iou-wrk-900586 0
1790392979.768968079 900586 PROBE-server 441
1790392979.768968079 900591 PROBE-server 411
1790392979.768968079 900592 iou-wrk-900586 0
1790392979.974750528 900586 PROBE-server 452
1790392979.974750528 900591 PROBE-server 422
1790392979.974750528 900592 iou-wrk-900586 0
1790392980.180173127 900586 PROBE-server 464
1790392980.180173127 900591 PROBE-server 433
1790392980.180173127 900592 iou-wrk-900586 0
1790392980.385064534 900586 PROBE-server 476
1790392980.385064534 900591 PROBE-server 444
1790392980.385064534 900592 iou-wrk-900586 0
1790392980.589772721 900586 PROBE-server 487
1790392980.589772721 900591 PROBE-server 455
1790392980.589772721 900592 iou-wrk-900586 0
1790392980.794736369 900586 PROBE-server 498
1790392980.794736369 900591 PROBE-server 466
1790392980.794736369 900592 iou-wrk-900586 0
1790392980.999787406 900586 PROBE-server 510
1790392980.999787406 900591 PROBE-server 476
1790392980.999787406 900592 iou-wrk-900586 0
1790392981.206014238 900586 PROBE-server 522
1790392981.206014238 900591 PROBE-server 487
1790392981.206014238 900592 iou-wrk-900586 0
1790392981.411360408 900586 PROBE-server 533
1790392981.411360408 900591 PROBE-server 498
1790392981.411360408 900592 iou-wrk-900586 0
1790392981.617003748 900586 PROBE-server 544
1790392981.617003748 900591 PROBE-server 509
1790392981.617003748 900592 iou-wrk-900586 0
1790392981.822310838 900586 PROBE-server 556
1790392981.822310838 900591 PROBE-server 519
1790392981.822310838 900592 iou-wrk-900586 0
1790392982.027840928 900586 PROBE-server 567
1790392982.027840928 900591 PROBE-server 530
1790392982.027840928 900592 iou-wrk-900586 0
1790392982.232943737 900586 PROBE-server 579
1790392982.232943737 900591 PROBE-server 541
1790392982.232943737 900592 iou-wrk-900586 0
1790392982.439063120 900586 PROBE-server 591
1790392982.439063120 900591 PROBE-server 553
1790392982.439063120 900592 iou-wrk-900586 0
1790392982.644219340 900586 PROBE-server 603
1790392982.644219340 900591 PROBE-server 564
1790392982.644219340 900592 iou-wrk-900586 0
1790392982.850069012 900586 PROBE-server 615
1790392982.850069012 900591 PROBE-server 575
1790392982.850069012 900592 iou-wrk-900586 0
1790392983.056082144 900586 PROBE-server 621
1790392983.056082144 900591 PROBE-server 580
1790392983.056082144 900592 iou-wrk-900586 0
