1790393379.139308744 928471 PROBE-server 0
1790393379.139308744 928476 PROBE-server 0
1790393379.139308744 928477 iou-wrk-928471 0
1790393379.346127827 928471 PROBE-server 11
1790393379.346127827 928476 PROBE-server 10
1790393379.346127827 928477 iou-wrk-928471 0
1790393379.550818623 928471 PROBE-server 24
1790393379.550818623 928476 PROBE-server 23
1790393379.550818623 928477 iou-wrk-928471 0
1790393379.755351447 928471 PROBE-server 36
1790393379.755351447 928476 PROBE-server 34
1790393379.755351447 928477 iou-wrk-928471 0
1790393379.959917362 928471 PROBE-server 48
1790393379.959917362 928476 PROBE-server 46
1790393379.959917362 928477 iou-wrk-928471 0
1790393380.164319796 928471 PROBE-server 58
1790393380.164319796 928476 PROBE-server 57
1790393380.164319796 928477 iou-wrk-928471 0
1790393380.369042712 928471 PROBE-server 71
1790393380.369042712 928476 PROBE-server 68
1790393380.369042712 928477 iou-wrk-928471 0
1790393380.573981178 928471 PROBE-server 82
1790393380.573981178 928476 PROBE-server 79
1790393380.573981178 928477 iou-wrk-928471 0
1790393380.778182302 928471 PROBE-server 92
1790393380.778182302 928476 PROBE-server 89
1790393380.778182302 928477 iou-wrk-928471 0
1790393380.982720447 928471 PROBE-server 105
1790393380.982720447 928476 PROBE-server 101
1790393380.982720447 928477 iou-wrk-928471 0
1790393381.187577283 928471 PROBE-server 116
1790393381.187577283 928476 PROBE-server 112
1790393381.187577283 928477 iou-wrk-928471 0
1790393381.392103549 928471 PROBE-server 128
1790393381.392103549 928476 PROBE-server 123
1790393381.392103549 928477 iou-wrk-928471 0
1790393381.597337897 928471 PROBE-server 139
1790393381.597337897 928476 PROBE-server 135
1790393381.597337897 928477 iou-wrk-928471 0
1790393381.802860276 928471 PROBE-server 151
1790393381.802860276 928476 PROBE-server 147
1790393381.802860276 928477 iou-wrk-928471 0
1790393382.007737732 928471 PROBE-server 163
1790393382.007737732 928476 PROBE-server 158
1790393382.007737732 928477 iou-wrk-928471 0
1790393382.212020997 928471 PROBE-server 175
1790393382.212020997 928476 PROBE-server 171
1790393382.212020997 928477 iou-wrk-928471 0
1790393382.416586463 928471 PROBE-server 187
1790393382.416586463 928476 PROBE-server 183
1790393382.416586463 928477 iou-wrk-928471 0
1790393382.620963788 928471 PROBE-server 200
1790393382.620963788 928476 PROBE-server 195
1790393382.620963788 928477 iou-wrk-928471 0
1790393382.825640844 928471 PROBE-server 213
1790393382.825640844 928476 PROBE-server 207
1790393382.825640844 928477 iou-wrk-928471 0
1790393383.029993659 928471 PROBE-server 225
1790393383.029993659 928476 PROBE-server 218
1790393383.029993659 928477 iou-wrk-928471 0
1790393383.234438965 928471 PROBE-server 237
1790393383.234438965 928476 PROBE-server 231
1790393383.234438965 928477 iou-wrk-928471 0
1790393383.438977341 928471 PROBE-server 249
1790393383.438977341 928476 PROBE-server 242
1790393383.438977341 928477 iou-wrk-928471 0
1790393383.643305506 928471 PROBE-server 261
1790393383.643305506 928476 PROBE-server 253
1790393383.643305506 928477 iou-wrk-928471 0
1790393383.847954582 928471 PROBE-server 273
1790393383.847954582 928476 PROBE-server 265
1790393383.847954582 928477 iou-wrk-928471 0
1790393384.052271057 928471 PROBE-server 284
1790393384.052271057 928476 PROBE-server 276
1790393384.052271057 928477 iou-wrk-928471 0
1790393384.256660763 928471 PROBE-server 295
1790393384.256660763 928476 PROBE-server 287
1790393384.256660763 928477 iou-wrk-928471 0
1790393384.461547721 928471 PROBE-server 308
1790393384.461547721 928476 PROBE-server 299
1790393384.461547721 928477 iou-wrk-928471 0
1790393384.666425309 928471 PROBE-server 320
1790393384.666425309 928476 PROBE-server 309
1790393384.666425309 928477 iou-wrk-928471 0
1790393384.870910785 928471 PROBE-server 332
1790393384.870910785 928476 PROBE-server 322
1790393384.870910785 928477 iou-wrk-928471 0
1790393385.075351251 928471 PROBE-server 344
1790393385.075351251 928476 PROBE-server 334
1790393385.075351251 928477 iou-wrk-928471 0
1790393385.280389320 928471 PROBE-server 357
1790393385.280389320 928476 PROBE-server 346
1790393385.280389320 928477 iou-wrk-928471 0
1790393385.485219227 928471 PROBE-server 368
1790393385.485219227 928476 PROBE-server 356
1790393385.485219227 928477 iou-wrk-928471 0
1790393385.689862955 928471 PROBE-server 380
1790393385.689862955 928476 PROBE-server 368
1790393385.689862955 928477 iou-wrk-928471 0
1790393385.894665352 928471 PROBE-server 391
1790393385.894665352 928476 PROBE-server 379
1790393385.894665352 928477 iou-wrk-928471 0
1790393386.099894082 928471 PROBE-server 402
1790393386.099894082 928476 PROBE-server 390
1790393386.099894082 928477 iou-wrk-928471 0
1790393386.304407599 928471 PROBE-server 414
1790393386.304407599 928476 PROBE-server 402
1790393386.304407599 928477 iou-wrk-928471 0
1790393386.509027097 928471 PROBE-server 425
1790393386.509027097 928476 PROBE-server 412
1790393386.509027097 928477 iou-wrk-928471 0
1790393386.713456513 928471 PROBE-server 435
1790393386.713456513 928476 PROBE-server 424
1790393386.713456513 928477 iou-wrk-928471 0
1790393386.917993310 928471 PROBE-server 447
1790393386.917993310 928476 PROBE-server 436
1790393386.917993310 928477 iou-wrk-928471 0
1790393387.122456057 928471 PROBE-server 459
1790393387.122456057 928476 PROBE-server 448
1790393387.122456057 928477 iou-wrk-928471 0
1790393387.326968754 928471 PROBE-server 472
1790393387.326968754 928476 PROBE-server 460
1790393387.326968754 928477 iou-wrk-928471 0
1790393387.531313961 928471 PROBE-server 485
1790393387.531313961 928476 PROBE-server 473
1790393387.531313961 928477 iou-wrk-928471 0
1790393387.735688018 928471 PROBE-server 495
1790393387.735688018 928476 PROBE-server 483
1790393387.735688018 928477 iou-wrk-928471 0
1790393387.940138505 928471 PROBE-server 508
1790393387.940138505 928476 PROBE-server 496
1790393387.940138505 928477 iou-wrk-928471 0
1790393388.144856693 928471 PROBE-server 521
1790393388.144856693 928476 PROBE-server 509
1790393388.144856693 928477 iou-wrk-928471 0
1790393388.349209780 928471 PROBE-server 535
1790393388.349209780 928476 PROBE-server 521
1790393388.349209780 928477 iou-wrk-928471 0
1790393388.553645718 928471 PROBE-server 546
1790393388.553645718 928476 PROBE-server 533
1790393388.553645718 928477 iou-wrk-928471 0
1790393388.758388736 928471 PROBE-server 559
1790393388.758388736 928476 PROBE-server 545
1790393388.758388736 928477 iou-wrk-928471 0
1790393388.963022544 928471 PROBE-server 569
1790393388.963022544 928476 PROBE-server 557
1790393388.963022544 928477 iou-wrk-928471 0
1790393389.167650103 928471 PROBE-server 581
1790393389.167650103 928476 PROBE-server 568
1790393389.167650103 928477 iou-wrk-928471 0
1790393389.372039950 928471 PROBE-server 593
1790393389.372039950 928476 PROBE-server 580
1790393389.372039950 928477 iou-wrk-928471 0
1790393389.577014050 928471 PROBE-server 604
1790393389.577014050 928476 PROBE-server 591
1790393389.577014050 928477 iou-wrk-928471 0
1790393389.781464208 928471 PROBE-server 617
1790393389.781464208 928476 PROBE-server 602
1790393389.781464208 928477 iou-wrk-928471 0
1790393389.985822586 928471 PROBE-server 628
1790393389.985822586 928476 PROBE-server 612
1790393389.985822586 928477 iou-wrk-928471 0
1790393390.190342784 928471 PROBE-server 637
1790393390.190342784 928476 PROBE-server 621
1790393390.190342784 928477 iou-wrk-928471 0
1790393390.395942167 928471 PROBE-server 637
1790393390.395942167 928476 PROBE-server 621
1790393390.395942167 928477 iou-wrk-928471 0
