1790393511.848307193 938070 PROBE-server 0
1790393511.848307193 938075 PROBE-server 0
1790393511.848307193 938076 iou-wrk-938070 0
1790393512.054525786 938070 PROBE-server 11
1790393512.054525786 938075 PROBE-server 11
1790393512.054525786 938076 iou-wrk-938070 0
1790393512.260754190 938070 PROBE-server 24
1790393512.260754190 938075 PROBE-server 22
1790393512.260754190 938076 iou-wrk-938070 0
1790393512.465653659 938070 PROBE-server 36
1790393512.465653659 938075 PROBE-server 34
1790393512.465653659 938076 iou-wrk-938070 0
1790393512.670308406 938070 PROBE-server 47
1790393512.670308406 938075 PROBE-server 45
1790393512.670308406 938076 iou-wrk-938070 0
1790393512.876290879 938070 PROBE-server 60
1790393512.876290879 938075 PROBE-server 56
1790393512.876290879 938076 iou-wrk-938070 0
1790393513.082111931 938070 PROBE-server 73
1790393513.082111931 938075 PROBE-server 68
1790393513.082111931 938076 iou-wrk-938070 0
1790393513.287519782 938070 PROBE-server 84
1790393513.287519782 938075 PROBE-server 79
1790393513.287519782 938076 iou-wrk-938070 0
1790393513.492705882 938070 PROBE-server 97
1790393513.492705882 938075 PROBE-server 91
1790393513.492705882 938076 iou-wrk-938070 0
1790393513.698119783 938070 PROBE-server 109
1790393513.698119783 938075 PROBE-server 102
1790393513.698119783 938076 iou-wrk-938070 0
1790393513.903549704 938070 PROBE-server 121
1790393513.903549704 938075 PROBE-server 115
1790393513.903549704 938076 iou-wrk-938070 0
1790393514.108657344 938070 PROBE-server 133
1790393514.108657344 938075 PROBE-server 126
1790393514.108657344 938076 iou-wrk-938070 0
1790393514.313245691 938070 PROBE-server 146
1790393514.313245691 938075 PROBE-server 138
1790393514.313245691 938076 iou-wrk-938070 0
1790393514.518665222 938070 PROBE-server 158
1790393514.518665222 938075 PROBE-server 148
1790393514.518665222 938076 iou-wrk-938070 0
1790393514.724072913 938070 PROBE-server 171
1790393514.724072913 938075 PROBE-server 161
1790393514.724072913 938076 iou-wrk-938070 0
1790393514.929648645 938070 PROBE-server 183
1790393514.929648645 938075 PROBE-server 172
1790393514.929648645 938076 iou-wrk-938070 0
1790393515.135131857 938070 PROBE-server 195
1790393515.135131857 938075 PROBE-server 184
1790393515.135131857 938076 iou-wrk-938070 0
1790393515.340922150 938070 PROBE-server 207
1790393515.340922150 938075 PROBE-server 196
1790393515.340922150 938076 iou-wrk-938070 0
1790393515.546553762 938070 PROBE-server 219
1790393515.546553762 938075 PROBE-server 208
1790393515.546553762 938076 iou-wrk-938070 0
1790393515.751363151 938070 PROBE-server 231
1790393515.751363151 938075 PROBE-server 220
1790393515.751363151 938076 iou-wrk-938070 0
1790393515.956544961 938070 PROBE-server 244
1790393515.956544961 938075 PROBE-server 230
1790393515.956544961 938076 iou-wrk-938070 0
1790393516.161371220 938070 PROBE-server 256
1790393516.161371220 938075 PROBE-server 242
1790393516.161371220 938076 iou-wrk-938070 0
1790393516.366418721 938070 PROBE-server 268
1790393516.366418721 938075 PROBE-server 253
1790393516.366418721 938076 iou-wrk-938070 0
1790393516.571971703 938070 PROBE-server 280
1790393516.571971703 938075 PROBE-server 265
1790393516.571971703 938076 iou-wrk-938070 0
1790393516.778094918 938070 PROBE-server 292
1790393516.778094918 938075 PROBE-server 277
1790393516.778094918 938076 iou-wrk-938070 0
1790393516.983941671 938070 PROBE-server 305
1790393516.983941671 938075 PROBE-server 289
1790393516.983941671 938076 iou-wrk-938070 0
1790393517.188622250 938070 PROBE-server 317
1790393517.188622250 938075 PROBE-server 300
1790393517.188622250 938076 iou-wrk-938070 0
1790393517.393202698 938070 PROBE-server 329
1790393517.393202698 938075 PROBE-server 311
1790393517.393202698 938076 iou-wrk-938070 0
1790393517.598702871 938070 PROBE-server 340
1790393517.598702871 938075 PROBE-server 323
1790393517.598702871 938076 iou-wrk-938070 0
1790393517.803281969 938070 PROBE-server 353
1790393517.803281969 938075 PROBE-server 334
1790393517.803281969 938076 iou-wrk-938070 0
1790393518.008115348 938070 PROBE-server 365
1790393518.008115348 938075 PROBE-server 346
1790393518.008115348 938076 iou-wrk-938070 0
1790393518.214124703 938070 PROBE-server 378
1790393518.214124703 938075 PROBE-server 358
1790393518.214124703 938076 iou-wrk-938070 0
1790393518.419495235 938070 PROBE-server 390
1790393518.419495235 938075 PROBE-server 370
1790393518.419495235 938076 iou-wrk-938070 0
1790393518.625218789 938070 PROBE-server 402
1790393518.625218789 938075 PROBE-server 381
1790393518.625218789 938076 iou-wrk-938070 0
1790393518.830316000 938070 PROBE-server 414
1790393518.830316000 938075 PROBE-server 392
1790393518.830316000 938076 iou-wrk-938070 0
1790393519.036066843 938070 PROBE-server 427
1790393519.036066843 938075 PROBE-server 404
1790393519.036066843 938076 iou-wrk-938070 0
1790393519.240968484 938070 PROBE-server 439
1790393519.240968484 938075 PROBE-server 416
1790393519.240968484 938076 iou-wrk-938070 0
1790393519.446676237 938070 PROBE-server 451
1790393519.446676237 938075 PROBE-server 428
1790393519.446676237 938076 iou-wrk-938070 0
1790393519.652212560 938070 PROBE-server 464
1790393519.652212560 938075 PROBE-server 439
1790393519.652212560 938076 iou-wrk-938070 0
1790393519.857315052 938070 PROBE-server 476
1790393519.857315052 938075 PROBE-server 450
1790393519.857315052 938076 iou-wrk-938070 0
1790393520.063069306 938070 PROBE-server 488
1790393520.063069306 938075 PROBE-server 462
1790393520.063069306 938076 iou-wrk-938070 0
1790393520.269471603 938070 PROBE-server 500
1790393520.269471603 938075 PROBE-server 474
1790393520.269471603 938076 iou-wrk-938070 0
1790393520.475038246 938070 PROBE-server 512
1790393520.475038246 938075 PROBE-server 485
1790393520.475038246 938076 iou-wrk-938070 0
1790393520.681003081 938070 PROBE-server 525
1790393520.681003081 938075 PROBE-server 497
1790393520.681003081 938076 iou-wrk-938070 0
1790393520.886285423 938070 PROBE-server 536
1790393520.886285423 938075 PROBE-server 508
1790393520.886285423 938076 iou-wrk-938070 0
1790393521.091314805 938070 PROBE-server 549
1790393521.091314805 938075 PROBE-server 520
1790393521.091314805 938076 iou-wrk-938070 0
1790393521.296758308 938070 PROBE-server 560
1790393521.296758308 938075 PROBE-server 531
1790393521.296758308 938076 iou-wrk-938070 0
1790393521.502346802 938070 PROBE-server 573
1790393521.502346802 938075 PROBE-server 542
1790393521.502346802 938076 iou-wrk-938070 0
1790393521.707229032 938070 PROBE-server 585
1790393521.707229032 938075 PROBE-server 555
1790393521.707229032 938076 iou-wrk-938070 0
1790393521.912176744 938070 PROBE-server 597
1790393521.912176744 938075 PROBE-server 566
1790393521.912176744 938076 iou-wrk-938070 0
1790393522.117582467 938070 PROBE-server 610
1790393522.117582467 938075 PROBE-server 577
1790393522.117582467 938076 iou-wrk-938070 0
1790393522.323529732 938070 PROBE-server 622
1790393522.323529732 938075 PROBE-server 589
1790393522.323529732 938076 iou-wrk-938070 0
1790393522.529688829 938070 PROBE-server 634
1790393522.529688829 938075 PROBE-server 602
1790393522.529688829 938076 iou-wrk-938070 0
1790393522.734736001 938070 PROBE-server 646
1790393522.734736001 938075 PROBE-server 613
1790393522.734736001 938076 iou-wrk-938070 0
1790393522.939963883 938070 PROBE-server 654
1790393522.939963883 938075 PROBE-server 620
1790393522.939963883 938076 iou-wrk-938070 0
