1790393551.098836137 941154 PROBE-server 0
1790393551.098836137 941159 PROBE-server 0
1790393551.098836137 941160 iou-wrk-941154 0
1790393551.304249578 941154 PROBE-server 18
1790393551.304249578 941159 PROBE-server 0
1790393551.304249578 941160 iou-wrk-941154 0
1790393551.304249578 941213 iou-wrk-941159 0
1790393551.512060219 941154 PROBE-server 40
1790393551.512060219 941159 PROBE-server 0
1790393551.512060219 941160 iou-wrk-941154 0
1790393551.512060219 941213 iou-wrk-941159 0
1790393551.719157988 941154 PROBE-server 59
1790393551.719157988 941159 PROBE-server 0
1790393551.719157988 941160 iou-wrk-941154 0
1790393551.719157988 941213 iou-wrk-941159 0
1790393551.925894394 941154 PROBE-server 80
1790393551.925894394 941159 PROBE-server 0
1790393551.925894394 941160 iou-wrk-941154 0
1790393551.925894394 941213 iou-wrk-941159 0
1790393552.132026969 941154 PROBE-server 100
1790393552.132026969 941159 PROBE-server 0
1790393552.132026969 941160 iou-wrk-941154 0
1790393552.132026969 941213 iou-wrk-941159 0
1790393552.338482875 941154 PROBE-server 120
1790393552.338482875 941159 PROBE-server 0
1790393552.338482875 941160 iou-wrk-941154 0
1790393552.338482875 941213 iou-wrk-941159 0
1790393552.545321082 941154 PROBE-server 141
1790393552.545321082 941159 PROBE-server 0
1790393552.545321082 941160 iou-wrk-941154 0
1790393552.545321082 941213 iou-wrk-941159 0
1790393552.751886898 941154 PROBE-server 161
1790393552.751886898 941159 PROBE-server 0
1790393552.751886898 941160 iou-wrk-941154 0
1790393552.751886898 941213 iou-wrk-941159 0
1790393552.958923536 941154 PROBE-server 181
1790393552.958923536 941159 PROBE-server 0
1790393552.958923536 941160 iou-wrk-941154 0
1790393552.958923536 941213 iou-wrk-941159 0
1790393553.165475693 941154 PROBE-server 202
1790393553.165475693 941159 PROBE-server 0
1790393553.165475693 941160 iou-wrk-941154 0
1790393553.165475693 941213 iou-wrk-941159 0
1790393553.371758538 941154 PROBE-server 221
1790393553.371758538 941159 PROBE-server 0
1790393553.371758538 941160 iou-wrk-941154 0
1790393553.371758538 941213 iou-wrk-941159 0
1790393553.578287775 941154 PROBE-server 242
1790393553.578287775 941159 PROBE-server 0
1790393553.578287775 941160 iou-wrk-941154 0
1790393553.578287775 941213 iou-wrk-941159 0
1790393553.785038452 941154 PROBE-server 263
1790393553.785038452 941159 PROBE-server 0
1790393553.785038452 941160 iou-wrk-941154 0
1790393553.785038452 941213 iou-wrk-941159 0
1790393553.991660819 941154 PROBE-server 282
1790393553.991660819 941159 PROBE-server 0
1790393553.991660819 941160 iou-wrk-941154 0
1790393553.991660819 941213 iou-wrk-941159 0
1790393554.198083075 941154 PROBE-server 303
1790393554.198083075 941159 PROBE-server 0
1790393554.198083075 941160 iou-wrk-941154 0
1790393554.198083075 941213 iou-wrk-941159 0
1790393554.404714072 941154 PROBE-server 323
1790393554.404714072 941159 PROBE-server 0
1790393554.404714072 941160 iou-wrk-941154 0
1790393554.404714072 941213 iou-wrk-941159 0
1790393554.611413739 941154 PROBE-server 344
1790393554.611413739 941159 PROBE-server 0
1790393554.611413739 941160 iou-wrk-941154 0
1790393554.611413739 941213 iou-wrk-941159 0
1790393554.818312998 941154 PROBE-server 364
1790393554.818312998 941159 PROBE-server 0
1790393554.818312998 941160 iou-wrk-941154 0
1790393554.818312998 941213 iou-wrk-941159 0
1790393555.025523067 941154 PROBE-server 385
1790393555.025523067 941159 PROBE-server 0
1790393555.025523067 941160 iou-wrk-941154 0
1790393555.025523067 941213 iou-wrk-941159 0
1790393555.231537612 941154 PROBE-server 404
1790393555.231537612 941159 PROBE-server 0
1790393555.231537612 941160 iou-wrk-941154 0
1790393555.231537612 941213 iou-wrk-941159 0
1790393555.438709131 941154 PROBE-server 425
1790393555.438709131 941159 PROBE-server 0
1790393555.438709131 941160 iou-wrk-941154 0
1790393555.438709131 941213 iou-wrk-941159 0
1790393555.645397659 941154 PROBE-server 444
1790393555.645397659 941159 PROBE-server 0
1790393555.645397659 941160 iou-wrk-941154 0
1790393555.645397659 941213 iou-wrk-941159 0
1790393555.852671529 941154 PROBE-server 466
1790393555.852671529 941159 PROBE-server 0
1790393555.852671529 941160 iou-wrk-941154 0
1790393555.852671529 941213 iou-wrk-941159 0
1790393556.059409577 941154 PROBE-server 486
1790393556.059409577 941159 PROBE-server 0
1790393556.059409577 941160 iou-wrk-941154 0
1790393556.059409577 941213 iou-wrk-941159 0
1790393556.266131405 941154 PROBE-server 506
1790393556.266131405 941159 PROBE-server 0
1790393556.266131405 941160 iou-wrk-941154 0
1790393556.266131405 941213 iou-wrk-941159 0
1790393556.472914433 941154 PROBE-server 526
1790393556.472914433 941159 PROBE-server 0
1790393556.472914433 941160 iou-wrk-941154 0
1790393556.472914433 941213 iou-wrk-941159 0
1790393556.679722631 941154 PROBE-server 546
1790393556.679722631 941159 PROBE-server 0
1790393556.679722631 941160 iou-wrk-941154 0
1790393556.679722631 941213 iou-wrk-941159 0
1790393556.886553560 941154 PROBE-server 566
1790393556.886553560 941159 PROBE-server 0
1790393556.886553560 941160 iou-wrk-941154 0
1790393556.886553560 941213 iou-wrk-941159 0
1790393557.093142427 941154 PROBE-server 587
1790393557.093142427 941159 PROBE-server 0
1790393557.093142427 941160 iou-wrk-941154 0
1790393557.093142427 941213 iou-wrk-941159 0
1790393557.299395744 941154 PROBE-server 607
1790393557.299395744 941159 PROBE-server 0
1790393557.299395744 941160 iou-wrk-941154 0
1790393557.299395744 941213 iou-wrk-941159 0
1790393557.506336403 941154 PROBE-server 628
1790393557.506336403 941159 PROBE-server 0
1790393557.506336403 941160 iou-wrk-941154 0
1790393557.506336403 941213 iou-wrk-941159 0
1790393557.713227732 941154 PROBE-server 648
1790393557.713227732 941159 PROBE-server 0
1790393557.713227732 941160 iou-wrk-941154 0
1790393557.713227732 941213 iou-wrk-941159 0
1790393557.919801939 941154 PROBE-server 668
1790393557.919801939 941159 PROBE-server 0
1790393557.919801939 941160 iou-wrk-941154 0
1790393557.919801939 941213 iou-wrk-941159 0
1790393558.125489753 941154 PROBE-server 688
1790393558.125489753 941159 PROBE-server 1
1790393558.125489753 941160 iou-wrk-941154 0
1790393558.125489753 941213 iou-wrk-941159 0
1790393558.332353162 941154 PROBE-server 709
1790393558.332353162 941159 PROBE-server 1
1790393558.332353162 941160 iou-wrk-941154 0
1790393558.332353162 941213 iou-wrk-941159 0
1790393558.539196761 941154 PROBE-server 729
1790393558.539196761 941159 PROBE-server 1
1790393558.539196761 941160 iou-wrk-941154 0
1790393558.539196761 941213 iou-wrk-941159 0
1790393558.745746729 941154 PROBE-server 749
1790393558.745746729 941159 PROBE-server 1
1790393558.745746729 941160 iou-wrk-941154 0
1790393558.745746729 941213 iou-wrk-941159 0
1790393558.952644268 941154 PROBE-server 770
1790393558.952644268 941159 PROBE-server 1
1790393558.952644268 941160 iou-wrk-941154 0
1790393558.952644268 941213 iou-wrk-941159 0
1790393559.159625448 941154 PROBE-server 790
1790393559.159625448 941159 PROBE-server 1
1790393559.159625448 941160 iou-wrk-941154 0
1790393559.159625448 941213 iou-wrk-941159 0
1790393559.366316037 941154 PROBE-server 810
1790393559.366316037 941159 PROBE-server 1
1790393559.366316037 941160 iou-wrk-941154 0
1790393559.366316037 941213 iou-wrk-941159 0
1790393559.573459077 941154 PROBE-server 830
1790393559.573459077 941159 PROBE-server 1
1790393559.573459077 941160 iou-wrk-941154 0
1790393559.573459077 941213 iou-wrk-941159 0
1790393559.780378837 941154 PROBE-server 850
1790393559.780378837 941159 PROBE-server 1
1790393559.780378837 941160 iou-wrk-941154 0
1790393559.780378837 941213 iou-wrk-941159 0
1790393559.987455997 941154 PROBE-server 871
1790393559.987455997 941159 PROBE-server 1
1790393559.987455997 941160 iou-wrk-941154 0
1790393559.987455997 941213 iou-wrk-941159 0
1790393560.194641928 941154 PROBE-server 891
1790393560.194641928 941159 PROBE-server 1
1790393560.194641928 941160 iou-wrk-941154 0
1790393560.194641928 941213 iou-wrk-941159 0
1790393560.401566398 941154 PROBE-server 911
1790393560.401566398 941159 PROBE-server 1
1790393560.401566398 941160 iou-wrk-941154 0
1790393560.401566398 941213 iou-wrk-941159 0
1790393560.608315227 941154 PROBE-server 932
1790393560.608315227 941159 PROBE-server 1
1790393560.608315227 941160 iou-wrk-941154 0
1790393560.608315227 941213 iou-wrk-941159 0
1790393560.815100276 941154 PROBE-server 952
1790393560.815100276 941159 PROBE-server 1
1790393560.815100276 941160 iou-wrk-941154 0
1790393560.815100276 941213 iou-wrk-941159 0
1790393561.021866905 941154 PROBE-server 973
1790393561.021866905 941159 PROBE-server 1
1790393561.021866905 941160 iou-wrk-941154 0
1790393561.021866905 941213 iou-wrk-941159 0
1790393561.228556044 941154 PROBE-server 993
1790393561.228556044 941159 PROBE-server 1
1790393561.228556044 941160 iou-wrk-941154 0
1790393561.228556044 941213 iou-wrk-941159 0
1790393561.435578615 941154 PROBE-server 1013
1790393561.435578615 941159 PROBE-server 1
1790393561.435578615 941160 iou-wrk-941154 0
1790393561.435578615 941213 iou-wrk-941159 0
1790393561.643337809 941154 PROBE-server 1034
1790393561.643337809 941159 PROBE-server 1
1790393561.643337809 941160 iou-wrk-941154 0
1790393561.643337809 941213 iou-wrk-941159 0
1790393561.850231789 941154 PROBE-server 1054
1790393561.850231789 941159 PROBE-server 1
1790393561.850231789 941160 iou-wrk-941154 0
1790393561.850231789 941213 iou-wrk-941159 0
1790393562.057249339 941154 PROBE-server 1074
1790393562.057249339 941159 PROBE-server 1
1790393562.057249339 941160 iou-wrk-941154 0
1790393562.057249339 941213 iou-wrk-941159 0
1790393562.264253090 941154 PROBE-server 1081
1790393562.264253090 941159 PROBE-server 1
1790393562.264253090 941160 iou-wrk-941154 0
1790393562.264253090 941213 iou-wrk-941159 0
1790393562.471527292 941154 PROBE-server 1081
1790393562.471527292 941159 PROBE-server 1
1790393562.471527292 941160 iou-wrk-941154 0
1790393562.471527292 941213 iou-wrk-941159 0
