1790393155.242284453 914022 PROBE-server 0
1790393155.242284453 914027 PROBE-server 0
1790393155.242284453 914028 iou-wrk-914022 0
1790393155.448391972 914022 PROBE-server 11
1790393155.448391972 914027 PROBE-server 9
1790393155.448391972 914028 iou-wrk-914022 0
1790393155.653450467 914022 PROBE-server 23
1790393155.653450467 914027 PROBE-server 20
1790393155.653450467 914028 iou-wrk-914022 0
1790393155.858868043 914022 PROBE-server 35
1790393155.858868043 914027 PROBE-server 31
1790393155.858868043 914028 iou-wrk-914022 0
1790393156.064210179 914022 PROBE-server 46
1790393156.064210179 914027 PROBE-server 42
1790393156.064210179 914028 iou-wrk-914022 0
1790393156.270061827 914022 PROBE-server 58
1790393156.270061827 914027 PROBE-server 53
1790393156.270061827 914028 iou-wrk-914022 0
1790393156.475981286 914022 PROBE-server 69
1790393156.475981286 914027 PROBE-server 63
1790393156.475981286 914028 iou-wrk-914022 0
1790393156.681610423 914022 PROBE-server 80
1790393156.681610423 914027 PROBE-server 74
1790393156.681610423 914028 iou-wrk-914022 0
1790393156.886336138 914022 PROBE-server 92
1790393156.886336138 914027 PROBE-server 84
1790393156.886336138 914028 iou-wrk-914022 0
1790393157.091368153 914022 PROBE-server 104
1790393157.091368153 914027 PROBE-server 94
1790393157.091368153 914028 iou-wrk-914022 0
1790393157.297304462 914022 PROBE-server 115
1790393157.297304462 914027 PROBE-server 105
1790393157.297304462 914028 iou-wrk-914022 0
1790393157.502743880 914022 PROBE-server 127
1790393157.502743880 914027 PROBE-server 115
1790393157.502743880 914028 iou-wrk-914022 0
1790393157.707881976 914022 PROBE-server 138
1790393157.707881976 914027 PROBE-server 126
1790393157.707881976 914028 iou-wrk-914022 0
1790393157.913438564 914022 PROBE-server 149
1790393157.913438564 914027 PROBE-server 137
1790393157.913438564 914028 iou-wrk-914022 0
1790393158.118932942 914022 PROBE-server 162
1790393158.118932942 914027 PROBE-server 147
1790393158.118932942 914028 iou-wrk-914022 0
1790393158.324369890 914022 PROBE-server 172
1790393158.324369890 914027 PROBE-server 158
1790393158.324369890 914028 iou-wrk-914022 0
1790393158.529744327 914022 PROBE-server 185
1790393158.529744327 914027 PROBE-server 169
1790393158.529744327 914028 iou-wrk-914022 0
1790393158.734908904 914022 PROBE-server 196
1790393158.734908904 914027 PROBE-server 179
1790393158.734908904 914028 iou-wrk-914022 0
1790393158.940816074 914022 PROBE-server 208
1790393158.940816074 914027 PROBE-server 190
1790393158.940816074 914028 iou-wrk-914022 0
1790393159.146611833 914022 PROBE-server 221
1790393159.146611833 914027 PROBE-server 201
1790393159.146611833 914028 iou-wrk-914022 0
1790393159.352339563 914022 PROBE-server 231
1790393159.352339563 914027 PROBE-server 212
1790393159.352339563 914028 iou-wrk-914022 0
1790393159.558205133 914022 PROBE-server 243
1790393159.558205133 914027 PROBE-server 222
1790393159.558205133 914028 iou-wrk-914022 0
1790393159.763872432 914022 PROBE-server 255
1790393159.763872432 914027 PROBE-server 232
1790393159.763872432 914028 iou-wrk-914022 0
1790393159.969529882 914022 PROBE-server 267
1790393159.969529882 914027 PROBE-server 243
1790393159.969529882 914028 iou-wrk-914022 0
1790393160.175005321 914022 PROBE-server 278
1790393160.175005321 914027 PROBE-server 254
1790393160.175005321 914028 iou-wrk-914022 0
1790393160.380286209 914022 PROBE-server 290
1790393160.380286209 914027 PROBE-server 264
1790393160.380286209 914028 iou-wrk-914022 0
1790393160.585340417 914022 PROBE-server 301
1790393160.585340417 914027 PROBE-server 275
1790393160.585340417 914028 iou-wrk-914022 0
1790393160.790673485 914022 PROBE-server 313
1790393160.790673485 914027 PROBE-server 286
1790393160.790673485 914028 iou-wrk-914022 0
1790393160.996201285 914022 PROBE-server 324
1790393160.996201285 914027 PROBE-server 296
1790393160.996201285 914028 iou-wrk-914022 0
1790393161.202198647 914022 PROBE-server 335
1790393161.202198647 914027 PROBE-server 307
1790393161.202198647 914028 iou-wrk-914022 0
1790393161.407745636 914022 PROBE-server 347
1790393161.407745636 914027 PROBE-server 317
1790393161.407745636 914028 iou-wrk-914022 0
1790393161.613228576 914022 PROBE-server 359
1790393161.613228576 914027 PROBE-server 328
1790393161.613228576 914028 iou-wrk-914022 0
1790393161.818645666 914022 PROBE-server 370
1790393161.818645666 914027 PROBE-server 338
1790393161.818645666 914028 iou-wrk-914022 0
1790393162.024378516 914022 PROBE-server 382
1790393162.024378516 914027 PROBE-server 348
1790393162.024378516 914028 iou-wrk-914022 0
1790393162.229931767 914022 PROBE-server 394
1790393162.229931767 914027 PROBE-server 359
1790393162.229931767 914028 iou-wrk-914022 0
1790393162.435438828 914022 PROBE-server 406
1790393162.435438828 914027 PROBE-server 370
1790393162.435438828 914028 iou-wrk-914022 0
1790393162.640616557 914022 PROBE-server 417
1790393162.640616557 914027 PROBE-server 380
1790393162.640616557 914028 iou-wrk-914022 0
1790393162.845730446 914022 PROBE-server 429
1790393162.845730446 914027 PROBE-server 390
1790393162.845730446 914028 iou-wrk-914022 0
1790393163.050943255 914022 PROBE-server 440
1790393163.050943255 914027 PROBE-server 400
1790393163.050943255 914028 iou-wrk-914022 0
1790393163.256306376 914022 PROBE-server 451
1790393163.256306376 914027 PROBE-server 411
1790393163.256306376 914028 iou-wrk-914022 0
1790393163.461146514 914022 PROBE-server 463
1790393163.461146514 914027 PROBE-server 422
1790393163.461146514 914028 iou-wrk-914022 0
1790393163.666985796 914022 PROBE-server 475
1790393163.666985796 914027 PROBE-server 433
1790393163.666985796 914028 iou-wrk-914022 0
1790393163.872169736 914022 PROBE-server 487
1790393163.872169736 914027 PROBE-server 443
1790393163.872169736 914028 iou-wrk-914022 0
1790393164.077292276 914022 PROBE-server 498
1790393164.077292276 914027 PROBE-server 454
1790393164.077292276 914028 iou-wrk-914022 0
1790393164.282524217 914022 PROBE-server 509
1790393164.282524217 914027 PROBE-server 464
1790393164.282524217 914028 iou-wrk-914022 0
1790393164.488201609 914022 PROBE-server 522
1790393164.488201609 914027 PROBE-server 475
1790393164.488201609 914028 iou-wrk-914022 0
1790393164.694091632 914022 PROBE-server 533
1790393164.694091632 914027 PROBE-server 486
1790393164.694091632 914028 iou-wrk-914022 0
1790393164.899011051 914022 PROBE-server 544
1790393164.899011051 914027 PROBE-server 496
1790393164.899011051 914028 iou-wrk-914022 0
1790393165.104014131 914022 PROBE-server 556
1790393165.104014131 914027 PROBE-server 506
1790393165.104014131 914028 iou-wrk-914022 0
1790393165.309619903 914022 PROBE-server 568
1790393165.309619903 914027 PROBE-server 517
1790393165.309619903 914028 iou-wrk-914022 0
1790393165.515468917 914022 PROBE-server 579
1790393165.515468917 914027 PROBE-server 527
1790393165.515468917 914028 iou-wrk-914022 0
1790393165.720674778 914022 PROBE-server 590
1790393165.720674778 914027 PROBE-server 539
1790393165.720674778 914028 iou-wrk-914022 0
1790393165.926359550 914022 PROBE-server 602
1790393165.926359550 914027 PROBE-server 549
1790393165.926359550 914028 iou-wrk-914022 0
1790393166.131941733 914022 PROBE-server 613
1790393166.131941733 914027 PROBE-server 559
1790393166.131941733 914028 iou-wrk-914022 0
1790393166.337560126 914022 PROBE-server 621
1790393166.337560126 914027 PROBE-server 565
1790393166.337560126 914028 iou-wrk-914022 0
