1790393479.100103260 935992 PROBE-server 0
1790393479.100103260 935997 PROBE-server 0
1790393479.100103260 935998 iou-wrk-935992 0
1790393479.306065743 935992 PROBE-server 11
1790393479.306065743 935997 PROBE-server 11
1790393479.306065743 935998 iou-wrk-935992 0
1790393479.512308278 935992 PROBE-server 22
1790393479.512308278 935997 PROBE-server 21
1790393479.512308278 935998 iou-wrk-935992 0
1790393479.717863189 935992 PROBE-server 34
1790393479.717863189 935997 PROBE-server 32
1790393479.717863189 935998 iou-wrk-935992 0
1790393479.922430647 935992 PROBE-server 46
1790393479.922430647 935997 PROBE-server 44
1790393479.922430647 935998 iou-wrk-935992 0
1790393480.128292800 935992 PROBE-server 59
1790393480.128292800 935997 PROBE-server 55
1790393480.128292800 935998 iou-wrk-935992 0
1790393480.334158583 935992 PROBE-server 70
1790393480.334158583 935997 PROBE-server 67
1790393480.334158583 935998 iou-wrk-935992 0
1790393480.539535254 935992 PROBE-server 82
1790393480.539535254 935997 PROBE-server 78
1790393480.539535254 935998 iou-wrk-935992 0
1790393480.745130296 935992 PROBE-server 94
1790393480.745130296 935997 PROBE-server 89
1790393480.745130296 935998 iou-wrk-935992 0
1790393480.950531408 935992 PROBE-server 107
1790393480.950531408 935997 PROBE-server 100
1790393480.950531408 935998 iou-wrk-935992 0
1790393481.156965743 935992 PROBE-server 119
1790393481.156965743 935997 PROBE-server 111
1790393481.156965743 935998 iou-wrk-935992 0
1790393481.362785637 935992 PROBE-server 130
1790393481.362785637 935997 PROBE-server 123
1790393481.362785637 935998 iou-wrk-935992 0
1790393481.568191928 935992 PROBE-server 142
1790393481.568191928 935997 PROBE-server 134
1790393481.568191928 935998 iou-wrk-935992 0
1790393481.774213372 935992 PROBE-server 154
1790393481.774213372 935997 PROBE-server 145
1790393481.774213372 935998 iou-wrk-935992 0
1790393481.979415893 935992 PROBE-server 165
1790393481.979415893 935997 PROBE-server 156
1790393481.979415893 935998 iou-wrk-935992 0
1790393482.184480754 935992 PROBE-server 177
1790393482.184480754 935997 PROBE-server 167
1790393482.184480754 935998 iou-wrk-935992 0
1790393482.390451528 935992 PROBE-server 189
1790393482.390451528 935997 PROBE-server 179
1790393482.390451528 935998 iou-wrk-935992 0
1790393482.595686859 935992 PROBE-server 202
1790393482.595686859 935997 PROBE-server 190
1790393482.595686859 935998 iou-wrk-935992 0
1790393482.801293052 935992 PROBE-server 213
1790393482.801293052 935997 PROBE-server 201
1790393482.801293052 935998 iou-wrk-935992 0
1790393483.006819134 935992 PROBE-server 225
1790393483.006819134 935997 PROBE-server 213
1790393483.006819134 935998 iou-wrk-935992 0
1790393483.212819239 935992 PROBE-server 237
1790393483.212819239 935997 PROBE-server 224
1790393483.212819239 935998 iou-wrk-935992 0
1790393483.418420172 935992 PROBE-server 250
1790393483.418420172 935997 PROBE-server 235
1790393483.418420172 935998 iou-wrk-935992 0
1790393483.623957145 935992 PROBE-server 261
1790393483.623957145 935997 PROBE-server 246
1790393483.623957145 935998 iou-wrk-935992 0
1790393483.829634018 935992 PROBE-server 273
1790393483.829634018 935997 PROBE-server 257
1790393483.829634018 935998 iou-wrk-935992 0
1790393484.035322271 935992 PROBE-server 285
1790393484.035322271 935997 PROBE-server 268
1790393484.035322271 935998 iou-wrk-935992 0
1790393484.241160976 935992 PROBE-server 296
1790393484.241160976 935997 PROBE-server 280
1790393484.241160976 935998 iou-wrk-935992 0
1790393484.446411587 935992 PROBE-server 308
1790393484.446411587 935997 PROBE-server 291
1790393484.446411587 935998 iou-wrk-935992 0
1790393484.651974121 935992 PROBE-server 320
1790393484.651974121 935997 PROBE-server 303
1790393484.651974121 935998 iou-wrk-935992 0
1790393484.856942751 935992 PROBE-server 332
1790393484.856942751 935997 PROBE-server 314
1790393484.856942751 935998 iou-wrk-935992 0
1790393485.063077617 935992 PROBE-server 344
1790393485.063077617 935997 PROBE-server 325
1790393485.063077617 935998 iou-wrk-935992 0
1790393485.268451119 935992 PROBE-server 356
1790393485.268451119 935997 PROBE-server 337
1790393485.268451119 935998 iou-wrk-935992 0
1790393485.474374974 935992 PROBE-server 368
1790393485.474374974 935997 PROBE-server 348
1790393485.474374974 935998 iou-wrk-935992 0
1790393485.679196385 935992 PROBE-server 380
1790393485.679196385 935997 PROBE-server 360
1790393485.679196385 935998 iou-wrk-935992 0
1790393485.884174616 935992 PROBE-server 392
1790393485.884174616 935997 PROBE-server 371
1790393485.884174616 935998 iou-wrk-935992 0
1790393486.088646995 935992 PROBE-server 404
1790393486.088646995 935997 PROBE-server 381
1790393486.088646995 935998 iou-wrk-935992 0
1790393486.294264788 935992 PROBE-server 416
1790393486.294264788 935997 PROBE-server 393
1790393486.294264788 935998 iou-wrk-935992 0
1790393486.499308590 935992 PROBE-server 428
1790393486.499308590 935997 PROBE-server 404
1790393486.499308590 935998 iou-wrk-935992 0
1790393486.704812084 935992 PROBE-server 439
1790393486.704812084 935997 PROBE-server 415
1790393486.704812084 935998 iou-wrk-935992 0
1790393486.910105486 935992 PROBE-server 452
1790393486.910105486 935997 PROBE-server 426
1790393486.910105486 935998 iou-wrk-935992 0
1790393487.115488259 935992 PROBE-server 463
1790393487.115488259 935997 PROBE-server 438
1790393487.115488259 935998 iou-wrk-935992 0
1790393487.320598122 935992 PROBE-server 475
1790393487.320598122 935997 PROBE-server 450
1790393487.320598122 935998 iou-wrk-935992 0
1790393487.525316702 935992 PROBE-server 487
1790393487.525316702 935997 PROBE-server 460
1790393487.525316702 935998 iou-wrk-935992 0
1790393487.731281697 935992 PROBE-server 499
1790393487.731281697 935997 PROBE-server 472
1790393487.731281697 935998 iou-wrk-935992 0
1790393487.936632401 935992 PROBE-server 511
1790393487.936632401 935997 PROBE-server 482
1790393487.936632401 935998 iou-wrk-935992 0
1790393488.141622353 935992 PROBE-server 523
1790393488.141622353 935997 PROBE-server 494
1790393488.141622353 935998 iou-wrk-935992 0
1790393488.346932956 935992 PROBE-server 535
1790393488.346932956 935997 PROBE-server 506
1790393488.346932956 935998 iou-wrk-935992 0
1790393488.552111158 935992 PROBE-server 546
1790393488.552111158 935997 PROBE-server 516
1790393488.552111158 935998 iou-wrk-935992 0
1790393488.757764093 935992 PROBE-server 558
1790393488.757764093 935997 PROBE-server 528
1790393488.757764093 935998 iou-wrk-935992 0
1790393488.963750909 935992 PROBE-server 570
1790393488.963750909 935997 PROBE-server 540
1790393488.963750909 935998 iou-wrk-935992 0
1790393489.169323834 935992 PROBE-server 582
1790393489.169323834 935997 PROBE-server 551
1790393489.169323834 935998 iou-wrk-935992 0
1790393489.374699668 935992 PROBE-server 594
1790393489.374699668 935997 PROBE-server 562
1790393489.374699668 935998 iou-wrk-935992 0
1790393489.581118926 935992 PROBE-server 606
1790393489.581118926 935997 PROBE-server 573
1790393489.581118926 935998 iou-wrk-935992 0
1790393489.786291579 935992 PROBE-server 618
1790393489.786291579 935997 PROBE-server 585
1790393489.786291579 935998 iou-wrk-935992 0
1790393489.991989724 935992 PROBE-server 630
1790393489.991989724 935997 PROBE-server 596
1790393489.991989724 935998 iou-wrk-935992 0
1790393490.197455518 935992 PROBE-server 636
1790393490.197455518 935997 PROBE-server 603
1790393490.197455518 935998 iou-wrk-935992 0
