1790393127.546606584 911963 PROBE-server 0
1790393127.546606584 911968 PROBE-server 0
1790393127.546606584 911969 iou-wrk-911963 0
1790393127.752507355 911963 PROBE-server 10
1790393127.752507355 911968 PROBE-server 10
1790393127.752507355 911969 iou-wrk-911963 0
1790393127.958705228 911963 PROBE-server 22
1790393127.958705228 911968 PROBE-server 20
1790393127.958705228 911969 iou-wrk-911963 0
1790393128.163500936 911963 PROBE-server 34
1790393128.163500936 911968 PROBE-server 31
1790393128.163500936 911969 iou-wrk-911963 0
1790393128.368436065 911963 PROBE-server 46
1790393128.368436065 911968 PROBE-server 43
1790393128.368436065 911969 iou-wrk-911963 0
1790393128.574166837 911963 PROBE-server 58
1790393128.574166837 911968 PROBE-server 53
1790393128.574166837 911969 iou-wrk-911963 0
1790393128.778784285 911963 PROBE-server 70
1790393128.778784285 911968 PROBE-server 64
1790393128.778784285 911969 iou-wrk-911963 0
1790393128.983958984 911963 PROBE-server 81
1790393128.983958984 911968 PROBE-server 76
1790393128.983958984 911969 iou-wrk-911963 0
1790393129.188786433 911963 PROBE-server 93
1790393129.188786433 911968 PROBE-server 86
1790393129.188786433 911969 iou-wrk-911963 0
1790393129.394201305 911963 PROBE-server 105
1790393129.394201305 911968 PROBE-server 98
1790393129.394201305 911969 iou-wrk-911963 0
1790393129.599808867 911963 PROBE-server 118
1790393129.599808867 911968 PROBE-server 109
1790393129.599808867 911969 iou-wrk-911963 0
1790393129.804916327 911963 PROBE-server 128
1790393129.804916327 911968 PROBE-server 119
1790393129.804916327 911969 iou-wrk-911963 0
1790393130.009720496 911963 PROBE-server 141
1790393130.009720496 911968 PROBE-server 131
1790393130.009720496 911969 iou-wrk-911963 0
1790393130.214974137 911963 PROBE-server 152
1790393130.214974137 911968 PROBE-server 142
1790393130.214974137 911969 iou-wrk-911963 0
1790393130.420976011 911963 PROBE-server 165
1790393130.420976011 911968 PROBE-server 153
1790393130.420976011 911969 iou-wrk-911963 0
1790393130.625793960 911963 PROBE-server 177
1790393130.625793960 911968 PROBE-server 163
1790393130.625793960 911969 iou-wrk-911963 0
1790393130.830463540 911963 PROBE-server 188
1790393130.830463540 911968 PROBE-server 175
1790393130.830463540 911969 iou-wrk-911963 0
1790393131.036142962 911963 PROBE-server 200
1790393131.036142962 911968 PROBE-server 186
1790393131.036142962 911969 iou-wrk-911963 0
1790393131.241406014 911963 PROBE-server 213
1790393131.241406014 911968 PROBE-server 197
1790393131.241406014 911969 iou-wrk-911963 0
1790393131.447086208 911963 PROBE-server 225
1790393131.447086208 911968 PROBE-server 208
1790393131.447086208 911969 iou-wrk-911963 0
1790393131.652106109 911963 PROBE-server 236
1790393131.652106109 911968 PROBE-server 219
1790393131.652106109 911969 iou-wrk-911963 0
1790393131.857498261 911963 PROBE-server 249
1790393131.857498261 911968 PROBE-server 230
1790393131.857498261 911969 iou-wrk-911963 0
1790393132.062740653 911963 PROBE-server 260
1790393132.062740653 911968 PROBE-server 241
1790393132.062740653 911969 iou-wrk-911963 0
1790393132.267431743 911963 PROBE-server 271
1790393132.267431743 911968 PROBE-server 251
1790393132.267431743 911969 iou-wrk-911963 0
1790393132.472580395 911963 PROBE-server 283
1790393132.472580395 911968 PROBE-server 263
1790393132.472580395 911969 iou-wrk-911963 0
1790393132.677523006 911963 PROBE-server 295
1790393132.677523006 911968 PROBE-server 274
1790393132.677523006 911969 iou-wrk-911963 0
1790393132.882943560 911963 PROBE-server 307
1790393132.882943560 911968 PROBE-server 285
1790393132.882943560 911969 iou-wrk-911963 0
1790393133.087737951 911963 PROBE-server 319
1790393133.087737951 911968 PROBE-server 296
1790393133.087737951 911969 iou-wrk-911963 0
1790393133.292579132 911963 PROBE-server 330
1790393133.292579132 911968 PROBE-server 307
1790393133.292579132 911969 iou-wrk-911963 0
1790393133.498049146 911963 PROBE-server 343
1790393133.498049146 911968 PROBE-server 317
1790393133.498049146 911969 iou-wrk-911963 0
1790393133.703488189 911963 PROBE-server 354
1790393133.703488189 911968 PROBE-server 329
1790393133.703488189 911969 iou-wrk-911963 0
1790393133.909142954 911963 PROBE-server 366
1790393133.909142954 911968 PROBE-server 341
1790393133.909142954 911969 iou-wrk-911963 0
1790393134.114379817 911963 PROBE-server 378
1790393134.114379817 911968 PROBE-server 351
1790393134.114379817 911969 iou-wrk-911963 0
1790393134.319351300 911963 PROBE-server 390
1790393134.319351300 911968 PROBE-server 363
1790393134.319351300 911969 iou-wrk-911963 0
1790393134.524485403 911963 PROBE-server 402
1790393134.524485403 911968 PROBE-server 374
1790393134.524485403 911969 iou-wrk-911963 0
1790393134.730137538 911963 PROBE-server 414
1790393134.730137538 911968 PROBE-server 385
1790393134.730137538 911969 iou-wrk-911963 0
1790393134.934951840 911963 PROBE-server 426
1790393134.934951840 911968 PROBE-server 396
1790393134.934951840 911969 iou-wrk-911963 0
1790393135.140285574 911963 PROBE-server 438
1790393135.140285574 911968 PROBE-server 407
1790393135.140285574 911969 iou-wrk-911963 0
1790393135.345315847 911963 PROBE-server 448
1790393135.345315847 911968 PROBE-server 418
1790393135.345315847 911969 iou-wrk-911963 0
1790393135.550901423 911963 PROBE-server 461
1790393135.550901423 911968 PROBE-server 428
1790393135.550901423 911969 iou-wrk-911963 0
1790393135.756287067 911963 PROBE-server 473
1790393135.756287067 911968 PROBE-server 440
1790393135.756287067 911969 iou-wrk-911963 0
1790393135.962186364 911963 PROBE-server 485
1790393135.962186364 911968 PROBE-server 451
1790393135.962186364 911969 iou-wrk-911963 0
1790393136.167212058 911963 PROBE-server 497
1790393136.167212058 911968 PROBE-server 463
1790393136.167212058 911969 iou-wrk-911963 0
1790393136.373360945 911963 PROBE-server 509
1790393136.373360945 911968 PROBE-server 473
1790393136.373360945 911969 iou-wrk-911963 0
1790393136.578810621 911963 PROBE-server 521
1790393136.578810621 911968 PROBE-server 485
1790393136.578810621 911969 iou-wrk-911963 0
1790393136.783985675 911963 PROBE-server 532
1790393136.783985675 911968 PROBE-server 495
1790393136.783985675 911969 iou-wrk-911963 0
1790393136.989515611 911963 PROBE-server 545
1790393136.989515611 911968 PROBE-server 507
1790393136.989515611 911969 iou-wrk-911963 0
1790393137.194083034 911963 PROBE-server 556
1790393137.194083034 911968 PROBE-server 517
1790393137.194083034 911969 iou-wrk-911963 0
1790393137.399727280 911963 PROBE-server 568
1790393137.399727280 911968 PROBE-server 529
1790393137.399727280 911969 iou-wrk-911963 0
1790393137.604826925 911963 PROBE-server 579
1790393137.604826925 911968 PROBE-server 539
1790393137.604826925 911969 iou-wrk-911963 0
1790393137.809716639 911963 PROBE-server 591
1790393137.809716639 911968 PROBE-server 551
1790393137.809716639 911969 iou-wrk-911963 0
1790393138.014569883 911963 PROBE-server 603
1790393138.014569883 911968 PROBE-server 561
1790393138.014569883 911969 iou-wrk-911963 0
1790393138.219097737 911963 PROBE-server 615
1790393138.219097737 911968 PROBE-server 573
1790393138.219097737 911969 iou-wrk-911963 0
1790393138.424783854 911963 PROBE-server 626
1790393138.424783854 911968 PROBE-server 584
1790393138.424783854 911969 iou-wrk-911963 0
1790393138.629613889 911963 PROBE-server 635
1790393138.629613889 911968 PROBE-server 591
1790393138.629613889 911969 iou-wrk-911963 0
