1790391125.159994930 826731 PA-server 0
1790391125.159994930 826737 PA-server 0
1790391125.159994930 826738 iou-wrk-826731 0
1790391125.366491232 826731 PA-server 19
1790391125.366491232 826737 PA-server 4
1790391125.366491232 826738 iou-wrk-826731 0
1790391125.572152480 826731 PA-server 39
1790391125.572152480 826737 PA-server 9
1790391125.572152480 826738 iou-wrk-826731 0
1790391125.777906809 826731 PA-server 60
1790391125.777906809 826737 PA-server 14
1790391125.777906809 826738 iou-wrk-826731 0
1790391125.983016625 826731 PA-server 79
1790391125.983016625 826737 PA-server 19
1790391125.983016625 826738 iou-wrk-826731 0
1790391126.187896730 826731 PA-server 101
1790391126.187896730 826737 PA-server 24
1790391126.187896730 826738 iou-wrk-826731 0
1790391126.393321147 826731 PA-server 120
1790391126.393321147 826737 PA-server 29
1790391126.393321147 826738 iou-wrk-826731 0
1790391126.598224703 826731 PA-server 141
1790391126.598224703 826737 PA-server 34
1790391126.598224703 826738 iou-wrk-826731 0
1790391126.803760561 826731 PA-server 161
1790391126.803760561 826737 PA-server 39
1790391126.803760561 826738 iou-wrk-826731 0
1790391127.009596230 826731 PA-server 181
1790391127.009596230 826737 PA-server 44
1790391127.009596230 826738 iou-wrk-826731 0
1790391127.215212579 826731 PA-server 201
1790391127.215212579 826737 PA-server 49
1790391127.215212579 826738 iou-wrk-826731 0
1790391127.420252475 826731 PA-server 221
1790391127.420252475 826737 PA-server 54
1790391127.420252475 826738 iou-wrk-826731 0
1790391127.625004310 826731 PA-server 241
1790391127.625004310 826737 PA-server 59
1790391127.625004310 826738 iou-wrk-826731 0
1790391127.830497468 826731 PA-server 261
1790391127.830497468 826737 PA-server 64
1790391127.830497468 826738 iou-wrk-826731 0
1790391128.036051027 826731 PA-server 282
1790391128.036051027 826737 PA-server 68
1790391128.036051027 826738 iou-wrk-826731 0
1790391128.241340894 826731 PA-server 302
1790391128.241340894 826737 PA-server 73
1790391128.241340894 826738 iou-wrk-826731 0
1790391128.447126084 826731 PA-server 322
1790391128.447126084 826737 PA-server 78
1790391128.447126084 826738 iou-wrk-826731 0
1790391128.652342662 826731 PA-server 342
1790391128.652342662 826737 PA-server 83
1790391128.652342662 826738 iou-wrk-826731 0
1790391128.857661919 826731 PA-server 363
1790391128.857661919 826737 PA-server 88
1790391128.857661919 826738 iou-wrk-826731 0
1790391129.063288538 826731 PA-server 384
1790391129.063288538 826737 PA-server 94
1790391129.063288538 826738 iou-wrk-826731 0
1790391129.268881888 826731 PA-server 403
1790391129.268881888 826737 PA-server 99
1790391129.268881888 826738 iou-wrk-826731 0
1790391129.474495408 826731 PA-server 424
1790391129.474495408 826737 PA-server 103
1790391129.474495408 826738 iou-wrk-826731 0
1790391129.679493445 826731 PA-server 444
1790391129.679493445 826737 PA-server 109
1790391129.679493445 826738 iou-wrk-826731 0
1790391129.885177104 826731 PA-server 464
1790391129.885177104 826737 PA-server 113
1790391129.885177104 826738 iou-wrk-826731 0
1790391130.090694933 826731 PA-server 484
1790391130.090694933 826737 PA-server 118
1790391130.090694933 826738 iou-wrk-826731 0
1790391130.296122282 826731 PA-server 505
1790391130.296122282 826737 PA-server 123
1790391130.296122282 826738 iou-wrk-826731 0
1790391130.501527151 826731 PA-server 525
1790391130.501527151 826737 PA-server 129
1790391130.501527151 826738 iou-wrk-826731 0
1790391130.707180401 826731 PA-server 546
1790391130.707180401 826737 PA-server 134
1790391130.707180401 826738 iou-wrk-826731 0
1790391130.911981906 826731 PA-server 566
1790391130.911981906 826737 PA-server 138
1790391130.911981906 826738 iou-wrk-826731 0
1790391131.117042844 826731 PA-server 586
1790391131.117042844 826737 PA-server 143
1790391131.117042844 826738 iou-wrk-826731 0
1790391131.321618918 826731 PA-server 606
1790391131.321618918 826737 PA-server 148
1790391131.321618918 826738 iou-wrk-826731 0
1790391131.526255944 826731 PA-server 626
1790391131.526255944 826737 PA-server 153
1790391131.526255944 826738 iou-wrk-826731 0
1790391131.732034225 826731 PA-server 646
1790391131.732034225 826737 PA-server 159
1790391131.732034225 826738 iou-wrk-826731 0
1790391131.937514974 826731 PA-server 667
1790391131.937514974 826737 PA-server 164
1790391131.937514974 826738 iou-wrk-826731 0
1790391132.143058263 826731 PA-server 686
1790391132.143058263 826737 PA-server 168
1790391132.143058263 826738 iou-wrk-826731 0
1790391132.348208582 826731 PA-server 707
1790391132.348208582 826737 PA-server 173
1790391132.348208582 826738 iou-wrk-826731 0
1790391132.553825612 826731 PA-server 727
1790391132.553825612 826737 PA-server 178
1790391132.553825612 826738 iou-wrk-826731 0
1790391132.759207551 826731 PA-server 747
1790391132.759207551 826737 PA-server 184
1790391132.759207551 826738 iou-wrk-826731 0
1790391132.964719711 826731 PA-server 768
1790391132.964719711 826737 PA-server 189
1790391132.964719711 826738 iou-wrk-826731 0
1790391133.170153211 826731 PA-server 788
1790391133.170153211 826737 PA-server 194
1790391133.170153211 826738 iou-wrk-826731 0
1790391133.375854092 826731 PA-server 808
1790391133.375854092 826737 PA-server 199
1790391133.375854092 826738 iou-wrk-826731 0
1790391133.581505503 826731 PA-server 829
1790391133.581505503 826737 PA-server 204
1790391133.581505503 826738 iou-wrk-826731 0
1790391133.786558022 826731 PA-server 849
1790391133.786558022 826737 PA-server 209
1790391133.786558022 826738 iou-wrk-826731 0
1790391133.992130702 826731 PA-server 869
1790391133.992130702 826737 PA-server 213
1790391133.992130702 826738 iou-wrk-826731 0
1790391134.196985290 826731 PA-server 889
1790391134.196985290 826737 PA-server 219
1790391134.196985290 826738 iou-wrk-826731 0
1790391134.402424730 826731 PA-server 910
1790391134.402424730 826737 PA-server 224
1790391134.402424730 826738 iou-wrk-826731 0
1790391134.608238512 826731 PA-server 930
1790391134.608238512 826737 PA-server 229
1790391134.608238512 826738 iou-wrk-826731 0
1790391134.813923724 826731 PA-server 950
1790391134.813923724 826737 PA-server 234
1790391134.813923724 826738 iou-wrk-826731 0
1790391135.019452814 826731 PA-server 970
1790391135.019452814 826737 PA-server 239
1790391135.019452814 826738 iou-wrk-826731 0
1790391135.225023695 826731 PA-server 991
1790391135.225023695 826737 PA-server 244
1790391135.225023695 826738 iou-wrk-826731 0
1790391135.430628577 826731 PA-server 1011
1790391135.430628577 826737 PA-server 248
1790391135.430628577 826738 iou-wrk-826731 0
1790391135.636178308 826731 PA-server 1031
1790391135.636178308 826737 PA-server 254
1790391135.636178308 826738 iou-wrk-826731 0
1790391135.841744089 826731 PA-server 1051
1790391135.841744089 826737 PA-server 259
1790391135.841744089 826738 iou-wrk-826731 0
1790391136.047115510 826731 PA-server 1072
1790391136.047115510 826737 PA-server 263
1790391136.047115510 826738 iou-wrk-826731 0
1790391136.252814962 826731 PA-server 1084
1790391136.252814962 826737 PA-server 267
1790391136.252814962 826738 iou-wrk-826731 0
1790391136.458730225 826731 PA-server 1084
1790391136.458730225 826737 PA-server 267
1790391136.458730225 826738 iou-wrk-826731 0
