1790391599.709248862 865079 PL-server 0
1790391599.709248862 865085 PL-server 0
1790391599.709248862 865086 iou-wrk-865079 0
1790391599.915304096 865079 PL-server 10
1790391599.915304096 865085 PL-server 11
1790391599.915304096 865086 iou-wrk-865079 0
1790391600.120841937 865079 PL-server 22
1790391600.120841937 865085 PL-server 21
1790391600.120841937 865086 iou-wrk-865079 0
1790391600.325891426 865079 PL-server 34
1790391600.325891426 865085 PL-server 32
1790391600.325891426 865086 iou-wrk-865079 0
1790391600.530734214 865079 PL-server 44
1790391600.530734214 865085 PL-server 44
1790391600.530734214 865086 iou-wrk-865079 0
1790391600.735523102 865079 PL-server 56
1790391600.735523102 865085 PL-server 55
1790391600.735523102 865086 iou-wrk-865079 0
1790391600.941097603 865079 PL-server 67
1790391600.941097603 865085 PL-server 65
1790391600.941097603 865086 iou-wrk-865079 0
1790391601.145407248 865079 PL-server 79
1790391601.145407248 865085 PL-server 77
1790391601.145407248 865086 iou-wrk-865079 0
1790391601.349960685 865079 PL-server 91
1790391601.349960685 865085 PL-server 88
1790391601.349960685 865086 iou-wrk-865079 0
1790391601.554512952 865079 PL-server 102
1790391601.554512952 865085 PL-server 99
1790391601.554512952 865086 iou-wrk-865079 0
1790391601.759608141 865079 PL-server 113
1790391601.759608141 865085 PL-server 110
1790391601.759608141 865086 iou-wrk-865079 0
1790391601.964717520 865079 PL-server 125
1790391601.964717520 865085 PL-server 121
1790391601.964717520 865086 iou-wrk-865079 0
1790391602.169742679 865079 PL-server 137
1790391602.169742679 865085 PL-server 133
1790391602.169742679 865086 iou-wrk-865079 0
1790391602.374181775 865079 PL-server 149
1790391602.374181775 865085 PL-server 144
1790391602.374181775 865086 iou-wrk-865079 0
1790391602.578962923 865079 PL-server 160
1790391602.578962923 865085 PL-server 154
1790391602.578962923 865086 iou-wrk-865079 0
1790391602.783884582 865079 PL-server 171
1790391602.783884582 865085 PL-server 165
1790391602.783884582 865086 iou-wrk-865079 0
1790391602.989636755 865079 PL-server 182
1790391602.989636755 865085 PL-server 176
1790391602.989636755 865086 iou-wrk-865079 0
1790391603.194489803 865079 PL-server 193
1790391603.194489803 865085 PL-server 187
1790391603.194489803 865086 iou-wrk-865079 0
1790391603.399625062 865079 PL-server 205
1790391603.399625062 865085 PL-server 198
1790391603.399625062 865086 iou-wrk-865079 0
1790391603.604007799 865079 PL-server 215
1790391603.604007799 865085 PL-server 209
1790391603.604007799 865086 iou-wrk-865079 0
1790391603.808846377 865079 PL-server 229
1790391603.808846377 865085 PL-server 222
1790391603.808846377 865086 iou-wrk-865079 0
1790391604.013627155 865079 PL-server 239
1790391604.013627155 865085 PL-server 232
1790391604.013627155 865086 iou-wrk-865079 0
1790391604.218677544 865079 PL-server 252
1790391604.218677544 865085 PL-server 244
1790391604.218677544 865086 iou-wrk-865079 0
1790391604.423557543 865079 PL-server 263
1790391604.423557543 865085 PL-server 254
1790391604.423557543 865086 iou-wrk-865079 0
1790391604.628211070 865079 PL-server 275
1790391604.628211070 865085 PL-server 266
1790391604.628211070 865086 iou-wrk-865079 0
1790391604.832606956 865079 PL-server 286
1790391604.832606956 865085 PL-server 277
1790391604.832606956 865086 iou-wrk-865079 0
1790391605.036951842 865079 PL-server 297
1790391605.036951842 865085 PL-server 288
1790391605.036951842 865086 iou-wrk-865079 0
1790391605.241456619 865079 PL-server 308
1790391605.241456619 865085 PL-server 299
1790391605.241456619 865086 iou-wrk-865079 0
1790391605.446304598 865079 PL-server 320
1790391605.446304598 865085 PL-server 309
1790391605.446304598 865086 iou-wrk-865079 0
1790391605.651677289 865079 PL-server 331
1790391605.651677289 865085 PL-server 320
1790391605.651677289 865086 iou-wrk-865079 0
1790391605.856690628 865079 PL-server 342
1790391605.856690628 865085 PL-server 331
1790391605.856690628 865086 iou-wrk-865079 0
1790391606.061390106 865079 PL-server 353
1790391606.061390106 865085 PL-server 341
1790391606.061390106 865086 iou-wrk-865079 0
1790391606.266626977 865079 PL-server 366
1790391606.266626977 865085 PL-server 354
1790391606.266626977 865086 iou-wrk-865079 0
1790391606.472674121 865079 PL-server 377
1790391606.472674121 865085 PL-server 364
1790391606.472674121 865086 iou-wrk-865079 0
1790391606.677561750 865079 PL-server 388
1790391606.677561750 865085 PL-server 376
1790391606.677561750 865086 iou-wrk-865079 0
1790391606.882042477 865079 PL-server 400
1790391606.882042477 865085 PL-server 387
1790391606.882042477 865086 iou-wrk-865079 0
1790391607.086766255 865079 PL-server 413
1790391607.086766255 865085 PL-server 398
1790391607.086766255 865086 iou-wrk-865079 0
1790391607.292301317 865079 PL-server 425
1790391607.292301317 865085 PL-server 410
1790391607.292301317 865086 iou-wrk-865079 0
1790391607.497243607 865079 PL-server 436
1790391607.497243607 865085 PL-server 421
1790391607.497243607 865086 iou-wrk-865079 0
1790391607.701984425 865079 PL-server 448
1790391607.701984425 865085 PL-server 432
1790391607.701984425 865086 iou-wrk-865079 0
1790391607.906846634 865079 PL-server 459
1790391607.906846634 865085 PL-server 444
1790391607.906846634 865086 iou-wrk-865079 0
1790391608.112057575 865079 PL-server 470
1790391608.112057575 865085 PL-server 454
1790391608.112057575 865086 iou-wrk-865079 0
1790391608.316659262 865079 PL-server 481
1790391608.316659262 865085 PL-server 465
1790391608.316659262 865086 iou-wrk-865079 0
1790391608.521359630 865079 PL-server 493
1790391608.521359630 865085 PL-server 476
1790391608.521359630 865086 iou-wrk-865079 0
1790391608.725815517 865079 PL-server 504
1790391608.725815517 865085 PL-server 487
1790391608.725815517 865086 iou-wrk-865079 0
1790391608.930498196 865079 PL-server 516
1790391608.930498196 865085 PL-server 499
1790391608.930498196 865086 iou-wrk-865079 0
1790391609.135277134 865079 PL-server 528
1790391609.135277134 865085 PL-server 511
1790391609.135277134 865086 iou-wrk-865079 0
1790391609.341016218 865079 PL-server 540
1790391609.341016218 865085 PL-server 523
1790391609.341016218 865086 iou-wrk-865079 0
1790391609.546787321 865079 PL-server 551
1790391609.546787321 865085 PL-server 534
1790391609.546787321 865086 iou-wrk-865079 0
1790391609.752321314 865079 PL-server 562
1790391609.752321314 865085 PL-server 544
1790391609.752321314 865086 iou-wrk-865079 0
1790391609.958187108 865079 PL-server 574
1790391609.958187108 865085 PL-server 556
1790391609.958187108 865086 iou-wrk-865079 0
1790391610.163591100 865079 PL-server 585
1790391610.163591100 865085 PL-server 566
1790391610.163591100 865086 iou-wrk-865079 0
1790391610.369194393 865079 PL-server 596
1790391610.369194393 865085 PL-server 576
1790391610.369194393 865086 iou-wrk-865079 0
1790391610.574465065 865079 PL-server 607
1790391610.574465065 865085 PL-server 588
1790391610.574465065 865086 iou-wrk-865079 0
1790391610.780007957 865079 PL-server 616
1790391610.780007957 865085 PL-server 595
1790391610.780007957 865086 iou-wrk-865079 0
