1790391437.901215297 852210 PA-server 0
1790391437.901215297 852216 PA-server 0
1790391437.901215297 852217 iou-wrk-852210 0
1790391438.108280920 852210 PA-server 2
1790391438.108280920 852216 PA-server 10
1790391438.108280920 852217 iou-wrk-852210 0
1790391438.313348924 852210 PA-server 5
1790391438.313348924 852216 PA-server 19
1790391438.313348924 852217 iou-wrk-852210 0
1790391438.519000061 852210 PA-server 8
1790391438.519000061 852216 PA-server 30
1790391438.519000061 852217 iou-wrk-852210 0
1790391438.724154885 852210 PA-server 10
1790391438.724154885 852216 PA-server 39
1790391438.724154885 852217 iou-wrk-852210 0
1790391438.929600061 852210 PA-server 13
1790391438.929600061 852216 PA-server 49
1790391438.929600061 852217 iou-wrk-852210 0
1790391439.134996677 852210 PA-server 15
1790391439.134996677 852216 PA-server 59
1790391439.134996677 852217 iou-wrk-852210 0
1790391439.340437802 852210 PA-server 18
1790391439.340437802 852216 PA-server 69
1790391439.340437802 852217 iou-wrk-852210 0
1790391439.545252475 852210 PA-server 21
1790391439.545252475 852216 PA-server 80
1790391439.545252475 852217 iou-wrk-852210 0
1790391439.750993992 852210 PA-server 24
1790391439.750993992 852216 PA-server 90
1790391439.750993992 852217 iou-wrk-852210 0
1790391439.956358178 852210 PA-server 26
1790391439.956358178 852216 PA-server 99
1790391439.956358178 852217 iou-wrk-852210 0
1790391440.161481172 852210 PA-server 29
1790391440.161481172 852216 PA-server 110
1790391440.161481172 852217 iou-wrk-852210 0
1790391440.366989569 852210 PA-server 32
1790391440.366989569 852216 PA-server 120
1790391440.366989569 852217 iou-wrk-852210 0
1790391440.572709246 852210 PA-server 34
1790391440.572709246 852216 PA-server 130
1790391440.572709246 852217 iou-wrk-852210 0
1790391440.777989082 852210 PA-server 37
1790391440.777989082 852216 PA-server 140
1790391440.777989082 852217 iou-wrk-852210 0
1790391440.983483028 852210 PA-server 39
1790391440.983483028 852216 PA-server 150
1790391440.983483028 852217 iou-wrk-852210 0
1790391441.188670763 852210 PA-server 42
1790391441.188670763 852216 PA-server 160
1790391441.188670763 852217 iou-wrk-852210 0
1790391441.393820658 852210 PA-server 45
1790391441.393820658 852216 PA-server 171
1790391441.393820658 852217 iou-wrk-852210 0
1790391441.599282034 852210 PA-server 47
1790391441.599282034 852216 PA-server 181
1790391441.599282034 852217 iou-wrk-852210 0
1790391441.804974411 852210 PA-server 50
1790391441.804974411 852216 PA-server 191
1790391441.804974411 852217 iou-wrk-852210 0
1790391442.010485988 852210 PA-server 53
1790391442.010485988 852216 PA-server 201
1790391442.010485988 852217 iou-wrk-852210 0
1790391442.215574113 852210 PA-server 55
1790391442.215574113 852216 PA-server 211
1790391442.215574113 852217 iou-wrk-852210 0
1790391442.420846468 852210 PA-server 58
1790391442.420846468 852216 PA-server 221
1790391442.420846468 852217 iou-wrk-852210 0
1790391442.626112004 852210 PA-server 61
1790391442.626112004 852216 PA-server 231
1790391442.626112004 852217 iou-wrk-852210 0
1790391442.831490610 852210 PA-server 63
1790391442.831490610 852216 PA-server 241
1790391442.831490610 852217 iou-wrk-852210 0
1790391443.036558254 852210 PA-server 67
1790391443.036558254 852216 PA-server 250
1790391443.036558254 852217 iou-wrk-852210 0
1790391443.242050541 852210 PA-server 68
1790391443.242050541 852216 PA-server 260
1790391443.242050541 852217 iou-wrk-852210 0
1790391443.447454208 852210 PA-server 72
1790391443.447454208 852216 PA-server 270
1790391443.447454208 852217 iou-wrk-852210 0
1790391443.652406402 852210 PA-server 74
1790391443.652406402 852216 PA-server 281
1790391443.652406402 852217 iou-wrk-852210 0
1790391443.857748358 852210 PA-server 77
1790391443.857748358 852216 PA-server 291
1790391443.857748358 852217 iou-wrk-852210 0
1790391444.063168724 852210 PA-server 80
1790391444.063168724 852216 PA-server 301
1790391444.063168724 852217 iou-wrk-852210 0
1790391444.268308130 852210 PA-server 82
1790391444.268308130 852216 PA-server 311
1790391444.268308130 852217 iou-wrk-852210 0
1790391444.474116798 852210 PA-server 84
1790391444.474116798 852216 PA-server 321
1790391444.474116798 852217 iou-wrk-852210 0
1790391444.679729466 852210 PA-server 87
1790391444.679729466 852216 PA-server 332
1790391444.679729466 852217 iou-wrk-852210 0
1790391444.885200783 852210 PA-server 91
1790391444.885200783 852216 PA-server 341
1790391444.885200783 852217 iou-wrk-852210 0
1790391445.090373558 852210 PA-server 93
1790391445.090373558 852216 PA-server 351
1790391445.090373558 852217 iou-wrk-852210 0
1790391445.295680475 852210 PA-server 95
1790391445.295680475 852216 PA-server 362
1790391445.295680475 852217 iou-wrk-852210 0
1790391445.501081451 852210 PA-server 99
1790391445.501081451 852216 PA-server 372
1790391445.501081451 852217 iou-wrk-852210 0
1790391445.706352107 852210 PA-server 101
1790391445.706352107 852216 PA-server 382
1790391445.706352107 852217 iou-wrk-852210 0
1790391445.912007495 852210 PA-server 103
1790391445.912007495 852216 PA-server 392
1790391445.912007495 852217 iou-wrk-852210 0
1790391446.117295612 852210 PA-server 106
1790391446.117295612 852216 PA-server 402
1790391446.117295612 852217 iou-wrk-852210 0
1790391446.323394482 852210 PA-server 109
1790391446.323394482 852216 PA-server 412
1790391446.323394482 852217 iou-wrk-852210 0
1790391446.529274761 852210 PA-server 112
1790391446.529274761 852216 PA-server 422
1790391446.529274761 852217 iou-wrk-852210 0
1790391446.735128820 852210 PA-server 114
1790391446.735128820 852216 PA-server 432
1790391446.735128820 852217 iou-wrk-852210 0
1790391446.940839269 852210 PA-server 117
1790391446.940839269 852216 PA-server 443
1790391446.940839269 852217 iou-wrk-852210 0
1790391447.146442067 852210 PA-server 120
1790391447.146442067 852216 PA-server 452
1790391447.146442067 852217 iou-wrk-852210 0
1790391447.351918685 852210 PA-server 122
1790391447.351918685 852216 PA-server 463
1790391447.351918685 852217 iou-wrk-852210 0
1790391447.557001270 852210 PA-server 125
1790391447.557001270 852216 PA-server 473
1790391447.557001270 852217 iou-wrk-852210 0
1790391447.762347337 852210 PA-server 127
1790391447.762347337 852216 PA-server 483
1790391447.762347337 852217 iou-wrk-852210 0
1790391447.967541093 852210 PA-server 130
1790391447.967541093 852216 PA-server 494
1790391447.967541093 852217 iou-wrk-852210 0
1790391448.173137191 852210 PA-server 133
1790391448.173137191 852216 PA-server 504
1790391448.173137191 852217 iou-wrk-852210 0
1790391448.379146761 852210 PA-server 136
1790391448.379146761 852216 PA-server 514
1790391448.379146761 852217 iou-wrk-852210 0
1790391448.584963601 852210 PA-server 139
1790391448.584963601 852216 PA-server 524
1790391448.584963601 852217 iou-wrk-852210 0
1790391448.790556849 852210 PA-server 141
1790391448.790556849 852216 PA-server 534
1790391448.790556849 852217 iou-wrk-852210 0
1790391448.996239078 852210 PA-server 143
1790391448.996239078 852216 PA-server 540
1790391448.996239078 852217 iou-wrk-852210 0
