1790391762.080781620 877723 PA-server 0
1790391762.080781620 877729 PA-server 0
1790391762.080781620 877730 iou-wrk-877723 0
1790391762.287793997 877723 PA-server 15
1790391762.287793997 877729 PA-server 4
1790391762.287793997 877730 iou-wrk-877723 0
1790391762.492923375 877723 PA-server 30
1790391762.492923375 877729 PA-server 9
1790391762.492923375 877730 iou-wrk-877723 0
1790391762.697352629 877723 PA-server 45
1790391762.697352629 877729 PA-server 15
1790391762.697352629 877730 iou-wrk-877723 0
1790391762.902173475 877723 PA-server 61
1790391762.902173475 877729 PA-server 19
1790391762.902173475 877730 iou-wrk-877723 0
1790391763.107483494 877723 PA-server 76
1790391763.107483494 877729 PA-server 25
1790391763.107483494 877730 iou-wrk-877723 0
1790391763.312047859 877723 PA-server 91
1790391763.312047859 877729 PA-server 29
1790391763.312047859 877730 iou-wrk-877723 0
1790391763.516661914 877723 PA-server 107
1790391763.516661914 877729 PA-server 34
1790391763.516661914 877730 iou-wrk-877723 0
1790391763.721071688 877723 PA-server 122
1790391763.721071688 877729 PA-server 39
1790391763.721071688 877730 iou-wrk-877723 0
1790391763.925320831 877723 PA-server 138
1790391763.925320831 877729 PA-server 43
1790391763.925320831 877730 iou-wrk-877723 0
1790391764.129702905 877723 PA-server 152
1790391764.129702905 877729 PA-server 48
1790391764.129702905 877730 iou-wrk-877723 0
1790391764.334216320 877723 PA-server 167
1790391764.334216320 877729 PA-server 53
1790391764.334216320 877730 iou-wrk-877723 0
1790391764.538385563 877723 PA-server 182
1790391764.538385563 877729 PA-server 58
1790391764.538385563 877730 iou-wrk-877723 0
1790391764.742489736 877723 PA-server 197
1790391764.742489736 877729 PA-server 63
1790391764.742489736 877730 iou-wrk-877723 0
1790391764.947256081 877723 PA-server 212
1790391764.947256081 877729 PA-server 68
1790391764.947256081 877730 iou-wrk-877723 0
1790391765.151960667 877723 PA-server 228
1790391765.151960667 877729 PA-server 72
1790391765.151960667 877730 iou-wrk-877723 0
1790391765.356558882 877723 PA-server 243
1790391765.356558882 877729 PA-server 77
1790391765.356558882 877730 iou-wrk-877723 0
1790391765.560919456 877723 PA-server 258
1790391765.560919456 877729 PA-server 82
1790391765.560919456 877730 iou-wrk-877723 0
1790391765.765434631 877723 PA-server 274
1790391765.765434631 877729 PA-server 86
1790391765.765434631 877730 iou-wrk-877723 0
1790391765.970350738 877723 PA-server 289
1790391765.970350738 877729 PA-server 92
1790391765.970350738 877730 iou-wrk-877723 0
1790391766.174978173 877723 PA-server 304
1790391766.174978173 877729 PA-server 96
1790391766.174978173 877730 iou-wrk-877723 0
1790391766.379657609 877723 PA-server 318
1790391766.379657609 877729 PA-server 101
1790391766.379657609 877730 iou-wrk-877723 0
1790391766.585372500 877723 PA-server 335
1790391766.585372500 877729 PA-server 107
1790391766.585372500 877730 iou-wrk-877723 0
1790391766.791380663 877723 PA-server 351
1790391766.791380663 877729 PA-server 114
1790391766.791380663 877730 iou-wrk-877723 0
1790391766.996222979 877723 PA-server 367
1790391766.996222979 877729 PA-server 119
1790391766.996222979 877730 iou-wrk-877723 0
1790391767.201149766 877723 PA-server 384
1790391767.201149766 877729 PA-server 126
1790391767.201149766 877730 iou-wrk-877723 0
1790391767.405983903 877723 PA-server 399
1790391767.405983903 877729 PA-server 131
1790391767.405983903 877730 iou-wrk-877723 0
1790391767.611617604 877723 PA-server 414
1790391767.611617604 877729 PA-server 135
1790391767.611617604 877730 iou-wrk-877723 0
1790391767.817329285 877723 PA-server 429
1790391767.817329285 877729 PA-server 141
1790391767.817329285 877730 iou-wrk-877723 0
1790391768.022603094 877723 PA-server 444
1790391768.022603094 877729 PA-server 146
1790391768.022603094 877730 iou-wrk-877723 0
1790391768.228467936 877723 PA-server 459
1790391768.228467936 877729 PA-server 150
1790391768.228467936 877730 iou-wrk-877723 0
1790391768.434272067 877723 PA-server 475
1790391768.434272067 877729 PA-server 155
1790391768.434272067 877730 iou-wrk-877723 0
1790391768.639396306 877723 PA-server 490
1790391768.639396306 877729 PA-server 160
1790391768.639396306 877730 iou-wrk-877723 0
1790391768.844750575 877723 PA-server 505
1790391768.844750575 877729 PA-server 164
1790391768.844750575 877730 iou-wrk-877723 0
1790391769.050397876 877723 PA-server 520
1790391769.050397876 877729 PA-server 169
1790391769.050397876 877730 iou-wrk-877723 0
1790391769.256081817 877723 PA-server 536
1790391769.256081817 877729 PA-server 174
1790391769.256081817 877730 iou-wrk-877723 0
1790391769.461522287 877723 PA-server 550
1790391769.461522287 877729 PA-server 178
1790391769.461522287 877730 iou-wrk-877723 0
1790391769.666733616 877723 PA-server 565
1790391769.666733616 877729 PA-server 183
1790391769.666733616 877730 iou-wrk-877723 0
1790391769.872113375 877723 PA-server 580
1790391769.872113375 877729 PA-server 188
1790391769.872113375 877730 iou-wrk-877723 0
1790391770.077245164 877723 PA-server 595
1790391770.077245164 877729 PA-server 192
1790391770.077245164 877730 iou-wrk-877723 0
1790391770.282932385 877723 PA-server 610
1790391770.282932385 877729 PA-server 197
1790391770.282932385 877730 iou-wrk-877723 0
1790391770.488985938 877723 PA-server 626
1790391770.488985938 877729 PA-server 202
1790391770.488985938 877730 iou-wrk-877723 0
1790391770.694849730 877723 PA-server 641
1790391770.694849730 877729 PA-server 207
1790391770.694849730 877730 iou-wrk-877723 0
1790391770.900133379 877723 PA-server 656
1790391770.900133379 877729 PA-server 212
1790391770.900133379 877730 iou-wrk-877723 0
1790391771.105596819 877723 PA-server 671
1790391771.105596819 877729 PA-server 216
1790391771.105596819 877730 iou-wrk-877723 0
1790391771.310507347 877723 PA-server 686
1790391771.310507347 877729 PA-server 221
1790391771.310507347 877730 iou-wrk-877723 0
1790391771.515544095 877723 PA-server 701
1790391771.515544095 877729 PA-server 225
1790391771.515544095 877730 iou-wrk-877723 0
1790391771.721442577 877723 PA-server 716
1790391771.721442577 877729 PA-server 230
1790391771.721442577 877730 iou-wrk-877723 0
1790391771.926650496 877723 PA-server 731
1790391771.926650496 877729 PA-server 235
1790391771.926650496 877730 iou-wrk-877723 0
1790391772.132106496 877723 PA-server 746
1790391772.132106496 877729 PA-server 240
1790391772.132106496 877730 iou-wrk-877723 0
1790391772.338285820 877723 PA-server 761
1790391772.338285820 877729 PA-server 245
1790391772.338285820 877730 iou-wrk-877723 0
1790391772.544492274 877723 PA-server 776
1790391772.544492274 877729 PA-server 250
1790391772.544492274 877730 iou-wrk-877723 0
1790391772.750181196 877723 PA-server 791
1790391772.750181196 877729 PA-server 255
1790391772.750181196 877730 iou-wrk-877723 0
1790391772.955540786 877723 PA-server 806
1790391772.955540786 877729 PA-server 259
1790391772.955540786 877730 iou-wrk-877723 0
1790391773.161456158 877723 PA-server 816
1790391773.161456158 877729 PA-server 262
1790391773.161456158 877730 iou-wrk-877723 0
