1790391153.098633257 828777 PA-server 0
1790391153.098633257 828783 PA-server 0
1790391153.098633257 828784 iou-wrk-828777 0
1790391153.306062712 828777 PA-server 13
1790391153.306062712 828783 PA-server 13
1790391153.306062712 828784 iou-wrk-828777 0
1790391153.512478853 828777 PA-server 28
1790391153.512478853 828783 PA-server 26
1790391153.512478853 828784 iou-wrk-828777 0
1790391153.717699119 828777 PA-server 42
1790391153.717699119 828783 PA-server 40
1790391153.717699119 828784 iou-wrk-828777 0
1790391153.923411396 828777 PA-server 57
1790391153.923411396 828783 PA-server 54
1790391153.923411396 828784 iou-wrk-828777 0
1790391154.128318890 828777 PA-server 70
1790391154.128318890 828783 PA-server 67
1790391154.128318890 828784 iou-wrk-828777 0
1790391154.333318355 828777 PA-server 86
1790391154.333318355 828783 PA-server 80
1790391154.333318355 828784 iou-wrk-828777 0
1790391154.538987733 828777 PA-server 99
1790391154.538987733 828783 PA-server 94
1790391154.538987733 828784 iou-wrk-828777 0
1790391154.744580380 828777 PA-server 113
1790391154.744580380 828783 PA-server 108
1790391154.744580380 828784 iou-wrk-828777 0
1790391154.950525800 828777 PA-server 128
1790391154.950525800 828783 PA-server 122
1790391154.950525800 828784 iou-wrk-828777 0
1790391155.155089432 828777 PA-server 143
1790391155.155089432 828783 PA-server 136
1790391155.155089432 828784 iou-wrk-828777 0
1790391155.361027592 828777 PA-server 157
1790391155.361027592 828783 PA-server 151
1790391155.361027592 828784 iou-wrk-828777 0
1790391155.566975691 828777 PA-server 172
1790391155.566975691 828783 PA-server 164
1790391155.566975691 828784 iou-wrk-828777 0
1790391155.772405408 828777 PA-server 186
1790391155.772405408 828783 PA-server 177
1790391155.772405408 828784 iou-wrk-828777 0
1790391155.977620224 828777 PA-server 200
1790391155.977620224 828783 PA-server 192
1790391155.977620224 828784 iou-wrk-828777 0
1790391156.183308923 828777 PA-server 215
1790391156.183308923 828783 PA-server 205
1790391156.183308923 828784 iou-wrk-828777 0
1790391156.388530779 828777 PA-server 230
1790391156.388530779 828783 PA-server 218
1790391156.388530779 828784 iou-wrk-828777 0
1790391156.594759680 828777 PA-server 244
1790391156.594759680 828783 PA-server 232
1790391156.594759680 828784 iou-wrk-828777 0
1790391156.799803316 828777 PA-server 258
1790391156.799803316 828783 PA-server 246
1790391156.799803316 828784 iou-wrk-828777 0
1790391157.004949522 828777 PA-server 273
1790391157.004949522 828783 PA-server 259
1790391157.004949522 828784 iou-wrk-828777 0
1790391157.210024158 828777 PA-server 287
1790391157.210024158 828783 PA-server 274
1790391157.210024158 828784 iou-wrk-828777 0
1790391157.414706302 828777 PA-server 302
1790391157.414706302 828783 PA-server 287
1790391157.414706302 828784 iou-wrk-828777 0
1790391157.620482711 828777 PA-server 316
1790391157.620482711 828783 PA-server 301
1790391157.620482711 828784 iou-wrk-828777 0
1790391157.826025539 828777 PA-server 330
1790391157.826025539 828783 PA-server 315
1790391157.826025539 828784 iou-wrk-828777 0
1790391158.031331267 828777 PA-server 345
1790391158.031331267 828783 PA-server 328
1790391158.031331267 828784 iou-wrk-828777 0
1790391158.236220002 828777 PA-server 358
1790391158.236220002 828783 PA-server 342
1790391158.236220002 828784 iou-wrk-828777 0
1790391158.441789841 828777 PA-server 374
1790391158.441789841 828783 PA-server 355
1790391158.441789841 828784 iou-wrk-828777 0
1790391158.646911917 828777 PA-server 388
1790391158.646911917 828783 PA-server 369
1790391158.646911917 828784 iou-wrk-828777 0
1790391158.851836723 828777 PA-server 402
1790391158.851836723 828783 PA-server 382
1790391158.851836723 828784 iou-wrk-828777 0
1790391159.056252566 828777 PA-server 416
1790391159.056252566 828783 PA-server 395
1790391159.056252566 828784 iou-wrk-828777 0
1790391159.261485174 828777 PA-server 430
1790391159.261485174 828783 PA-server 409
1790391159.261485174 828784 iou-wrk-828777 0
1790391159.466808402 828777 PA-server 445
1790391159.466808402 828783 PA-server 424
1790391159.466808402 828784 iou-wrk-828777 0
1790391159.671528527 828777 PA-server 459
1790391159.671528527 828783 PA-server 438
1790391159.671528527 828784 iou-wrk-828777 0
1790391159.876638243 828777 PA-server 474
1790391159.876638243 828783 PA-server 451
1790391159.876638243 828784 iou-wrk-828777 0
1790391160.080951637 828777 PA-server 488
1790391160.080951637 828783 PA-server 465
1790391160.080951637 828784 iou-wrk-828777 0
1790391160.285575872 828777 PA-server 502
1790391160.285575872 828783 PA-server 479
1790391160.285575872 828784 iou-wrk-828777 0
1790391160.490755749 828777 PA-server 517
1790391160.490755749 828783 PA-server 492
1790391160.490755749 828784 iou-wrk-828777 0
1790391160.695582465 828777 PA-server 530
1790391160.695582465 828783 PA-server 506
1790391160.695582465 828784 iou-wrk-828777 0
1790391160.900297460 828777 PA-server 545
1790391160.900297460 828783 PA-server 520
1790391160.900297460 828784 iou-wrk-828777 0
1790391161.105392648 828777 PA-server 559
1790391161.105392648 828783 PA-server 533
1790391161.105392648 828784 iou-wrk-828777 0
1790391161.310542605 828777 PA-server 574
1790391161.310542605 828783 PA-server 548
1790391161.310542605 828784 iou-wrk-828777 0
1790391161.515758933 828777 PA-server 588
1790391161.515758933 828783 PA-server 561
1790391161.515758933 828784 iou-wrk-828777 0
1790391161.720118677 828777 PA-server 602
1790391161.720118677 828783 PA-server 575
1790391161.720118677 828784 iou-wrk-828777 0
1790391161.925498766 828777 PA-server 617
1790391161.925498766 828783 PA-server 589
1790391161.925498766 828784 iou-wrk-828777 0
1790391162.130309062 828777 PA-server 631
1790391162.130309062 828783 PA-server 602
1790391162.130309062 828784 iou-wrk-828777 0
1790391162.335443150 828777 PA-server 646
1790391162.335443150 828783 PA-server 616
1790391162.335443150 828784 iou-wrk-828777 0
1790391162.540267456 828777 PA-server 660
1790391162.540267456 828783 PA-server 630
1790391162.540267456 828784 iou-wrk-828777 0
1790391162.745075413 828777 PA-server 675
1790391162.745075413 828783 PA-server 644
1790391162.745075413 828784 iou-wrk-828777 0
1790391162.949767749 828777 PA-server 688
1790391162.949767749 828783 PA-server 657
1790391162.949767749 828784 iou-wrk-828777 0
1790391163.154584425 828777 PA-server 703
1790391163.154584425 828783 PA-server 671
1790391163.154584425 828784 iou-wrk-828777 0
1790391163.359807674 828777 PA-server 717
1790391163.359807674 828783 PA-server 685
1790391163.359807674 828784 iou-wrk-828777 0
1790391163.564873482 828777 PA-server 731
1790391163.564873482 828783 PA-server 699
1790391163.564873482 828784 iou-wrk-828777 0
1790391163.769902679 828777 PA-server 746
1790391163.769902679 828783 PA-server 712
1790391163.769902679 828784 iou-wrk-828777 0
1790391163.974766746 828777 PA-server 760
1790391163.974766746 828783 PA-server 726
1790391163.974766746 828784 iou-wrk-828777 0
1790391164.179372042 828777 PA-server 770
1790391164.179372042 828783 PA-server 735
1790391164.179372042 828784 iou-wrk-828777 0
