1790391477.003915111 855560 PL-server 0
1790391477.003915111 855566 PL-server 0
1790391477.003915111 855567 iou-wrk-855560 0
1790391477.210325319 855560 PL-server 10
1790391477.210325319 855566 PL-server 10
1790391477.210325319 855567 iou-wrk-855560 0
1790391477.415954322 855560 PL-server 22
1790391477.415954322 855566 PL-server 20
1790391477.415954322 855567 iou-wrk-855560 0
1790391477.621377814 855560 PL-server 33
1790391477.621377814 855566 PL-server 30
1790391477.621377814 855567 iou-wrk-855560 0
1790391477.826941957 855560 PL-server 44
1790391477.826941957 855566 PL-server 41
1790391477.826941957 855567 iou-wrk-855560 0
1790391478.032620271 855560 PL-server 55
1790391478.032620271 855566 PL-server 51
1790391478.032620271 855567 iou-wrk-855560 0
1790391478.239206389 855560 PL-server 67
1790391478.239206389 855566 PL-server 62
1790391478.239206389 855567 iou-wrk-855560 0
1790391478.444712372 855560 PL-server 78
1790391478.444712372 855566 PL-server 73
1790391478.444712372 855567 iou-wrk-855560 0
1790391478.650539127 855560 PL-server 89
1790391478.650539127 855566 PL-server 83
1790391478.650539127 855567 iou-wrk-855560 0
1790391478.855677548 855560 PL-server 100
1790391478.855677548 855566 PL-server 93
1790391478.855677548 855567 iou-wrk-855560 0
1790391479.060631449 855560 PL-server 111
1790391479.060631449 855566 PL-server 104
1790391479.060631449 855567 iou-wrk-855560 0
1790391479.265835270 855560 PL-server 123
1790391479.265835270 855566 PL-server 114
1790391479.265835270 855567 iou-wrk-855560 0
1790391479.470912881 855560 PL-server 133
1790391479.470912881 855566 PL-server 124
1790391479.470912881 855567 iou-wrk-855560 0
1790391479.676155173 855560 PL-server 144
1790391479.676155173 855566 PL-server 135
1790391479.676155173 855567 iou-wrk-855560 0
1790391479.881324384 855560 PL-server 156
1790391479.881324384 855566 PL-server 146
1790391479.881324384 855567 iou-wrk-855560 0
1790391480.087027689 855560 PL-server 167
1790391480.087027689 855566 PL-server 156
1790391480.087027689 855567 iou-wrk-855560 0
1790391480.292085480 855560 PL-server 177
1790391480.292085480 855566 PL-server 167
1790391480.292085480 855567 iou-wrk-855560 0
1790391480.497540373 855560 PL-server 189
1790391480.497540373 855566 PL-server 177
1790391480.497540373 855567 iou-wrk-855560 0
1790391480.703123077 855560 PL-server 199
1790391480.703123077 855566 PL-server 187
1790391480.703123077 855567 iou-wrk-855560 0
1790391480.907980097 855560 PL-server 211
1790391480.907980097 855566 PL-server 198
1790391480.907980097 855567 iou-wrk-855560 0
1790391481.113727081 855560 PL-server 222
1790391481.113727081 855566 PL-server 209
1790391481.113727081 855567 iou-wrk-855560 0
1790391481.319268045 855560 PL-server 233
1790391481.319268045 855566 PL-server 219
1790391481.319268045 855567 iou-wrk-855560 0
1790391481.524957829 855560 PL-server 245
1790391481.524957829 855566 PL-server 230
1790391481.524957829 855567 iou-wrk-855560 0
1790391481.731044386 855560 PL-server 256
1790391481.731044386 855566 PL-server 240
1790391481.731044386 855567 iou-wrk-855560 0
1790391481.936046527 855560 PL-server 267
1790391481.936046527 855566 PL-server 250
1790391481.936046527 855567 iou-wrk-855560 0
1790391482.142220144 855560 PL-server 278
1790391482.142220144 855566 PL-server 260
1790391482.142220144 855567 iou-wrk-855560 0
1790391482.347600997 855560 PL-server 290
1790391482.347600997 855566 PL-server 271
1790391482.347600997 855567 iou-wrk-855560 0
1790391482.552424177 855560 PL-server 301
1790391482.552424177 855566 PL-server 282
1790391482.552424177 855567 iou-wrk-855560 0
1790391482.757265957 855560 PL-server 311
1790391482.757265957 855566 PL-server 292
1790391482.757265957 855567 iou-wrk-855560 0
1790391482.962846791 855560 PL-server 322
1790391482.962846791 855566 PL-server 303
1790391482.962846791 855567 iou-wrk-855560 0
1790391483.168635896 855560 PL-server 334
1790391483.168635896 855566 PL-server 313
1790391483.168635896 855567 iou-wrk-855560 0
1790391483.373963369 855560 PL-server 346
1790391483.373963369 855566 PL-server 325
1790391483.373963369 855567 iou-wrk-855560 0
1790391483.578731209 855560 PL-server 356
1790391483.578731209 855566 PL-server 335
1790391483.578731209 855567 iou-wrk-855560 0
1790391483.783759231 855560 PL-server 368
1790391483.783759231 855566 PL-server 345
1790391483.783759231 855567 iou-wrk-855560 0
1790391483.988870363 855560 PL-server 379
1790391483.988870363 855566 PL-server 355
1790391483.988870363 855567 iou-wrk-855560 0
1790391484.194200276 855560 PL-server 390
1790391484.194200276 855566 PL-server 366
1790391484.194200276 855567 iou-wrk-855560 0
1790391484.399625709 855560 PL-server 402
1790391484.399625709 855566 PL-server 377
1790391484.399625709 855567 iou-wrk-855560 0
1790391484.604155809 855560 PL-server 413
1790391484.604155809 855566 PL-server 387
1790391484.604155809 855567 iou-wrk-855560 0
1790391484.809347101 855560 PL-server 424
1790391484.809347101 855566 PL-server 397
1790391484.809347101 855567 iou-wrk-855560 0
1790391485.015033076 855560 PL-server 435
1790391485.015033076 855566 PL-server 408
1790391485.015033076 855567 iou-wrk-855560 0
1790391485.220349759 855560 PL-server 446
1790391485.220349759 855566 PL-server 419
1790391485.220349759 855567 iou-wrk-855560 0
1790391485.426490196 855560 PL-server 458
1790391485.426490196 855566 PL-server 429
1790391485.426490196 855567 iou-wrk-855560 0
1790391485.632066741 855560 PL-server 469
1790391485.632066741 855566 PL-server 440
1790391485.632066741 855567 iou-wrk-855560 0
1790391485.837637585 855560 PL-server 481
1790391485.837637585 855566 PL-server 450
1790391485.837637585 855567 iou-wrk-855560 0
1790391486.043322270 855560 PL-server 492
1790391486.043322270 855566 PL-server 461
1790391486.043322270 855567 iou-wrk-855560 0
1790391486.248543083 855560 PL-server 503
1790391486.248543083 855566 PL-server 472
1790391486.248543083 855567 iou-wrk-855560 0
1790391486.453867657 855560 PL-server 514
1790391486.453867657 855566 PL-server 483
1790391486.453867657 855567 iou-wrk-855560 0
1790391486.659327701 855560 PL-server 526
1790391486.659327701 855566 PL-server 493
1790391486.659327701 855567 iou-wrk-855560 0
1790391486.865038976 855560 PL-server 537
1790391486.865038976 855566 PL-server 504
1790391486.865038976 855567 iou-wrk-855560 0
1790391487.069940228 855560 PL-server 549
1790391487.069940228 855566 PL-server 514
1790391487.069940228 855567 iou-wrk-855560 0
1790391487.275596353 855560 PL-server 560
1790391487.275596353 855566 PL-server 525
1790391487.275596353 855567 iou-wrk-855560 0
1790391487.481222278 855560 PL-server 571
1790391487.481222278 855566 PL-server 535
1790391487.481222278 855567 iou-wrk-855560 0
1790391487.687296165 855560 PL-server 582
1790391487.687296165 855566 PL-server 546
1790391487.687296165 855567 iou-wrk-855560 0
1790391487.892150866 855560 PL-server 593
1790391487.892150866 855566 PL-server 557
1790391487.892150866 855567 iou-wrk-855560 0
1790391488.096848007 855560 PL-server 600
1790391488.096848007 855566 PL-server 563
1790391488.096848007 855567 iou-wrk-855560 0
