1790390907.916175554 808879 PL-server 0
1790390907.916175554 808885 PL-server 0
1790390907.916175554 808886 iou-wrk-808879 0
1790390908.121253920 808879 PL-server 10
1790390908.121253920 808885 PL-server 10
1790390908.121253920 808886 iou-wrk-808879 0
1790390908.325783493 808879 PL-server 21
1790390908.325783493 808885 PL-server 20
1790390908.325783493 808886 iou-wrk-808879 0
1790390908.530262566 808879 PL-server 32
1790390908.530262566 808885 PL-server 31
1790390908.530262566 808886 iou-wrk-808879 0
1790390908.734927789 808879 PL-server 43
1790390908.734927789 808885 PL-server 42
1790390908.734927789 808886 iou-wrk-808879 0
1790390908.939605413 808879 PL-server 55
1790390908.939605413 808885 PL-server 53
1790390908.939605413 808886 iou-wrk-808879 0
1790390909.144585508 808879 PL-server 65
1790390909.144585508 808885 PL-server 64
1790390909.144585508 808886 iou-wrk-808879 0
1790390909.349667264 808879 PL-server 76
1790390909.349667264 808885 PL-server 74
1790390909.349667264 808886 iou-wrk-808879 0
1790390909.554411969 808879 PL-server 87
1790390909.554411969 808885 PL-server 85
1790390909.554411969 808886 iou-wrk-808879 0
1790390909.758708402 808879 PL-server 98
1790390909.758708402 808885 PL-server 96
1790390909.758708402 808886 iou-wrk-808879 0
1790390909.963360596 808879 PL-server 110
1790390909.963360596 808885 PL-server 106
1790390909.963360596 808886 iou-wrk-808879 0
1790390910.167915480 808879 PL-server 120
1790390910.167915480 808885 PL-server 117
1790390910.167915480 808886 iou-wrk-808879 0
1790390910.372593205 808879 PL-server 131
1790390910.372593205 808885 PL-server 128
1790390910.372593205 808886 iou-wrk-808879 0
1790390910.577506280 808879 PL-server 141
1790390910.577506280 808885 PL-server 138
1790390910.577506280 808886 iou-wrk-808879 0
1790390910.782601037 808879 PL-server 153
1790390910.782601037 808885 PL-server 149
1790390910.782601037 808886 iou-wrk-808879 0
1790390910.988081685 808879 PL-server 164
1790390910.988081685 808885 PL-server 160
1790390910.988081685 808886 iou-wrk-808879 0
1790390911.193034891 808879 PL-server 175
1790390911.193034891 808885 PL-server 171
1790390911.193034891 808886 iou-wrk-808879 0
1790390911.397812477 808879 PL-server 186
1790390911.397812477 808885 PL-server 181
1790390911.397812477 808886 iou-wrk-808879 0
1790390911.602450242 808879 PL-server 198
1790390911.602450242 808885 PL-server 193
1790390911.602450242 808886 iou-wrk-808879 0
1790390911.808207002 808879 PL-server 209
1790390911.808207002 808885 PL-server 204
1790390911.808207002 808886 iou-wrk-808879 0
1790390912.012562256 808879 PL-server 220
1790390912.012562256 808885 PL-server 214
1790390912.012562256 808886 iou-wrk-808879 0
1790390912.217984565 808879 PL-server 230
1790390912.217984565 808885 PL-server 225
1790390912.217984565 808886 iou-wrk-808879 0
1790390912.422703031 808879 PL-server 243
1790390912.422703031 808885 PL-server 236
1790390912.422703031 808886 iou-wrk-808879 0
1790390912.628011549 808879 PL-server 253
1790390912.628011549 808885 PL-server 247
1790390912.628011549 808886 iou-wrk-808879 0
1790390912.832389134 808879 PL-server 264
1790390912.832389134 808885 PL-server 258
1790390912.832389134 808886 iou-wrk-808879 0
1790390913.037198820 808879 PL-server 276
1790390913.037198820 808885 PL-server 269
1790390913.037198820 808886 iou-wrk-808879 0
1790390913.242779430 808879 PL-server 287
1790390913.242779430 808885 PL-server 280
1790390913.242779430 808886 iou-wrk-808879 0
1790390913.447099785 808879 PL-server 298
1790390913.447099785 808885 PL-server 290
1790390913.447099785 808886 iou-wrk-808879 0
1790390913.652117852 808879 PL-server 308
1790390913.652117852 808885 PL-server 301
1790390913.652117852 808886 iou-wrk-808879 0
1790390913.856613318 808879 PL-server 320
1790390913.856613318 808885 PL-server 312
1790390913.856613318 808886 iou-wrk-808879 0
1790390914.062463429 808879 PL-server 331
1790390914.062463429 808885 PL-server 323
1790390914.062463429 808886 iou-wrk-808879 0
1790390914.267401337 808879 PL-server 342
1790390914.267401337 808885 PL-server 334
1790390914.267401337 808886 iou-wrk-808879 0
1790390914.472146474 808879 PL-server 352
1790390914.472146474 808885 PL-server 344
1790390914.472146474 808886 iou-wrk-808879 0
1790390914.676519060 808879 PL-server 363
1790390914.676519060 808885 PL-server 354
1790390914.676519060 808886 iou-wrk-808879 0
1790390914.881401887 808879 PL-server 374
1790390914.881401887 808885 PL-server 366
1790390914.881401887 808886 iou-wrk-808879 0
1790390915.086608886 808879 PL-server 385
1790390915.086608886 808885 PL-server 376
1790390915.086608886 808886 iou-wrk-808879 0
1790390915.292326608 808879 PL-server 396
1790390915.292326608 808885 PL-server 386
1790390915.292326608 808886 iou-wrk-808879 0
1790390915.497037615 808879 PL-server 407
1790390915.497037615 808885 PL-server 397
1790390915.497037615 808886 iou-wrk-808879 0
1790390915.701376181 808879 PL-server 418
1790390915.701376181 808885 PL-server 407
1790390915.701376181 808886 iou-wrk-808879 0
1790390915.905862678 808879 PL-server 429
1790390915.905862678 808885 PL-server 417
1790390915.905862678 808886 iou-wrk-808879 0
1790390916.110629726 808879 PL-server 439
1790390916.110629726 808885 PL-server 429
1790390916.110629726 808886 iou-wrk-808879 0
1790390916.315519514 808879 PL-server 450
1790390916.315519514 808885 PL-server 439
1790390916.315519514 808886 iou-wrk-808879 0
1790390916.521163586 808879 PL-server 461
1790390916.521163586 808885 PL-server 449
1790390916.521163586 808886 iou-wrk-808879 0
1790390916.725687703 808879 PL-server 472
1790390916.725687703 808885 PL-server 459
1790390916.725687703 808886 iou-wrk-808879 0
1790390916.930455141 808879 PL-server 483
1790390916.930455141 808885 PL-server 470
1790390916.930455141 808886 iou-wrk-808879 0
1790390917.135909683 808879 PL-server 494
1790390917.135909683 808885 PL-server 481
1790390917.135909683 808886 iou-wrk-808879 0
1790390917.340541561 808879 PL-server 505
1790390917.340541561 808885 PL-server 492
1790390917.340541561 808886 iou-wrk-808879 0
1790390917.545612141 808879 PL-server 516
1790390917.545612141 808885 PL-server 501
1790390917.545612141 808886 iou-wrk-808879 0
1790390917.750091878 808879 PL-server 528
1790390917.750091878 808885 PL-server 513
1790390917.750091878 808886 iou-wrk-808879 0
1790390917.954647696 808879 PL-server 539
1790390917.954647696 808885 PL-server 523
1790390917.954647696 808886 iou-wrk-808879 0
1790390918.159453715 808879 PL-server 550
1790390918.159453715 808885 PL-server 534
1790390918.159453715 808886 iou-wrk-808879 0
1790390918.365182819 808879 PL-server 561
1790390918.365182819 808885 PL-server 544
1790390918.365182819 808886 iou-wrk-808879 0
1790390918.569875257 808879 PL-server 573
1790390918.569875257 808885 PL-server 556
1790390918.569875257 808886 iou-wrk-808879 0
1790390918.774635976 808879 PL-server 585
1790390918.774635976 808885 PL-server 567
1790390918.774635976 808886 iou-wrk-808879 0
1790390918.979499426 808879 PL-server 593
1790390918.979499426 808885 PL-server 575
1790390918.979499426 808886 iou-wrk-808879 0
