1790391192.214212421 832120 PA-server 0
1790391192.214212421 832126 PA-server 0
1790391192.214212421 832127 iou-wrk-832120 0
1790391192.420529043 832120 PA-server 19
1790391192.420529043 832126 PA-server 5
1790391192.420529043 832127 iou-wrk-832120 0
1790391192.626389673 832120 PA-server 40
1790391192.626389673 832126 PA-server 10
1790391192.626389673 832127 iou-wrk-832120 0
1790391192.832156593 832120 PA-server 59
1790391192.832156593 832126 PA-server 15
1790391192.832156593 832127 iou-wrk-832120 0
1790391193.037325900 832120 PA-server 80
1790391193.037325900 832126 PA-server 20
1790391193.037325900 832127 iou-wrk-832120 0
1790391193.242647188 832120 PA-server 101
1790391193.242647188 832126 PA-server 25
1790391193.242647188 832127 iou-wrk-832120 0
1790391193.447983007 832120 PA-server 120
1790391193.447983007 832126 PA-server 30
1790391193.447983007 832127 iou-wrk-832120 0
1790391193.653494346 832120 PA-server 140
1790391193.653494346 832126 PA-server 36
1790391193.653494346 832127 iou-wrk-832120 0
1790391193.858821944 832120 PA-server 161
1790391193.858821944 832126 PA-server 41
1790391193.858821944 832127 iou-wrk-832120 0
1790391194.064634534 832120 PA-server 181
1790391194.064634534 832126 PA-server 45
1790391194.064634534 832127 iou-wrk-832120 0
1790391194.270404625 832120 PA-server 202
1790391194.270404625 832126 PA-server 51
1790391194.270404625 832127 iou-wrk-832120 0
1790391194.476230995 832120 PA-server 221
1790391194.476230995 832126 PA-server 56
1790391194.476230995 832127 iou-wrk-832120 0
1790391194.681843175 832120 PA-server 242
1790391194.681843175 832126 PA-server 62
1790391194.681843175 832127 iou-wrk-832120 0
1790391194.887137843 832120 PA-server 262
1790391194.887137843 832126 PA-server 67
1790391194.887137843 832127 iou-wrk-832120 0
1790391195.092771333 832120 PA-server 282
1790391195.092771333 832126 PA-server 71
1790391195.092771333 832127 iou-wrk-832120 0
1790391195.298856225 832120 PA-server 303
1790391195.298856225 832126 PA-server 76
1790391195.298856225 832127 iou-wrk-832120 0
1790391195.504421565 832120 PA-server 323
1790391195.504421565 832126 PA-server 82
1790391195.504421565 832127 iou-wrk-832120 0
1790391195.709943935 832120 PA-server 343
1790391195.709943935 832126 PA-server 87
1790391195.709943935 832127 iou-wrk-832120 0
1790391195.915341854 832120 PA-server 364
1790391195.915341854 832126 PA-server 92
1790391195.915341854 832127 iou-wrk-832120 0
1790391196.121082115 832120 PA-server 384
1790391196.121082115 832126 PA-server 97
1790391196.121082115 832127 iou-wrk-832120 0
1790391196.326501494 832120 PA-server 404
1790391196.326501494 832126 PA-server 103
1790391196.326501494 832127 iou-wrk-832120 0
1790391196.532105384 832120 PA-server 424
1790391196.532105384 832126 PA-server 108
1790391196.532105384 832127 iou-wrk-832120 0
1790391196.737590314 832120 PA-server 445
1790391196.737590314 832126 PA-server 113
1790391196.737590314 832127 iou-wrk-832120 0
1790391196.942921633 832120 PA-server 465
1790391196.942921633 832126 PA-server 119
1790391196.942921633 832127 iou-wrk-832120 0
1790391197.148515593 832120 PA-server 485
1790391197.148515593 832126 PA-server 123
1790391197.148515593 832127 iou-wrk-832120 0
1790391197.354420315 832120 PA-server 506
1790391197.354420315 832126 PA-server 128
1790391197.354420315 832127 iou-wrk-832120 0
1790391197.559590354 832120 PA-server 525
1790391197.559590354 832126 PA-server 133
1790391197.559590354 832127 iou-wrk-832120 0
1790391197.765222825 832120 PA-server 546
1790391197.765222825 832126 PA-server 138
1790391197.765222825 832127 iou-wrk-832120 0
1790391197.970975126 832120 PA-server 566
1790391197.970975126 832126 PA-server 144
1790391197.970975126 832127 iou-wrk-832120 0
1790391198.176546016 832120 PA-server 586
1790391198.176546016 832126 PA-server 149
1790391198.176546016 832127 iou-wrk-832120 0
1790391198.382134087 832120 PA-server 606
1790391198.382134087 832126 PA-server 154
1790391198.382134087 832127 iou-wrk-832120 0
1790391198.588283561 832120 PA-server 627
1790391198.588283561 832126 PA-server 160
1790391198.588283561 832127 iou-wrk-832120 0
1790391198.793863301 832120 PA-server 647
1790391198.793863301 832126 PA-server 165
1790391198.793863301 832127 iou-wrk-832120 0
1790391198.999417302 832120 PA-server 667
1790391198.999417302 832126 PA-server 170
1790391198.999417302 832127 iou-wrk-832120 0
1790391199.204764452 832120 PA-server 688
1790391199.204764452 832126 PA-server 175
1790391199.204764452 832127 iou-wrk-832120 0
1790391199.409972001 832120 PA-server 708
1790391199.409972001 832126 PA-server 180
1790391199.409972001 832127 iou-wrk-832120 0
1790391199.615464702 832120 PA-server 727
1790391199.615464702 832126 PA-server 185
1790391199.615464702 832127 iou-wrk-832120 0
1790391199.821177754 832120 PA-server 748
1790391199.821177754 832126 PA-server 191
1790391199.821177754 832127 iou-wrk-832120 0
1790391200.026694704 832120 PA-server 768
1790391200.026694704 832126 PA-server 196
1790391200.026694704 832127 iou-wrk-832120 0
1790391200.231990694 832120 PA-server 788
1790391200.231990694 832126 PA-server 201
1790391200.231990694 832127 iou-wrk-832120 0
1790391200.437601076 832120 PA-server 809
1790391200.437601076 832126 PA-server 206
1790391200.437601076 832127 iou-wrk-832120 0
1790391200.643652649 832120 PA-server 829
1790391200.643652649 832126 PA-server 212
1790391200.643652649 832127 iou-wrk-832120 0
1790391200.848459577 832120 PA-server 850
1790391200.848459577 832126 PA-server 217
1790391200.848459577 832127 iou-wrk-832120 0
1790391201.054183669 832120 PA-server 869
1790391201.054183669 832126 PA-server 222
1790391201.054183669 832127 iou-wrk-832120 0
1790391201.259781070 832120 PA-server 889
1790391201.259781070 832126 PA-server 226
1790391201.259781070 832127 iou-wrk-832120 0
1790391201.465661843 832120 PA-server 910
1790391201.465661843 832126 PA-server 232
1790391201.465661843 832127 iou-wrk-832120 0
1790391201.671130395 832120 PA-server 930
1790391201.671130395 832126 PA-server 237
1790391201.671130395 832127 iou-wrk-832120 0
1790391201.876438935 832120 PA-server 951
1790391201.876438935 832126 PA-server 242
1790391201.876438935 832127 iou-wrk-832120 0
1790391202.082369098 832120 PA-server 971
1790391202.082369098 832126 PA-server 247
1790391202.082369098 832127 iou-wrk-832120 0
1790391202.287871900 832120 PA-server 991
1790391202.287871900 832126 PA-server 252
1790391202.287871900 832127 iou-wrk-832120 0
1790391202.493928644 832120 PA-server 1011
1790391202.493928644 832126 PA-server 257
1790391202.493928644 832127 iou-wrk-832120 0
1790391202.700175429 832120 PA-server 1031
1790391202.700175429 832126 PA-server 263
1790391202.700175429 832127 iou-wrk-832120 0
1790391202.906225513 832120 PA-server 1052
1790391202.906225513 832126 PA-server 268
1790391202.906225513 832127 iou-wrk-832120 0
1790391203.111827135 832120 PA-server 1072
1790391203.111827135 832126 PA-server 273
1790391203.111827135 832127 iou-wrk-832120 0
1790391203.317148976 832120 PA-server 1083
1790391203.317148976 832126 PA-server 276
1790391203.317148976 832127 iou-wrk-832120 0
1790391203.523184550 832120 PA-server 1083
1790391203.523184550 832126 PA-server 276
1790391203.523184550 832127 iou-wrk-832120 0
