1790391555.646884170 862003 WSL-server 0
1790391555.646884170 862009 WSL-server 0
1790391555.646884170 862010 iou-wrk-862009 0
1790391555.853546490 862003 WSL-server 13
1790391555.853546490 862009 WSL-server 12
1790391555.853546490 862010 iou-wrk-862009 0
1790391556.058967095 862003 WSL-server 27
1790391556.058967095 862009 WSL-server 27
1790391556.058967095 862010 iou-wrk-862009 0
1790391556.263985838 862003 WSL-server 41
1790391556.263985838 862009 WSL-server 40
1790391556.263985838 862010 iou-wrk-862009 0
1790391556.468849460 862003 WSL-server 56
1790391556.468849460 862009 WSL-server 54
1790391556.468849460 862010 iou-wrk-862009 0
1790391556.673954443 862003 WSL-server 70
1790391556.673954443 862009 WSL-server 68
1790391556.673954443 862010 iou-wrk-862009 0
1790391556.879439008 862003 WSL-server 84
1790391556.879439008 862009 WSL-server 83
1790391556.879439008 862010 iou-wrk-862009 0
1790391557.084937573 862003 WSL-server 98
1790391557.084937573 862009 WSL-server 97
1790391557.084937573 862010 iou-wrk-862009 0
1790391557.290402388 862003 WSL-server 112
1790391557.290402388 862009 WSL-server 111
1790391557.290402388 862010 iou-wrk-862009 0
1790391557.496109784 862003 WSL-server 127
1790391557.496109784 862009 WSL-server 125
1790391557.496109784 862010 iou-wrk-862009 0
1790391557.701371798 862003 WSL-server 141
1790391557.701371798 862009 WSL-server 139
1790391557.701371798 862010 iou-wrk-862009 0
1790391557.906903144 862003 WSL-server 155
1790391557.906903144 862009 WSL-server 153
1790391557.906903144 862010 iou-wrk-862009 0
1790391558.112800661 862003 WSL-server 170
1790391558.112800661 862009 WSL-server 167
1790391558.112800661 862010 iou-wrk-862009 0
1790391558.318767059 862003 WSL-server 184
1790391558.318767059 862009 WSL-server 181
1790391558.318767059 862010 iou-wrk-862009 0
1790391558.524641446 862003 WSL-server 198
1790391558.524641446 862009 WSL-server 195
1790391558.524641446 862010 iou-wrk-862009 0
1790391558.729528808 862003 WSL-server 213
1790391558.729528808 862009 WSL-server 210
1790391558.729528808 862010 iou-wrk-862009 0
1790391558.934406141 862003 WSL-server 226
1790391558.934406141 862009 WSL-server 224
1790391558.934406141 862010 iou-wrk-862009 0
1790391559.139156532 862003 WSL-server 240
1790391559.139156532 862009 WSL-server 238
1790391559.139156532 862010 iou-wrk-862009 0
1790391559.343974334 862003 WSL-server 255
1790391559.343974334 862009 WSL-server 251
1790391559.343974334 862010 iou-wrk-862009 0
1790391559.549517580 862003 WSL-server 268
1790391559.549517580 862009 WSL-server 266
1790391559.549517580 862010 iou-wrk-862009 0
1790391559.755075976 862003 WSL-server 282
1790391559.755075976 862009 WSL-server 279
1790391559.755075976 862010 iou-wrk-862009 0
1790391559.960571031 862003 WSL-server 297
1790391559.960571031 862009 WSL-server 294
1790391559.960571031 862010 iou-wrk-862009 0
1790391560.165821006 862003 WSL-server 311
1790391560.165821006 862009 WSL-server 307
1790391560.165821006 862010 iou-wrk-862009 0
1790391560.371166501 862003 WSL-server 325
1790391560.371166501 862009 WSL-server 322
1790391560.371166501 862010 iou-wrk-862009 0
1790391560.576394985 862003 WSL-server 339
1790391560.576394985 862009 WSL-server 336
1790391560.576394985 862010 iou-wrk-862009 0
1790391560.781395678 862003 WSL-server 353
1790391560.781395678 862009 WSL-server 349
1790391560.781395678 862010 iou-wrk-862009 0
1790391560.986824283 862003 WSL-server 367
1790391560.986824283 862009 WSL-server 364
1790391560.986824283 862010 iou-wrk-862009 0
1790391561.192399130 862003 WSL-server 382
1790391561.192399130 862009 WSL-server 378
1790391561.192399130 862010 iou-wrk-862009 0
1790391561.397722245 862003 WSL-server 395
1790391561.397722245 862009 WSL-server 391
1790391561.397722245 862010 iou-wrk-862009 0
1790391561.602439237 862003 WSL-server 410
1790391561.602439237 862009 WSL-server 405
1790391561.602439237 862010 iou-wrk-862009 0
1790391561.808506985 862003 WSL-server 424
1790391561.808506985 862009 WSL-server 419
1790391561.808506985 862010 iou-wrk-862009 0
1790391562.013122977 862003 WSL-server 438
1790391562.013122977 862009 WSL-server 433
1790391562.013122977 862010 iou-wrk-862009 0
1790391562.219153095 862003 WSL-server 452
1790391562.219153095 862009 WSL-server 448
1790391562.219153095 862010 iou-wrk-862009 0
1790391562.424504740 862003 WSL-server 467
1790391562.424504740 862009 WSL-server 460
1790391562.424504740 862010 iou-wrk-862009 0
1790391562.629906546 862003 WSL-server 481
1790391562.629906546 862009 WSL-server 475
1790391562.629906546 862010 iou-wrk-862009 0
1790391562.834864759 862003 WSL-server 495
1790391562.834864759 862009 WSL-server 489
1790391562.834864759 862010 iou-wrk-862009 0
1790391563.040089014 862003 WSL-server 509
1790391563.040089014 862009 WSL-server 503
1790391563.040089014 862010 iou-wrk-862009 0
1790391563.244423684 862003 WSL-server 524
1790391563.244423684 862009 WSL-server 516
1790391563.244423684 862010 iou-wrk-862009 0
1790391563.448969185 862003 WSL-server 537
1790391563.448969185 862009 WSL-server 531
1790391563.448969185 862010 iou-wrk-862009 0
1790391563.654090600 862003 WSL-server 552
1790391563.654090600 862009 WSL-server 544
1790391563.654090600 862010 iou-wrk-862009 0
1790391563.859594626 862003 WSL-server 566
1790391563.859594626 862009 WSL-server 559
1790391563.859594626 862010 iou-wrk-862009 0
1790391564.065068172 862003 WSL-server 581
1790391564.065068172 862009 WSL-server 572
1790391564.065068172 862010 iou-wrk-862009 0
1790391564.269522383 862003 WSL-server 595
1790391564.269522383 862009 WSL-server 586
1790391564.269522383 862010 iou-wrk-862009 0
1790391564.474351486 862003 WSL-server 609
1790391564.474351486 862009 WSL-server 600
1790391564.474351486 862010 iou-wrk-862009 0
1790391564.679343559 862003 WSL-server 623
1790391564.679343559 862009 WSL-server 614
1790391564.679343559 862010 iou-wrk-862009 0
1790391564.884119032 862003 WSL-server 637
1790391564.884119032 862009 WSL-server 628
1790391564.884119032 862010 iou-wrk-862009 0
1790391565.089711259 862003 WSL-server 651
1790391565.089711259 862009 WSL-server 642
1790391565.089711259 862010 iou-wrk-862009 0
1790391565.294956044 862003 WSL-server 665
1790391565.294956044 862009 WSL-server 657
1790391565.294956044 862010 iou-wrk-862009 0
1790391565.499546486 862003 WSL-server 679
1790391565.499546486 862009 WSL-server 670
1790391565.499546486 862010 iou-wrk-862009 0
1790391565.705177393 862003 WSL-server 693
1790391565.705177393 862009 WSL-server 684
1790391565.705177393 862010 iou-wrk-862009 0
1790391565.910524158 862003 WSL-server 708
1790391565.910524158 862009 WSL-server 698
1790391565.910524158 862010 iou-wrk-862009 0
1790391566.116335836 862003 WSL-server 722
1790391566.116335836 862009 WSL-server 712
1790391566.116335836 862010 iou-wrk-862009 0
1790391566.321193399 862003 WSL-server 736
1790391566.321193399 862009 WSL-server 727
1790391566.321193399 862010 iou-wrk-862009 0
1790391566.525847642 862003 WSL-server 751
1790391566.525847642 862009 WSL-server 740
1790391566.525847642 862010 iou-wrk-862009 0
1790391566.730888166 862003 WSL-server 760
1790391566.730888166 862009 WSL-server 749
1790391566.730888166 862010 iou-wrk-862009 0
