1790391829.201256020 883378 WSL-server 0
1790391829.201256020 883384 WSL-server 0
1790391829.201256020 883385 iou-wrk-883384 0
1790391829.407560499 883378 WSL-server 9
1790391829.407560499 883384 WSL-server 7
1790391829.407560499 883385 iou-wrk-883384 0
1790391829.613521137 883378 WSL-server 18
1790391829.613521137 883384 WSL-server 16
1790391829.613521137 883385 iou-wrk-883384 0
1790391829.819309274 883378 WSL-server 26
1790391829.819309274 883384 WSL-server 24
1790391829.819309274 883385 iou-wrk-883384 0
1790391830.024852710 883378 WSL-server 35
1790391830.024852710 883384 WSL-server 32
1790391830.024852710 883385 iou-wrk-883384 0
1790391830.230387336 883378 WSL-server 44
1790391830.230387336 883384 WSL-server 41
1790391830.230387336 883385 iou-wrk-883384 0
1790391830.435702431 883378 WSL-server 53
1790391830.435702431 883384 WSL-server 49
1790391830.435702431 883385 iou-wrk-883384 0
1790391830.641209996 883378 WSL-server 62
1790391830.641209996 883384 WSL-server 57
1790391830.641209996 883385 iou-wrk-883384 0
1790391830.846355050 883378 WSL-server 70
1790391830.846355050 883384 WSL-server 66
1790391830.846355050 883385 iou-wrk-883384 0
1790391831.051817496 883378 WSL-server 80
1790391831.051817496 883384 WSL-server 74
1790391831.051817496 883385 iou-wrk-883384 0
1790391831.257245251 883378 WSL-server 89
1790391831.257245251 883384 WSL-server 82
1790391831.257245251 883385 iou-wrk-883384 0
1790391831.462263834 883378 WSL-server 98
1790391831.462263834 883384 WSL-server 91
1790391831.462263834 883385 iou-wrk-883384 0
1790391831.667825351 883378 WSL-server 107
1790391831.667825351 883384 WSL-server 99
1790391831.667825351 883385 iou-wrk-883384 0
1790391831.873465807 883378 WSL-server 116
1790391831.873465807 883384 WSL-server 107
1790391831.873465807 883385 iou-wrk-883384 0
1790391832.078550721 883378 WSL-server 125
1790391832.078550721 883384 WSL-server 116
1790391832.078550721 883385 iou-wrk-883384 0
1790391832.283881066 883378 WSL-server 134
1790391832.283881066 883384 WSL-server 124
1790391832.283881066 883385 iou-wrk-883384 0
1790391832.489389502 883378 WSL-server 143
1790391832.489389502 883384 WSL-server 133
1790391832.489389502 883385 iou-wrk-883384 0
1790391832.694788817 883378 WSL-server 152
1790391832.694788817 883384 WSL-server 141
1790391832.694788817 883385 iou-wrk-883384 0
1790391832.900258403 883378 WSL-server 161
1790391832.900258403 883384 WSL-server 150
1790391832.900258403 883385 iou-wrk-883384 0
1790391833.105868809 883378 WSL-server 171
1790391833.105868809 883384 WSL-server 159
1790391833.105868809 883385 iou-wrk-883384 0
1790391833.311556706 883378 WSL-server 180
1790391833.311556706 883384 WSL-server 167
1790391833.311556706 883385 iou-wrk-883384 0
1790391833.516473959 883378 WSL-server 189
1790391833.516473959 883384 WSL-server 175
1790391833.516473959 883385 iou-wrk-883384 0
1790391833.721648283 883378 WSL-server 198
1790391833.721648283 883384 WSL-server 184
1790391833.721648283 883385 iou-wrk-883384 0
1790391833.927493831 883378 WSL-server 207
1790391833.927493831 883384 WSL-server 192
1790391833.927493831 883385 iou-wrk-883384 0
1790391834.132421394 883378 WSL-server 216
1790391834.132421394 883384 WSL-server 201
1790391834.132421394 883385 iou-wrk-883384 0
1790391834.337755389 883378 WSL-server 225
1790391834.337755389 883384 WSL-server 209
1790391834.337755389 883385 iou-wrk-883384 0
1790391834.543098544 883378 WSL-server 234
1790391834.543098544 883384 WSL-server 218
1790391834.543098544 883385 iou-wrk-883384 0
1790391834.748470190 883378 WSL-server 243
1790391834.748470190 883384 WSL-server 227
1790391834.748470190 883385 iou-wrk-883384 0
1790391834.954112246 883378 WSL-server 251
1790391834.954112246 883384 WSL-server 235
1790391834.954112246 883385 iou-wrk-883384 0
1790391835.159685373 883378 WSL-server 261
1790391835.159685373 883384 WSL-server 243
1790391835.159685373 883385 iou-wrk-883384 0
1790391835.364930177 883378 WSL-server 270
1790391835.364930177 883384 WSL-server 252
1790391835.364930177 883385 iou-wrk-883384 0
1790391835.570817646 883378 WSL-server 280
1790391835.570817646 883384 WSL-server 260
1790391835.570817646 883385 iou-wrk-883384 0
1790391835.776276412 883378 WSL-server 288
1790391835.776276412 883384 WSL-server 269
1790391835.776276412 883385 iou-wrk-883384 0
1790391835.981984519 883378 WSL-server 297
1790391835.981984519 883384 WSL-server 278
1790391835.981984519 883385 iou-wrk-883384 0
1790391836.187328524 883378 WSL-server 306
1790391836.187328524 883384 WSL-server 286
1790391836.187328524 883385 iou-wrk-883384 0
1790391836.392752700 883378 WSL-server 315
1790391836.392752700 883384 WSL-server 295
1790391836.392752700 883385 iou-wrk-883384 0
1790391836.598291466 883378 WSL-server 324
1790391836.598291466 883384 WSL-server 303
1790391836.598291466 883385 iou-wrk-883384 0
1790391836.803968103 883378 WSL-server 334
1790391836.803968103 883384 WSL-server 312
1790391836.803968103 883385 iou-wrk-883384 0
1790391837.009270128 883378 WSL-server 342
1790391837.009270128 883384 WSL-server 320
1790391837.009270128 883385 iou-wrk-883384 0
1790391837.214509183 883378 WSL-server 351
1790391837.214509183 883384 WSL-server 328
1790391837.214509183 883385 iou-wrk-883384 0
1790391837.420117080 883378 WSL-server 360
1790391837.420117080 883384 WSL-server 337
1790391837.420117080 883385 iou-wrk-883384 0
1790391837.625844428 883378 WSL-server 369
1790391837.625844428 883384 WSL-server 345
1790391837.625844428 883385 iou-wrk-883384 0
1790391837.831043172 883378 WSL-server 378
1790391837.831043172 883384 WSL-server 353
1790391837.831043172 883385 iou-wrk-883384 0
1790391838.036301407 883378 WSL-server 387
1790391838.036301407 883384 WSL-server 362
1790391838.036301407 883385 iou-wrk-883384 0
1790391838.241589223 883378 WSL-server 396
1790391838.241589223 883384 WSL-server 371
1790391838.241589223 883385 iou-wrk-883384 0
1790391838.446575866 883378 WSL-server 405
1790391838.446575866 883384 WSL-server 378
1790391838.446575866 883385 iou-wrk-883384 0
1790391838.651525280 883378 WSL-server 414
1790391838.651525280 883384 WSL-server 387
1790391838.651525280 883385 iou-wrk-883384 0
1790391838.856601294 883378 WSL-server 423
1790391838.856601294 883384 WSL-server 396
1790391838.856601294 883385 iou-wrk-883384 0
1790391839.061958090 883378 WSL-server 432
1790391839.061958090 883384 WSL-server 403
1790391839.061958090 883385 iou-wrk-883384 0
1790391839.267554327 883378 WSL-server 442
1790391839.267554327 883384 WSL-server 412
1790391839.267554327 883385 iou-wrk-883384 0
1790391839.472801952 883378 WSL-server 451
1790391839.472801952 883384 WSL-server 420
1790391839.472801952 883385 iou-wrk-883384 0
1790391839.678432639 883378 WSL-server 460
1790391839.678432639 883384 WSL-server 429
1790391839.678432639 883385 iou-wrk-883384 0
1790391839.883940725 883378 WSL-server 468
1790391839.883940725 883384 WSL-server 438
1790391839.883940725 883385 iou-wrk-883384 0
1790391840.089585092 883378 WSL-server 478
1790391840.089585092 883384 WSL-server 445
1790391840.089585092 883385 iou-wrk-883384 0
1790391840.295218220 883378 WSL-server 483
1790391840.295218220 883384 WSL-server 451
1790391840.295218220 883385 iou-wrk-883384 0
