1790391314.964263429 841888 PA-server 0
1790391314.964263429 841894 PA-server 0
1790391314.964263429 841895 iou-wrk-841888 0
1790391315.170595474 841888 PA-server 19
1790391315.170595474 841894 PA-server 5
1790391315.170595474 841895 iou-wrk-841888 0
1790391315.375398711 841888 PA-server 40
1790391315.375398711 841894 PA-server 9
1790391315.375398711 841895 iou-wrk-841888 0
1790391315.580136588 841888 PA-server 59
1790391315.580136588 841894 PA-server 14
1790391315.580136588 841895 iou-wrk-841888 0
1790391315.784730254 841888 PA-server 80
1790391315.784730254 841894 PA-server 19
1790391315.784730254 841895 iou-wrk-841888 0
1790391315.990125325 841888 PA-server 100
1790391315.990125325 841894 PA-server 24
1790391315.990125325 841895 iou-wrk-841888 0
1790391316.194635261 841888 PA-server 120
1790391316.194635261 841894 PA-server 29
1790391316.194635261 841895 iou-wrk-841888 0
1790391316.399088077 841888 PA-server 140
1790391316.399088077 841894 PA-server 35
1790391316.399088077 841895 iou-wrk-841888 0
1790391316.603606173 841888 PA-server 160
1790391316.603606173 841894 PA-server 39
1790391316.603606173 841895 iou-wrk-841888 0
1790391316.808625092 841888 PA-server 181
1790391316.808625092 841894 PA-server 44
1790391316.808625092 841895 iou-wrk-841888 0
1790391317.013056628 841888 PA-server 201
1790391317.013056628 841894 PA-server 49
1790391317.013056628 841895 iou-wrk-841888 0
1790391317.217469904 841888 PA-server 221
1790391317.217469904 841894 PA-server 54
1790391317.217469904 841895 iou-wrk-841888 0
1790391317.421744049 841888 PA-server 241
1790391317.421744049 841894 PA-server 60
1790391317.421744049 841895 iou-wrk-841888 0
1790391317.625903274 841888 PA-server 260
1790391317.625903274 841894 PA-server 64
1790391317.625903274 841895 iou-wrk-841888 0
1790391317.830785472 841888 PA-server 281
1790391317.830785472 841894 PA-server 70
1790391317.830785472 841895 iou-wrk-841888 0
1790391318.035032797 841888 PA-server 301
1790391318.035032797 841894 PA-server 74
1790391318.035032797 841895 iou-wrk-841888 0
1790391318.239122812 841888 PA-server 321
1790391318.239122812 841894 PA-server 79
1790391318.239122812 841895 iou-wrk-841888 0
1790391318.443441828 841888 PA-server 341
1790391318.443441828 841894 PA-server 85
1790391318.443441828 841895 iou-wrk-841888 0
1790391318.648581397 841888 PA-server 362
1790391318.648581397 841894 PA-server 89
1790391318.648581397 841895 iou-wrk-841888 0
1790391318.853403886 841888 PA-server 381
1790391318.853403886 841894 PA-server 94
1790391318.853403886 841895 iou-wrk-841888 0
1790391319.058119703 841888 PA-server 402
1790391319.058119703 841894 PA-server 99
1790391319.058119703 841895 iou-wrk-841888 0
1790391319.262545290 841888 PA-server 422
1790391319.262545290 841894 PA-server 104
1790391319.262545290 841895 iou-wrk-841888 0
1790391319.467140527 841888 PA-server 443
1790391319.467140527 841894 PA-server 109
1790391319.467140527 841895 iou-wrk-841888 0
1790391319.671992286 841888 PA-server 462
1790391319.671992286 841894 PA-server 114
1790391319.671992286 841895 iou-wrk-841888 0
1790391319.876646973 841888 PA-server 482
1790391319.876646973 841894 PA-server 120
1790391319.876646973 841895 iou-wrk-841888 0
1790391320.082612907 841888 PA-server 503
1790391320.082612907 841894 PA-server 128
1790391320.082612907 841895 iou-wrk-841888 0
1790391320.288411820 841888 PA-server 523
1790391320.288411820 841894 PA-server 133
1790391320.288411820 841895 iou-wrk-841888 0
1790391320.493504960 841888 PA-server 544
1790391320.493504960 841894 PA-server 138
1790391320.493504960 841895 iou-wrk-841888 0
1790391320.698389129 841888 PA-server 564
1790391320.698389129 841894 PA-server 144
1790391320.698389129 841895 iou-wrk-841888 0
1790391320.903081727 841888 PA-server 584
1790391320.903081727 841894 PA-server 150
1790391320.903081727 841895 iou-wrk-841888 0
1790391321.108829291 841888 PA-server 604
1790391321.108829291 841894 PA-server 155
1790391321.108829291 841895 iou-wrk-841888 0
1790391321.314803245 841888 PA-server 624
1790391321.314803245 841894 PA-server 160
1790391321.314803245 841895 iou-wrk-841888 0
1790391321.521038960 841888 PA-server 645
1790391321.521038960 841894 PA-server 165
1790391321.521038960 841895 iou-wrk-841888 0
1790391321.726868814 841888 PA-server 665
1790391321.726868814 841894 PA-server 170
1790391321.726868814 841895 iou-wrk-841888 0
1790391321.932181595 841888 PA-server 685
1790391321.932181595 841894 PA-server 175
1790391321.932181595 841895 iou-wrk-841888 0
1790391322.138097740 841888 PA-server 705
1790391322.138097740 841894 PA-server 180
1790391322.138097740 841895 iou-wrk-841888 0
1790391322.343726363 841888 PA-server 726
1790391322.343726363 841894 PA-server 185
1790391322.343726363 841895 iou-wrk-841888 0
1790391322.549240505 841888 PA-server 745
1790391322.549240505 841894 PA-server 190
1790391322.549240505 841895 iou-wrk-841888 0
1790391322.754985159 841888 PA-server 766
1790391322.754985159 841894 PA-server 195
1790391322.754985159 841895 iou-wrk-841888 0
1790391322.960089819 841888 PA-server 787
1790391322.960089819 841894 PA-server 200
1790391322.960089819 841895 iou-wrk-841888 0
1790391323.165734322 841888 PA-server 806
1790391323.165734322 841894 PA-server 206
1790391323.165734322 841895 iou-wrk-841888 0
1790391323.371208575 841888 PA-server 827
1790391323.371208575 841894 PA-server 210
1790391323.371208575 841895 iou-wrk-841888 0
1790391323.576288675 841888 PA-server 847
1790391323.576288675 841894 PA-server 215
1790391323.576288675 841895 iou-wrk-841888 0
1790391323.782223790 841888 PA-server 867
1790391323.782223790 841894 PA-server 220
1790391323.782223790 841895 iou-wrk-841888 0
1790391323.988051484 841888 PA-server 888
1790391323.988051484 841894 PA-server 225
1790391323.988051484 841895 iou-wrk-841888 0
1790391324.193946669 841888 PA-server 908
1790391324.193946669 841894 PA-server 230
1790391324.193946669 841895 iou-wrk-841888 0
1790391324.399645942 841888 PA-server 928
1790391324.399645942 841894 PA-server 236
1790391324.399645942 841895 iou-wrk-841888 0
1790391324.605162555 841888 PA-server 949
1790391324.605162555 841894 PA-server 240
1790391324.605162555 841895 iou-wrk-841888 0
1790391324.810605058 841888 PA-server 969
1790391324.810605058 841894 PA-server 246
1790391324.810605058 841895 iou-wrk-841888 0
1790391325.016209151 841888 PA-server 989
1790391325.016209151 841894 PA-server 251
1790391325.016209151 841895 iou-wrk-841888 0
1790391325.222055386 841888 PA-server 1009
1790391325.222055386 841894 PA-server 255
1790391325.222055386 841895 iou-wrk-841888 0
1790391325.427318087 841888 PA-server 1029
1790391325.427318087 841894 PA-server 260
1790391325.427318087 841895 iou-wrk-841888 0
1790391325.633345023 841888 PA-server 1050
1790391325.633345023 841894 PA-server 266
1790391325.633345023 841895 iou-wrk-841888 0
1790391325.839041297 841888 PA-server 1070
1790391325.839041297 841894 PA-server 271
1790391325.839041297 841895 iou-wrk-841888 0
1790391326.044508970 841888 PA-server 1084
1790391326.044508970 841894 PA-server 274
1790391326.044508970 841895 iou-wrk-841888 0
1790391326.250663726 841888 PA-server 1084
1790391326.250663726 841894 PA-server 274
1790391326.250663726 841895 iou-wrk-841888 0
