1790391667.578131705 870575 PL-server 0
1790391667.578131705 870581 PL-server 0
1790391667.578131705 870582 iou-wrk-870575 0
1790391667.785042292 870575 PL-server 10
1790391667.785042292 870581 PL-server 10
1790391667.785042292 870582 iou-wrk-870575 0
1790391667.991230055 870575 PL-server 22
1790391667.991230055 870581 PL-server 21
1790391667.991230055 870582 iou-wrk-870575 0
1790391668.196663164 870575 PL-server 33
1790391668.196663164 870581 PL-server 31
1790391668.196663164 870582 iou-wrk-870575 0
1790391668.402346245 870575 PL-server 45
1790391668.402346245 870581 PL-server 43
1790391668.402346245 870582 iou-wrk-870575 0
1790391668.608001535 870575 PL-server 56
1790391668.608001535 870581 PL-server 55
1790391668.608001535 870582 iou-wrk-870575 0
1790391668.813677796 870575 PL-server 68
1790391668.813677796 870581 PL-server 65
1790391668.813677796 870582 iou-wrk-870575 0
1790391669.019664618 870575 PL-server 79
1790391669.019664618 870581 PL-server 77
1790391669.019664618 870582 iou-wrk-870575 0
1790391669.224478234 870575 PL-server 90
1790391669.224478234 870581 PL-server 87
1790391669.224478234 870582 iou-wrk-870575 0
1790391669.429219660 870575 PL-server 101
1790391669.429219660 870581 PL-server 98
1790391669.429219660 870582 iou-wrk-870575 0
1790391669.634143537 870575 PL-server 112
1790391669.634143537 870581 PL-server 109
1790391669.634143537 870582 iou-wrk-870575 0
1790391669.839403235 870575 PL-server 124
1790391669.839403235 870581 PL-server 119
1790391669.839403235 870582 iou-wrk-870575 0
1790391670.044884064 870575 PL-server 134
1790391670.044884064 870581 PL-server 130
1790391670.044884064 870582 iou-wrk-870575 0
1790391670.250131472 870575 PL-server 146
1790391670.250131472 870581 PL-server 140
1790391670.250131472 870582 iou-wrk-870575 0
1790391670.455793403 870575 PL-server 157
1790391670.455793403 870581 PL-server 151
1790391670.455793403 870582 iou-wrk-870575 0
1790391670.661412873 870575 PL-server 167
1790391670.661412873 870581 PL-server 162
1790391670.661412873 870582 iou-wrk-870575 0
1790391670.866706870 870575 PL-server 179
1790391670.866706870 870581 PL-server 173
1790391670.866706870 870582 iou-wrk-870575 0
1790391671.072428692 870575 PL-server 190
1790391671.072428692 870581 PL-server 183
1790391671.072428692 870582 iou-wrk-870575 0
1790391671.278086832 870575 PL-server 201
1790391671.278086832 870581 PL-server 195
1790391671.278086832 870582 iou-wrk-870575 0
1790391671.482966329 870575 PL-server 213
1790391671.482966329 870581 PL-server 205
1790391671.482966329 870582 iou-wrk-870575 0
1790391671.688594598 870575 PL-server 223
1790391671.688594598 870581 PL-server 216
1790391671.688594598 870582 iou-wrk-870575 0
1790391671.894192449 870575 PL-server 235
1790391671.894192449 870581 PL-server 226
1790391671.894192449 870582 iou-wrk-870575 0
1790391672.099714879 870575 PL-server 246
1790391672.099714879 870581 PL-server 238
1790391672.099714879 870582 iou-wrk-870575 0
1790391672.305559101 870575 PL-server 257
1790391672.305559101 870581 PL-server 248
1790391672.305559101 870582 iou-wrk-870575 0
1790391672.511302163 870575 PL-server 268
1790391672.511302163 870581 PL-server 259
1790391672.511302163 870582 iou-wrk-870575 0
1790391672.716784662 870575 PL-server 279
1790391672.716784662 870581 PL-server 270
1790391672.716784662 870582 iou-wrk-870575 0
1790391672.922325133 870575 PL-server 290
1790391672.922325133 870581 PL-server 280
1790391672.922325133 870582 iou-wrk-870575 0
1790391673.127265640 870575 PL-server 301
1790391673.127265640 870581 PL-server 291
1790391673.127265640 870582 iou-wrk-870575 0
1790391673.332751700 870575 PL-server 312
1790391673.332751700 870581 PL-server 302
1790391673.332751700 870582 iou-wrk-870575 0
1790391673.537931119 870575 PL-server 323
1790391673.537931119 870581 PL-server 312
1790391673.537931119 870582 iou-wrk-870575 0
1790391673.743718440 870575 PL-server 334
1790391673.743718440 870581 PL-server 322
1790391673.743718440 870582 iou-wrk-870575 0
1790391673.949160310 870575 PL-server 345
1790391673.949160310 870581 PL-server 333
1790391673.949160310 870582 iou-wrk-870575 0
1790391674.154445169 870575 PL-server 356
1790391674.154445169 870581 PL-server 344
1790391674.154445169 870582 iou-wrk-870575 0
1790391674.359540948 870575 PL-server 368
1790391674.359540948 870581 PL-server 356
1790391674.359540948 870582 iou-wrk-870575 0
1790391674.565566751 870575 PL-server 379
1790391674.565566751 870581 PL-server 366
1790391674.565566751 870582 iou-wrk-870575 0
1790391674.771054761 870575 PL-server 390
1790391674.771054761 870581 PL-server 377
1790391674.771054761 870582 iou-wrk-870575 0
1790391674.976315850 870575 PL-server 401
1790391674.976315850 870581 PL-server 387
1790391674.976315850 870582 iou-wrk-870575 0
1790391675.181604969 870575 PL-server 412
1790391675.181604969 870581 PL-server 398
1790391675.181604969 870582 iou-wrk-870575 0
1790391675.387106470 870575 PL-server 423
1790391675.387106470 870581 PL-server 409
1790391675.387106470 870582 iou-wrk-870575 0
1790391675.592631670 870575 PL-server 433
1790391675.592631670 870581 PL-server 420
1790391675.592631670 870582 iou-wrk-870575 0
1790391675.797833979 870575 PL-server 445
1790391675.797833979 870581 PL-server 430
1790391675.797833979 870582 iou-wrk-870575 0
1790391676.002415405 870575 PL-server 457
1790391676.002415405 870581 PL-server 441
1790391676.002415405 870582 iou-wrk-870575 0
1790391676.206975211 870575 PL-server 467
1790391676.206975211 870581 PL-server 451
1790391676.206975211 870582 iou-wrk-870575 0
1790391676.412756502 870575 PL-server 479
1790391676.412756502 870581 PL-server 463
1790391676.412756502 870582 iou-wrk-870575 0
1790391676.618146442 870575 PL-server 491
1790391676.618146442 870581 PL-server 474
1790391676.618146442 870582 iou-wrk-870575 0
1790391676.823191181 870575 PL-server 501
1790391676.823191181 870581 PL-server 485
1790391676.823191181 870582 iou-wrk-870575 0
1790391677.028227169 870575 PL-server 513
1790391677.028227169 870581 PL-server 496
1790391677.028227169 870582 iou-wrk-870575 0
1790391677.233838300 870575 PL-server 524
1790391677.233838300 870581 PL-server 507
1790391677.233838300 870582 iou-wrk-870575 0
1790391677.439454381 870575 PL-server 536
1790391677.439454381 870581 PL-server 518
1790391677.439454381 870582 iou-wrk-870575 0
1790391677.644187258 870575 PL-server 547
1790391677.644187258 870581 PL-server 529
1790391677.644187258 870582 iou-wrk-870575 0
1790391677.849798579 870575 PL-server 558
1790391677.849798579 870581 PL-server 539
1790391677.849798579 870582 iou-wrk-870575 0
1790391678.056071944 870575 PL-server 569
1790391678.056071944 870581 PL-server 549
1790391678.056071944 870582 iou-wrk-870575 0
1790391678.261788276 870575 PL-server 580
1790391678.261788276 870581 PL-server 560
1790391678.261788276 870582 iou-wrk-870575 0
1790391678.467205396 870575 PL-server 591
1790391678.467205396 870581 PL-server 571
1790391678.467205396 870582 iou-wrk-870575 0
1790391678.673025378 870575 PL-server 598
1790391678.673025378 870581 PL-server 577
1790391678.673025378 870582 iou-wrk-870575 0
