1790391773.426577194 878734 PL-server 0
1790391773.426577194 878740 PL-server 0
1790391773.426577194 878741 iou-wrk-878734 0
1790391773.633182700 878734 PL-server 11
1790391773.633182700 878740 PL-server 10
1790391773.633182700 878741 iou-wrk-878734 0
1790391773.838839771 878734 PL-server 22
1790391773.838839771 878740 PL-server 20
1790391773.838839771 878741 iou-wrk-878734 0
1790391774.044249802 878734 PL-server 33
1790391774.044249802 878740 PL-server 31
1790391774.044249802 878741 iou-wrk-878734 0
1790391774.249851363 878734 PL-server 45
1790391774.249851363 878740 PL-server 41
1790391774.249851363 878741 iou-wrk-878734 0
1790391774.455136082 878734 PL-server 57
1790391774.455136082 878740 PL-server 52
1790391774.455136082 878741 iou-wrk-878734 0
1790391774.660376122 878734 PL-server 69
1790391774.660376122 878740 PL-server 63
1790391774.660376122 878741 iou-wrk-878734 0
1790391774.865917252 878734 PL-server 80
1790391774.865917252 878740 PL-server 74
1790391774.865917252 878741 iou-wrk-878734 0
1790391775.070811450 878734 PL-server 91
1790391775.070811450 878740 PL-server 84
1790391775.070811450 878741 iou-wrk-878734 0
1790391775.275701058 878734 PL-server 103
1790391775.275701058 878740 PL-server 94
1790391775.275701058 878741 iou-wrk-878734 0
1790391775.480817157 878734 PL-server 114
1790391775.480817157 878740 PL-server 106
1790391775.480817157 878741 iou-wrk-878734 0
1790391775.686131546 878734 PL-server 126
1790391775.686131546 878740 PL-server 116
1790391775.686131546 878741 iou-wrk-878734 0
1790391775.892029089 878734 PL-server 137
1790391775.892029089 878740 PL-server 127
1790391775.892029089 878741 iou-wrk-878734 0
1790391776.097101758 878734 PL-server 148
1790391776.097101758 878740 PL-server 138
1790391776.097101758 878741 iou-wrk-878734 0
1790391776.302141206 878734 PL-server 160
1790391776.302141206 878740 PL-server 149
1790391776.302141206 878741 iou-wrk-878734 0
1790391776.507821798 878734 PL-server 171
1790391776.507821798 878740 PL-server 159
1790391776.507821798 878741 iou-wrk-878734 0
1790391776.713583311 878734 PL-server 184
1790391776.713583311 878740 PL-server 170
1790391776.713583311 878741 iou-wrk-878734 0
1790391776.919099951 878734 PL-server 195
1790391776.919099951 878740 PL-server 182
1790391776.919099951 878741 iou-wrk-878734 0
1790391777.124269091 878734 PL-server 206
1790391777.124269091 878740 PL-server 193
1790391777.124269091 878741 iou-wrk-878734 0
1790391777.329278039 878734 PL-server 217
1790391777.329278039 878740 PL-server 204
1790391777.329278039 878741 iou-wrk-878734 0
1790391777.534593519 878734 PL-server 229
1790391777.534593519 878740 PL-server 214
1790391777.534593519 878741 iou-wrk-878734 0
1790391777.740746503 878734 PL-server 241
1790391777.740746503 878740 PL-server 226
1790391777.740746503 878741 iou-wrk-878734 0
1790391777.946563646 878734 PL-server 253
1790391777.946563646 878740 PL-server 236
1790391777.946563646 878741 iou-wrk-878734 0
1790391778.152468969 878734 PL-server 264
1790391778.152468969 878740 PL-server 247
1790391778.152468969 878741 iou-wrk-878734 0
1790391778.357425967 878734 PL-server 276
1790391778.357425967 878740 PL-server 258
1790391778.357425967 878741 iou-wrk-878734 0
1790391778.563066409 878734 PL-server 288
1790391778.563066409 878740 PL-server 269
1790391778.563066409 878741 iou-wrk-878734 0
1790391778.768481380 878734 PL-server 300
1790391778.768481380 878740 PL-server 279
1790391778.768481380 878741 iou-wrk-878734 0
1790391778.973543979 878734 PL-server 311
1790391778.973543979 878740 PL-server 290
1790391778.973543979 878741 iou-wrk-878734 0
1790391779.179830814 878734 PL-server 323
1790391779.179830814 878740 PL-server 302
1790391779.179830814 878741 iou-wrk-878734 0
1790391779.385749257 878734 PL-server 335
1790391779.385749257 878740 PL-server 313
1790391779.385749257 878741 iou-wrk-878734 0
1790391779.590980227 878734 PL-server 346
1790391779.590980227 878740 PL-server 323
1790391779.590980227 878741 iou-wrk-878734 0
1790391779.796554038 878734 PL-server 357
1790391779.796554038 878740 PL-server 334
1790391779.796554038 878741 iou-wrk-878734 0
1790391780.001362076 878734 PL-server 370
1790391780.001362076 878740 PL-server 344
1790391780.001362076 878741 iou-wrk-878734 0
1790391780.207129288 878734 PL-server 380
1790391780.207129288 878740 PL-server 355
1790391780.207129288 878741 iou-wrk-878734 0
1790391780.412896541 878734 PL-server 393
1790391780.412896541 878740 PL-server 365
1790391780.412896541 878741 iou-wrk-878734 0
1790391780.618288862 878734 PL-server 403
1790391780.618288862 878740 PL-server 376
1790391780.618288862 878741 iou-wrk-878734 0
1790391780.823942854 878734 PL-server 415
1790391780.823942854 878740 PL-server 387
1790391780.823942854 878741 iou-wrk-878734 0
1790391781.029185824 878734 PL-server 426
1790391781.029185824 878740 PL-server 397
1790391781.029185824 878741 iou-wrk-878734 0
1790391781.234658455 878734 PL-server 439
1790391781.234658455 878740 PL-server 409
1790391781.234658455 878741 iou-wrk-878734 0
1790391781.439934815 878734 PL-server 450
1790391781.439934815 878740 PL-server 419
1790391781.439934815 878741 iou-wrk-878734 0
1790391781.645536417 878734 PL-server 461
1790391781.645536417 878740 PL-server 430
1790391781.645536417 878741 iou-wrk-878734 0
1790391781.850987208 878734 PL-server 473
1790391781.850987208 878740 PL-server 441
1790391781.850987208 878741 iou-wrk-878734 0
1790391782.056562530 878734 PL-server 483
1790391782.056562530 878740 PL-server 451
1790391782.056562530 878741 iou-wrk-878734 0
1790391782.261961091 878734 PL-server 495
1790391782.261961091 878740 PL-server 462
1790391782.261961091 878741 iou-wrk-878734 0
1790391782.467932755 878734 PL-server 507
1790391782.467932755 878740 PL-server 472
1790391782.467932755 878741 iou-wrk-878734 0
1790391782.673308586 878734 PL-server 518
1790391782.673308586 878740 PL-server 484
1790391782.673308586 878741 iou-wrk-878734 0
1790391782.878296284 878734 PL-server 530
1790391782.878296284 878740 PL-server 495
1790391782.878296284 878741 iou-wrk-878734 0
1790391783.083952786 878734 PL-server 541
1790391783.083952786 878740 PL-server 506
1790391783.083952786 878741 iou-wrk-878734 0
1790391783.289472308 878734 PL-server 553
1790391783.289472308 878740 PL-server 517
1790391783.289472308 878741 iou-wrk-878734 0
1790391783.495051220 878734 PL-server 564
1790391783.495051220 878740 PL-server 528
1790391783.495051220 878741 iou-wrk-878734 0
1790391783.700618892 878734 PL-server 576
1790391783.700618892 878740 PL-server 539
1790391783.700618892 878741 iou-wrk-878734 0
1790391783.906504785 878734 PL-server 588
1790391783.906504785 878740 PL-server 549
1790391783.906504785 878741 iou-wrk-878734 0
1790391784.112351999 878734 PL-server 599
1790391784.112351999 878740 PL-server 560
1790391784.112351999 878741 iou-wrk-878734 0
1790391784.317921401 878734 PL-server 611
1790391784.317921401 878740 PL-server 571
1790391784.317921401 878741 iou-wrk-878734 0
1790391784.523240441 878734 PL-server 617
1790391784.523240441 878740 PL-server 577
1790391784.523240441 878741 iou-wrk-878734 0
