1790391326.515534983 842912 PL-server 0
1790391326.515534983 842918 PL-server 0
1790391326.515534983 842919 iou-wrk-842912 0
1790391326.721388318 842912 PL-server 19
1790391326.721388318 842918 PL-server 0
1790391326.721388318 842919 iou-wrk-842912 0
1790391326.721388318 842972 iou-wrk-842918 0
1790391326.927925007 842912 PL-server 39
1790391326.927925007 842918 PL-server 0
1790391326.927925007 842919 iou-wrk-842912 0
1790391326.927925007 842972 iou-wrk-842918 0
1790391327.133659191 842912 PL-server 59
1790391327.133659191 842918 PL-server 0
1790391327.133659191 842919 iou-wrk-842912 0
1790391327.133659191 842972 iou-wrk-842918 0
1790391327.340193619 842912 PL-server 80
1790391327.340193619 842918 PL-server 0
1790391327.340193619 842919 iou-wrk-842912 0
1790391327.340193619 842972 iou-wrk-842918 0
1790391327.546036875 842912 PL-server 100
1790391327.546036875 842918 PL-server 0
1790391327.546036875 842919 iou-wrk-842912 0
1790391327.546036875 842972 iou-wrk-842918 0
1790391327.751972180 842912 PL-server 120
1790391327.751972180 842918 PL-server 0
1790391327.751972180 842919 iou-wrk-842912 0
1790391327.751972180 842972 iou-wrk-842918 0
1790391327.957651124 842912 PL-server 140
1790391327.957651124 842918 PL-server 0
1790391327.957651124 842919 iou-wrk-842912 0
1790391327.957651124 842972 iou-wrk-842918 0
1790391328.163350069 842912 PL-server 160
1790391328.163350069 842918 PL-server 0
1790391328.163350069 842919 iou-wrk-842912 0
1790391328.163350069 842972 iou-wrk-842918 0
1790391328.369911688 842912 PL-server 180
1790391328.369911688 842918 PL-server 0
1790391328.369911688 842919 iou-wrk-842912 0
1790391328.369911688 842972 iou-wrk-842918 0
1790391328.575982864 842912 PL-server 201
1790391328.575982864 842918 PL-server 0
1790391328.575982864 842919 iou-wrk-842912 0
1790391328.575982864 842972 iou-wrk-842918 0
1790391328.781725129 842912 PL-server 221
1790391328.781725129 842918 PL-server 0
1790391328.781725129 842919 iou-wrk-842912 0
1790391328.781725129 842972 iou-wrk-842918 0
1790391328.987240623 842912 PL-server 241
1790391328.987240623 842918 PL-server 0
1790391328.987240623 842919 iou-wrk-842912 0
1790391328.987240623 842972 iou-wrk-842918 0
1790391329.193436660 842912 PL-server 261
1790391329.193436660 842918 PL-server 0
1790391329.193436660 842919 iou-wrk-842912 0
1790391329.193436660 842972 iou-wrk-842918 0
1790391329.399358716 842912 PL-server 281
1790391329.399358716 842918 PL-server 0
1790391329.399358716 842919 iou-wrk-842912 0
1790391329.399358716 842972 iou-wrk-842918 0
1790391329.605652744 842912 PL-server 302
1790391329.605652744 842918 PL-server 0
1790391329.605652744 842919 iou-wrk-842912 0
1790391329.605652744 842972 iou-wrk-842918 0
1790391329.811388359 842912 PL-server 322
1790391329.811388359 842918 PL-server 0
1790391329.811388359 842919 iou-wrk-842912 0
1790391329.811388359 842972 iou-wrk-842918 0
1790391330.017066354 842912 PL-server 342
1790391330.017066354 842918 PL-server 0
1790391330.017066354 842919 iou-wrk-842912 0
1790391330.017066354 842972 iou-wrk-842918 0
1790391330.223227461 842912 PL-server 362
1790391330.223227461 842918 PL-server 0
1790391330.223227461 842919 iou-wrk-842912 0
1790391330.223227461 842972 iou-wrk-842918 0
1790391330.429435718 842912 PL-server 383
1790391330.429435718 842918 PL-server 0
1790391330.429435718 842919 iou-wrk-842912 0
1790391330.429435718 842972 iou-wrk-842918 0
1790391330.636533170 842912 PL-server 403
1790391330.636533170 842918 PL-server 0
1790391330.636533170 842919 iou-wrk-842912 0
1790391330.636533170 842972 iou-wrk-842918 0
1790391330.842584977 842912 PL-server 422
1790391330.842584977 842918 PL-server 0
1790391330.842584977 842919 iou-wrk-842912 0
1790391330.842584977 842972 iou-wrk-842918 0
1790391331.048320372 842912 PL-server 443
1790391331.048320372 842918 PL-server 0
1790391331.048320372 842919 iou-wrk-842912 0
1790391331.048320372 842972 iou-wrk-842918 0
1790391331.254564810 842912 PL-server 463
1790391331.254564810 842918 PL-server 0
1790391331.254564810 842919 iou-wrk-842912 0
1790391331.254564810 842972 iou-wrk-842918 0
1790391331.460210515 842912 PL-server 484
1790391331.460210515 842918 PL-server 0
1790391331.460210515 842919 iou-wrk-842912 0
1790391331.460210515 842972 iou-wrk-842918 0
1790391331.665918090 842912 PL-server 504
1790391331.665918090 842918 PL-server 0
1790391331.665918090 842919 iou-wrk-842912 0
1790391331.665918090 842972 iou-wrk-842918 0
1790391331.872243749 842912 PL-server 524
1790391331.872243749 842918 PL-server 0
1790391331.872243749 842919 iou-wrk-842912 0
1790391331.872243749 842972 iou-wrk-842918 0
1790391332.079642762 842912 PL-server 544
1790391332.079642762 842918 PL-server 0
1790391332.079642762 842919 iou-wrk-842912 0
1790391332.079642762 842972 iou-wrk-842918 0
1790391332.286563374 842912 PL-server 564
1790391332.286563374 842918 PL-server 0
1790391332.286563374 842919 iou-wrk-842912 0
1790391332.286563374 842972 iou-wrk-842918 0
1790391332.493605006 842912 PL-server 585
1790391332.493605006 842918 PL-server 0
1790391332.493605006 842919 iou-wrk-842912 0
1790391332.493605006 842972 iou-wrk-842918 0
1790391332.700857449 842912 PL-server 606
1790391332.700857449 842918 PL-server 0
1790391332.700857449 842919 iou-wrk-842912 0
1790391332.700857449 842972 iou-wrk-842918 0
1790391332.908270682 842912 PL-server 626
1790391332.908270682 842918 PL-server 0
1790391332.908270682 842919 iou-wrk-842912 0
1790391332.908270682 842972 iou-wrk-842918 0
1790391333.115300374 842912 PL-server 645
1790391333.115300374 842918 PL-server 0
1790391333.115300374 842919 iou-wrk-842912 0
1790391333.115300374 842972 iou-wrk-842918 0
1790391333.322008245 842912 PL-server 666
1790391333.322008245 842918 PL-server 0
1790391333.322008245 842919 iou-wrk-842912 0
1790391333.322008245 842972 iou-wrk-842918 0
1790391333.528921137 842912 PL-server 686
1790391333.528921137 842918 PL-server 0
1790391333.528921137 842919 iou-wrk-842912 0
1790391333.528921137 842972 iou-wrk-842918 0
1790391333.735634687 842912 PL-server 706
1790391333.735634687 842918 PL-server 0
1790391333.735634687 842919 iou-wrk-842912 0
1790391333.735634687 842972 iou-wrk-842918 0
1790391333.942574649 842912 PL-server 727
1790391333.942574649 842918 PL-server 1
1790391333.942574649 842919 iou-wrk-842912 0
1790391333.942574649 842972 iou-wrk-842918 0
1790391334.149367140 842912 PL-server 747
1790391334.149367140 842918 PL-server 1
1790391334.149367140 842919 iou-wrk-842912 0
1790391334.149367140 842972 iou-wrk-842918 0
1790391334.355505978 842912 PL-server 767
1790391334.355505978 842918 PL-server 1
1790391334.355505978 842919 iou-wrk-842912 0
1790391334.355505978 842972 iou-wrk-842918 0
1790391334.562803582 842912 PL-server 788
1790391334.562803582 842918 PL-server 1
1790391334.562803582 842919 iou-wrk-842912 0
1790391334.562803582 842972 iou-wrk-842918 0
1790391334.769750594 842912 PL-server 808
1790391334.769750594 842918 PL-server 1
1790391334.769750594 842919 iou-wrk-842912 0
1790391334.769750594 842972 iou-wrk-842918 0
1790391334.977507700 842912 PL-server 828
1790391334.977507700 842918 PL-server 1
1790391334.977507700 842919 iou-wrk-842912 0
1790391334.977507700 842972 iou-wrk-842918 0
1790391335.183427987 842912 PL-server 848
1790391335.183427987 842918 PL-server 1
1790391335.183427987 842919 iou-wrk-842912 0
1790391335.183427987 842972 iou-wrk-842918 0
1790391335.390282149 842912 PL-server 869
1790391335.390282149 842918 PL-server 1
1790391335.390282149 842919 iou-wrk-842912 0
1790391335.390282149 842972 iou-wrk-842918 0
1790391335.597307701 842912 PL-server 889
1790391335.597307701 842918 PL-server 1
1790391335.597307701 842919 iou-wrk-842912 0
1790391335.597307701 842972 iou-wrk-842918 0
1790391335.804289604 842912 PL-server 910
1790391335.804289604 842918 PL-server 1
1790391335.804289604 842919 iou-wrk-842912 0
1790391335.804289604 842972 iou-wrk-842918 0
1790391336.011173896 842912 PL-server 930
1790391336.011173896 842918 PL-server 1
1790391336.011173896 842919 iou-wrk-842912 0
1790391336.011173896 842972 iou-wrk-842918 0
1790391336.218445519 842912 PL-server 950
1790391336.218445519 842918 PL-server 1
1790391336.218445519 842919 iou-wrk-842912 0
1790391336.218445519 842972 iou-wrk-842918 0
1790391336.425190961 842912 PL-server 971
1790391336.425190961 842918 PL-server 1
1790391336.425190961 842919 iou-wrk-842912 0
1790391336.425190961 842972 iou-wrk-842918 0
1790391336.632049673 842912 PL-server 991
1790391336.632049673 842918 PL-server 1
1790391336.632049673 842919 iou-wrk-842912 0
1790391336.632049673 842972 iou-wrk-842918 0
1790391336.838753824 842912 PL-server 1011
1790391336.838753824 842918 PL-server 1
1790391336.838753824 842919 iou-wrk-842912 0
1790391336.838753824 842972 iou-wrk-842918 0
1790391337.046087688 842912 PL-server 1032
1790391337.046087688 842918 PL-server 1
1790391337.046087688 842919 iou-wrk-842912 0
1790391337.046087688 842972 iou-wrk-842918 0
1790391337.253050361 842912 PL-server 1052
1790391337.253050361 842918 PL-server 1
1790391337.253050361 842919 iou-wrk-842912 0
1790391337.253050361 842972 iou-wrk-842918 0
1790391337.459435111 842912 PL-server 1071
1790391337.459435111 842918 PL-server 1
1790391337.459435111 842919 iou-wrk-842912 0
1790391337.459435111 842972 iou-wrk-842918 0
1790391337.666412234 842912 PL-server 1079
1790391337.666412234 842918 PL-server 1
1790391337.666412234 842919 iou-wrk-842912 0
1790391337.666412234 842972 iou-wrk-842918 0
1790391337.873974229 842912 PL-server 1079
1790391337.873974229 842918 PL-server 1
1790391337.873974229 842919 iou-wrk-842912 0
1790391337.873974229 842972 iou-wrk-842918 0
