1790391572.009569725 863028 PA-server 0
1790391572.009569725 863034 PA-server 0
1790391572.009569725 863035 iou-wrk-863028 0
1790391572.215800486 863028 PA-server 11
1790391572.215800486 863034 PA-server 3
1790391572.215800486 863035 iou-wrk-863028 0
1790391572.421388594 863028 PA-server 23
1790391572.421388594 863034 PA-server 6
1790391572.421388594 863035 iou-wrk-863028 0
1790391572.627123492 863028 PA-server 35
1790391572.627123492 863034 PA-server 11
1790391572.627123492 863035 iou-wrk-863028 0
1790391572.832186837 863028 PA-server 48
1790391572.832186837 863034 PA-server 14
1790391572.832186837 863035 iou-wrk-863028 0
1790391573.036739410 863028 PA-server 59
1790391573.036739410 863034 PA-server 18
1790391573.036739410 863035 iou-wrk-863028 0
1790391573.241305483 863028 PA-server 72
1790391573.241305483 863034 PA-server 22
1790391573.241305483 863035 iou-wrk-863028 0
1790391573.446992181 863028 PA-server 84
1790391573.446992181 863034 PA-server 26
1790391573.446992181 863035 iou-wrk-863028 0
1790391573.652271988 863028 PA-server 96
1790391573.652271988 863034 PA-server 30
1790391573.652271988 863035 iou-wrk-863028 0
1790391573.857233862 863028 PA-server 108
1790391573.857233862 863034 PA-server 34
1790391573.857233862 863035 iou-wrk-863028 0
1790391574.062497469 863028 PA-server 121
1790391574.062497469 863034 PA-server 38
1790391574.062497469 863035 iou-wrk-863028 0
1790391574.268302878 863028 PA-server 133
1790391574.268302878 863034 PA-server 41
1790391574.268302878 863035 iou-wrk-863028 0
1790391574.473967376 863028 PA-server 145
1790391574.473967376 863034 PA-server 46
1790391574.473967376 863035 iou-wrk-863028 0
1790391574.679481914 863028 PA-server 157
1790391574.679481914 863034 PA-server 50
1790391574.679481914 863035 iou-wrk-863028 0
1790391574.884494919 863028 PA-server 169
1790391574.884494919 863034 PA-server 54
1790391574.884494919 863035 iou-wrk-863028 0
1790391575.089688856 863028 PA-server 181
1790391575.089688856 863034 PA-server 58
1790391575.089688856 863035 iou-wrk-863028 0
1790391575.294582990 863028 PA-server 194
1790391575.294582990 863034 PA-server 62
1790391575.294582990 863035 iou-wrk-863028 0
1790391575.499593926 863028 PA-server 205
1790391575.499593926 863034 PA-server 65
1790391575.499593926 863035 iou-wrk-863028 0
1790391575.705186494 863028 PA-server 218
1790391575.705186494 863034 PA-server 69
1790391575.705186494 863035 iou-wrk-863028 0
1790391575.910202149 863028 PA-server 230
1790391575.910202149 863034 PA-server 73
1790391575.910202149 863035 iou-wrk-863028 0
1790391576.115416386 863028 PA-server 242
1790391576.115416386 863034 PA-server 76
1790391576.115416386 863035 iou-wrk-863028 0
1790391576.320772783 863028 PA-server 255
1790391576.320772783 863034 PA-server 80
1790391576.320772783 863035 iou-wrk-863028 0
1790391576.525978709 863028 PA-server 267
1790391576.525978709 863034 PA-server 84
1790391576.525978709 863035 iou-wrk-863028 0
1790391576.731864749 863028 PA-server 279
1790391576.731864749 863034 PA-server 88
1790391576.731864749 863035 iou-wrk-863028 0
1790391576.937666629 863028 PA-server 291
1790391576.937666629 863034 PA-server 92
1790391576.937666629 863035 iou-wrk-863028 0
1790391577.143196377 863028 PA-server 303
1790391577.143196377 863034 PA-server 96
1790391577.143196377 863035 iou-wrk-863028 0
1790391577.349327858 863028 PA-server 315
1790391577.349327858 863034 PA-server 99
1790391577.349327858 863035 iou-wrk-863028 0
1790391577.554349284 863028 PA-server 327
1790391577.554349284 863034 PA-server 103
1790391577.554349284 863035 iou-wrk-863028 0
1790391577.759407319 863028 PA-server 339
1790391577.759407319 863034 PA-server 107
1790391577.759407319 863035 iou-wrk-863028 0
1790391577.965116039 863028 PA-server 352
1790391577.965116039 863034 PA-server 111
1790391577.965116039 863035 iou-wrk-863028 0
1790391578.170210685 863028 PA-server 364
1790391578.170210685 863034 PA-server 114
1790391578.170210685 863035 iou-wrk-863028 0
1790391578.375595672 863028 PA-server 376
1790391578.375595672 863034 PA-server 118
1790391578.375595672 863035 iou-wrk-863028 0
1790391578.581476943 863028 PA-server 388
1790391578.581476943 863034 PA-server 123
1790391578.581476943 863035 iou-wrk-863028 0
1790391578.786351267 863028 PA-server 401
1790391578.786351267 863034 PA-server 126
1790391578.786351267 863035 iou-wrk-863028 0
1790391578.992089057 863028 PA-server 413
1790391578.992089057 863034 PA-server 130
1790391578.992089057 863035 iou-wrk-863028 0
1790391579.196922982 863028 PA-server 425
1790391579.196922982 863034 PA-server 135
1790391579.196922982 863035 iou-wrk-863028 0
1790391579.401686017 863028 PA-server 437
1790391579.401686017 863034 PA-server 138
1790391579.401686017 863035 iou-wrk-863028 0
1790391579.607208025 863028 PA-server 450
1790391579.607208025 863034 PA-server 141
1790391579.607208025 863035 iou-wrk-863028 0
1790391579.812763794 863028 PA-server 462
1790391579.812763794 863034 PA-server 145
1790391579.812763794 863035 iou-wrk-863028 0
1790391580.018058131 863028 PA-server 474
1790391580.018058131 863034 PA-server 149
1790391580.018058131 863035 iou-wrk-863028 0
1790391580.223176498 863028 PA-server 487
1790391580.223176498 863034 PA-server 153
1790391580.223176498 863035 iou-wrk-863028 0
1790391580.428679216 863028 PA-server 499
1790391580.428679216 863034 PA-server 156
1790391580.428679216 863035 iou-wrk-863028 0
1790391580.634203905 863028 PA-server 512
1790391580.634203905 863034 PA-server 160
1790391580.634203905 863035 iou-wrk-863028 0
1790391580.839400692 863028 PA-server 523
1790391580.839400692 863034 PA-server 164
1790391580.839400692 863035 iou-wrk-863028 0
1790391581.045089891 863028 PA-server 535
1790391581.045089891 863034 PA-server 168
1790391581.045089891 863035 iou-wrk-863028 0
1790391581.250417359 863028 PA-server 548
1790391581.250417359 863034 PA-server 172
1790391581.250417359 863035 iou-wrk-863028 0
1790391581.455761457 863028 PA-server 560
1790391581.455761457 863034 PA-server 175
1790391581.455761457 863035 iou-wrk-863028 0
1790391581.661205025 863028 PA-server 571
1790391581.661205025 863034 PA-server 180
1790391581.661205025 863035 iou-wrk-863028 0
1790391581.866305891 863028 PA-server 583
1790391581.866305891 863034 PA-server 183
1790391581.866305891 863035 iou-wrk-863028 0
1790391582.072173562 863028 PA-server 596
1790391582.072173562 863034 PA-server 187
1790391582.072173562 863035 iou-wrk-863028 0
1790391582.277603740 863028 PA-server 608
1790391582.277603740 863034 PA-server 191
1790391582.277603740 863035 iou-wrk-863028 0
1790391582.483803383 863028 PA-server 620
1790391582.483803383 863034 PA-server 195
1790391582.483803383 863035 iou-wrk-863028 0
1790391582.689150251 863028 PA-server 633
1790391582.689150251 863034 PA-server 198
1790391582.689150251 863035 iou-wrk-863028 0
1790391582.895024031 863028 PA-server 645
1790391582.895024031 863034 PA-server 202
1790391582.895024031 863035 iou-wrk-863028 0
1790391583.100229599 863028 PA-server 652
1790391583.100229599 863034 PA-server 204
1790391583.100229599 863035 iou-wrk-863028 0
