1790391695.105597905 872608 PA-server 0
1790391695.105597905 872614 PA-server 0
1790391695.105597905 872615 iou-wrk-872608 0
1790391695.311928212 872608 PA-server 19
1790391695.311928212 872614 PA-server 4
1790391695.311928212 872615 iou-wrk-872608 0
1790391695.517545015 872608 PA-server 39
1790391695.517545015 872614 PA-server 9
1790391695.517545015 872615 iou-wrk-872608 0
1790391695.723328619 872608 PA-server 60
1790391695.723328619 872614 PA-server 14
1790391695.723328619 872615 iou-wrk-872608 0
1790391695.928600031 872608 PA-server 79
1790391695.928600031 872614 PA-server 19
1790391695.928600031 872615 iou-wrk-872608 0
1790391696.133933723 872608 PA-server 100
1790391696.133933723 872614 PA-server 23
1790391696.133933723 872615 iou-wrk-872608 0
1790391696.339076764 872608 PA-server 120
1790391696.339076764 872614 PA-server 29
1790391696.339076764 872615 iou-wrk-872608 0
1790391696.544302315 872608 PA-server 141
1790391696.544302315 872614 PA-server 33
1790391696.544302315 872615 iou-wrk-872608 0
1790391696.749311455 872608 PA-server 161
1790391696.749311455 872614 PA-server 39
1790391696.749311455 872615 iou-wrk-872608 0
1790391696.955139920 872608 PA-server 181
1790391696.955139920 872614 PA-server 43
1790391696.955139920 872615 iou-wrk-872608 0
1790391697.160165310 872608 PA-server 202
1790391697.160165310 872614 PA-server 48
1790391697.160165310 872615 iou-wrk-872608 0
1790391697.365644853 872608 PA-server 221
1790391697.365644853 872614 PA-server 54
1790391697.365644853 872615 iou-wrk-872608 0
1790391697.570615503 872608 PA-server 242
1790391697.570615503 872614 PA-server 59
1790391697.570615503 872615 iou-wrk-872608 0
1790391697.776677659 872608 PA-server 262
1790391697.776677659 872614 PA-server 64
1790391697.776677659 872615 iou-wrk-872608 0
1790391697.982145281 872608 PA-server 282
1790391697.982145281 872614 PA-server 69
1790391697.982145281 872615 iou-wrk-872608 0
1790391698.187689155 872608 PA-server 303
1790391698.187689155 872614 PA-server 74
1790391698.187689155 872615 iou-wrk-872608 0
1790391698.393016667 872608 PA-server 323
1790391698.393016667 872614 PA-server 79
1790391698.393016667 872615 iou-wrk-872608 0
1790391698.598227938 872608 PA-server 343
1790391698.598227938 872614 PA-server 84
1790391698.598227938 872615 iou-wrk-872608 0
1790391698.803384089 872608 PA-server 363
1790391698.803384089 872614 PA-server 89
1790391698.803384089 872615 iou-wrk-872608 0
1790391699.009043203 872608 PA-server 383
1790391699.009043203 872614 PA-server 94
1790391699.009043203 872615 iou-wrk-872608 0
1790391699.214006964 872608 PA-server 403
1790391699.214006964 872614 PA-server 99
1790391699.214006964 872615 iou-wrk-872608 0
1790391699.419331646 872608 PA-server 424
1790391699.419331646 872614 PA-server 104
1790391699.419331646 872615 iou-wrk-872608 0
1790391699.624387097 872608 PA-server 444
1790391699.624387097 872614 PA-server 109
1790391699.624387097 872615 iou-wrk-872608 0
1790391699.830218121 872608 PA-server 464
1790391699.830218121 872614 PA-server 114
1790391699.830218121 872615 iou-wrk-872608 0
1790391700.035775525 872608 PA-server 485
1790391700.035775525 872614 PA-server 118
1790391700.035775525 872615 iou-wrk-872608 0
1790391700.241023087 872608 PA-server 505
1790391700.241023087 872614 PA-server 124
1790391700.241023087 872615 iou-wrk-872608 0
1790391700.446176318 872608 PA-server 525
1790391700.446176318 872614 PA-server 130
1790391700.446176318 872615 iou-wrk-872608 0
1790391700.650976428 872608 PA-server 546
1790391700.650976428 872614 PA-server 134
1790391700.650976428 872615 iou-wrk-872608 0
1790391700.855500396 872608 PA-server 566
1790391700.855500396 872614 PA-server 139
1790391700.855500396 872615 iou-wrk-872608 0
1790391701.060930319 872608 PA-server 585
1790391701.060930319 872614 PA-server 144
1790391701.060930319 872615 iou-wrk-872608 0
1790391701.266247131 872608 PA-server 606
1790391701.266247131 872614 PA-server 149
1790391701.266247131 872615 iou-wrk-872608 0
1790391701.472235757 872608 PA-server 627
1790391701.472235757 872614 PA-server 155
1790391701.472235757 872615 iou-wrk-872608 0
1790391701.677150867 872608 PA-server 646
1790391701.677150867 872614 PA-server 160
1790391701.677150867 872615 iou-wrk-872608 0
1790391701.882214998 872608 PA-server 666
1790391701.882214998 872614 PA-server 165
1790391701.882214998 872615 iou-wrk-872608 0
1790391702.087589721 872608 PA-server 687
1790391702.087589721 872614 PA-server 170
1790391702.087589721 872615 iou-wrk-872608 0
1790391702.293222175 872608 PA-server 707
1790391702.293222175 872614 PA-server 176
1790391702.293222175 872615 iou-wrk-872608 0
1790391702.498744688 872608 PA-server 727
1790391702.498744688 872614 PA-server 180
1790391702.498744688 872615 iou-wrk-872608 0
1790391702.703996831 872608 PA-server 748
1790391702.703996831 872614 PA-server 185
1790391702.703996831 872615 iou-wrk-872608 0
1790391702.909670355 872608 PA-server 767
1790391702.909670355 872614 PA-server 190
1790391702.909670355 872615 iou-wrk-872608 0
1790391703.115140038 872608 PA-server 788
1790391703.115140038 872614 PA-server 195
1790391703.115140038 872615 iou-wrk-872608 0
1790391703.320934553 872608 PA-server 809
1790391703.320934553 872614 PA-server 201
1790391703.320934553 872615 iou-wrk-872608 0
1790391703.526565058 872608 PA-server 828
1790391703.526565058 872614 PA-server 206
1790391703.526565058 872615 iou-wrk-872608 0
1790391703.731835990 872608 PA-server 849
1790391703.731835990 872614 PA-server 211
1790391703.731835990 872615 iou-wrk-872608 0
1790391703.937377923 872608 PA-server 869
1790391703.937377923 872614 PA-server 215
1790391703.937377923 872615 iou-wrk-872608 0
1790391704.142747927 872608 PA-server 889
1790391704.142747927 872614 PA-server 220
1790391704.142747927 872615 iou-wrk-872608 0
1790391704.348187700 872608 PA-server 909
1790391704.348187700 872614 PA-server 225
1790391704.348187700 872615 iou-wrk-872608 0
1790391704.553198631 872608 PA-server 929
1790391704.553198631 872614 PA-server 230
1790391704.553198631 872615 iou-wrk-872608 0
1790391704.758764085 872608 PA-server 950
1790391704.758764085 872614 PA-server 235
1790391704.758764085 872615 iou-wrk-872608 0
1790391704.964365969 872608 PA-server 971
1790391704.964365969 872614 PA-server 240
1790391704.964365969 872615 iou-wrk-872608 0
1790391705.169194140 872608 PA-server 990
1790391705.169194140 872614 PA-server 245
1790391705.169194140 872615 iou-wrk-872608 0
1790391705.375103765 872608 PA-server 1011
1790391705.375103765 872614 PA-server 250
1790391705.375103765 872615 iou-wrk-872608 0
1790391705.581399053 872608 PA-server 1032
1790391705.581399053 872614 PA-server 255
1790391705.581399053 872615 iou-wrk-872608 0
1790391705.787021668 872608 PA-server 1051
1790391705.787021668 872614 PA-server 260
1790391705.787021668 872615 iou-wrk-872608 0
1790391705.992292650 872608 PA-server 1072
1790391705.992292650 872614 PA-server 265
1790391705.992292650 872615 iou-wrk-872608 0
1790391706.197751484 872608 PA-server 1085
1790391706.197751484 872614 PA-server 268
1790391706.197751484 872615 iou-wrk-872608 0
1790391706.403574639 872608 PA-server 1085
1790391706.403574639 872614 PA-server 268
1790391706.403574639 872615 iou-wrk-872608 0
