1790391393.940656579 848865 PL-server 0
1790391393.940656579 848871 PL-server 0
1790391393.940656579 848872 iou-wrk-848865 0
1790391394.146634299 848865 PL-server 11
1790391394.146634299 848871 PL-server 9
1790391394.146634299 848872 iou-wrk-848865 0
1790391394.352448718 848865 PL-server 22
1790391394.352448718 848871 PL-server 19
1790391394.352448718 848872 iou-wrk-848865 0
1790391394.557728815 848865 PL-server 35
1790391394.557728815 848871 PL-server 31
1790391394.557728815 848872 iou-wrk-848865 0
1790391394.762829331 848865 PL-server 46
1790391394.762829331 848871 PL-server 42
1790391394.762829331 848872 iou-wrk-848865 0
1790391394.968759640 848865 PL-server 58
1790391394.968759640 848871 PL-server 52
1790391394.968759640 848872 iou-wrk-848865 0
1790391395.173202123 848865 PL-server 69
1790391395.173202123 848871 PL-server 62
1790391395.173202123 848872 iou-wrk-848865 0
1790391395.378287659 848865 PL-server 80
1790391395.378287659 848871 PL-server 73
1790391395.378287659 848872 iou-wrk-848865 0
1790391395.583426325 848865 PL-server 92
1790391395.583426325 848871 PL-server 84
1790391395.583426325 848872 iou-wrk-848865 0
1790391395.788626851 848865 PL-server 105
1790391395.788626851 848871 PL-server 95
1790391395.788626851 848872 iou-wrk-848865 0
1790391395.993715197 848865 PL-server 115
1790391395.993715197 848871 PL-server 106
1790391395.993715197 848872 iou-wrk-848865 0
1790391396.199520416 848865 PL-server 127
1790391396.199520416 848871 PL-server 117
1790391396.199520416 848872 iou-wrk-848865 0
1790391396.405546617 848865 PL-server 139
1790391396.405546617 848871 PL-server 127
1790391396.405546617 848872 iou-wrk-848865 0
1790391396.611530057 848865 PL-server 151
1790391396.611530057 848871 PL-server 138
1790391396.611530057 848872 iou-wrk-848865 0
1790391396.816668053 848865 PL-server 162
1790391396.816668053 848871 PL-server 148
1790391396.816668053 848872 iou-wrk-848865 0
1790391397.021935020 848865 PL-server 174
1790391397.021935020 848871 PL-server 159
1790391397.021935020 848872 iou-wrk-848865 0
1790391397.227457969 848865 PL-server 186
1790391397.227457969 848871 PL-server 171
1790391397.227457969 848872 iou-wrk-848865 0
1790391397.433238618 848865 PL-server 198
1790391397.433238618 848871 PL-server 181
1790391397.433238618 848872 iou-wrk-848865 0
1790391397.637883733 848865 PL-server 209
1790391397.637883733 848871 PL-server 193
1790391397.637883733 848872 iou-wrk-848865 0
1790391397.842527407 848865 PL-server 222
1790391397.842527407 848871 PL-server 203
1790391397.842527407 848872 iou-wrk-848865 0
1790391398.048442927 848865 PL-server 233
1790391398.048442927 848871 PL-server 213
1790391398.048442927 848872 iou-wrk-848865 0
1790391398.253642974 848865 PL-server 244
1790391398.253642974 848871 PL-server 224
1790391398.253642974 848872 iou-wrk-848865 0
1790391398.458952001 848865 PL-server 256
1790391398.458952001 848871 PL-server 234
1790391398.458952001 848872 iou-wrk-848865 0
1790391398.663855097 848865 PL-server 268
1790391398.663855097 848871 PL-server 244
1790391398.663855097 848872 iou-wrk-848865 0
1790391398.869242705 848865 PL-server 280
1790391398.869242705 848871 PL-server 255
1790391398.869242705 848872 iou-wrk-848865 0
1790391399.074605682 848865 PL-server 292
1790391399.074605682 848871 PL-server 267
1790391399.074605682 848872 iou-wrk-848865 0
1790391399.279430508 848865 PL-server 303
1790391399.279430508 848871 PL-server 277
1790391399.279430508 848872 iou-wrk-848865 0
1790391399.483931951 848865 PL-server 315
1790391399.483931951 848871 PL-server 288
1790391399.483931951 848872 iou-wrk-848865 0
1790391399.689456930 848865 PL-server 326
1790391399.689456930 848871 PL-server 298
1790391399.689456930 848872 iou-wrk-848865 0
1790391399.894039294 848865 PL-server 337
1790391399.894039294 848871 PL-server 309
1790391399.894039294 848872 iou-wrk-848865 0
1790391400.099403222 848865 PL-server 348
1790391400.099403222 848871 PL-server 319
1790391400.099403222 848872 iou-wrk-848865 0
1790391400.305381504 848865 PL-server 360
1790391400.305381504 848871 PL-server 330
1790391400.305381504 848872 iou-wrk-848865 0
1790391400.510695381 848865 PL-server 371
1790391400.510695381 848871 PL-server 341
1790391400.510695381 848872 iou-wrk-848865 0
1790391400.716663793 848865 PL-server 382
1790391400.716663793 848871 PL-server 351
1790391400.716663793 848872 iou-wrk-848865 0
1790391400.922519543 848865 PL-server 394
1790391400.922519543 848871 PL-server 362
1790391400.922519543 848872 iou-wrk-848865 0
1790391401.128369934 848865 PL-server 406
1790391401.128369934 848871 PL-server 373
1790391401.128369934 848872 iou-wrk-848865 0
1790391401.333328300 848865 PL-server 417
1790391401.333328300 848871 PL-server 383
1790391401.333328300 848872 iou-wrk-848865 0
1790391401.538621718 848865 PL-server 428
1790391401.538621718 848871 PL-server 393
1790391401.538621718 848872 iou-wrk-848865 0
1790391401.744082687 848865 PL-server 440
1790391401.744082687 848871 PL-server 404
1790391401.744082687 848872 iou-wrk-848865 0
1790391401.948826612 848865 PL-server 452
1790391401.948826612 848871 PL-server 415
1790391401.948826612 848872 iou-wrk-848865 0
1790391402.153521887 848865 PL-server 464
1790391402.153521887 848871 PL-server 426
1790391402.153521887 848872 iou-wrk-848865 0
1790391402.358425294 848865 PL-server 475
1790391402.358425294 848871 PL-server 436
1790391402.358425294 848872 iou-wrk-848865 0
1790391402.564253124 848865 PL-server 488
1790391402.564253124 848871 PL-server 447
1790391402.564253124 848872 iou-wrk-848865 0
1790391402.769349992 848865 PL-server 499
1790391402.769349992 848871 PL-server 458
1790391402.769349992 848872 iou-wrk-848865 0
1790391402.974380499 848865 PL-server 510
1790391402.974380499 848871 PL-server 468
1790391402.974380499 848872 iou-wrk-848865 0
1790391403.179653567 848865 PL-server 522
1790391403.179653567 848871 PL-server 478
1790391403.179653567 848872 iou-wrk-848865 0
1790391403.385227797 848865 PL-server 534
1790391403.385227797 848871 PL-server 489
1790391403.385227797 848872 iou-wrk-848865 0
1790391403.590807836 848865 PL-server 544
1790391403.590807836 848871 PL-server 500
1790391403.590807836 848872 iou-wrk-848865 0
1790391403.797170340 848865 PL-server 556
1790391403.797170340 848871 PL-server 511
1790391403.797170340 848872 iou-wrk-848865 0
1790391404.001938036 848865 PL-server 567
1790391404.001938036 848871 PL-server 521
1790391404.001938036 848872 iou-wrk-848865 0
1790391404.207748257 848865 PL-server 579
1790391404.207748257 848871 PL-server 532
1790391404.207748257 848872 iou-wrk-848865 0
1790391404.413078126 848865 PL-server 591
1790391404.413078126 848871 PL-server 543
1790391404.413078126 848872 iou-wrk-848865 0
1790391404.618055403 848865 PL-server 602
1790391404.618055403 848871 PL-server 554
1790391404.618055403 848872 iou-wrk-848865 0
1790391404.823770523 848865 PL-server 614
1790391404.823770523 848871 PL-server 564
1790391404.823770523 848872 iou-wrk-848865 0
1790391405.029508364 848865 PL-server 620
1790391405.029508364 848871 PL-server 570
1790391405.029508364 848872 iou-wrk-848865 0
