1790390974.744125262 814248 PA-server 0
1790390974.744125262 814254 PA-server 0
1790390974.744125262 814255 iou-wrk-814248 0
1790390974.950365254 814248 PA-server 10
1790390974.950365254 814254 PA-server 4
1790390974.950365254 814255 iou-wrk-814248 0
1790390974.950365254 814309 iou-wrk-814254 0
1790390975.157538420 814248 PA-server 21
1790390975.157538420 814254 PA-server 7
1790390975.157538420 814255 iou-wrk-814248 0
1790390975.157538420 814309 iou-wrk-814254 0
1790390975.364906287 814248 PA-server 32
1790390975.364906287 814254 PA-server 11
1790390975.364906287 814255 iou-wrk-814248 0
1790390975.364906287 814309 iou-wrk-814254 0
1790390975.572084494 814248 PA-server 44
1790390975.572084494 814254 PA-server 15
1790390975.572084494 814255 iou-wrk-814248 0
1790390975.572084494 814309 iou-wrk-814254 0
1790390975.778822538 814248 PA-server 54
1790390975.778822538 814254 PA-server 19
1790390975.778822538 814255 iou-wrk-814248 0
1790390975.778822538 814309 iou-wrk-814254 0
1790390975.985880114 814248 PA-server 65
1790390975.985880114 814254 PA-server 23
1790390975.985880114 814255 iou-wrk-814248 0
1790390975.985880114 814309 iou-wrk-814254 0
1790390976.192765940 814248 PA-server 77
1790390976.192765940 814254 PA-server 26
1790390976.192765940 814255 iou-wrk-814248 0
1790390976.192765940 814309 iou-wrk-814254 0
1790390976.399891416 814248 PA-server 88
1790390976.399891416 814254 PA-server 30
1790390976.399891416 814255 iou-wrk-814248 0
1790390976.399891416 814309 iou-wrk-814254 0
1790390976.606902012 814248 PA-server 98
1790390976.606902012 814254 PA-server 34
1790390976.606902012 814255 iou-wrk-814248 0
1790390976.606902012 814309 iou-wrk-814254 0
1790390976.813421986 814248 PA-server 110
1790390976.813421986 814254 PA-server 38
1790390976.813421986 814255 iou-wrk-814248 0
1790390976.813421986 814309 iou-wrk-814254 0
1790390977.019997731 814248 PA-server 121
1790390977.019997731 814254 PA-server 42
1790390977.019997731 814255 iou-wrk-814248 0
1790390977.019997731 814309 iou-wrk-814254 0
1790390977.226814456 814248 PA-server 132
1790390977.226814456 814254 PA-server 46
1790390977.226814456 814255 iou-wrk-814248 0
1790390977.226814456 814309 iou-wrk-814254 0
1790390977.433903403 814248 PA-server 143
1790390977.433903403 814254 PA-server 50
1790390977.433903403 814255 iou-wrk-814248 0
1790390977.433903403 814309 iou-wrk-814254 0
1790390977.640487898 814248 PA-server 154
1790390977.640487898 814254 PA-server 54
1790390977.640487898 814255 iou-wrk-814248 0
1790390977.640487898 814309 iou-wrk-814254 0
1790390977.847964316 814248 PA-server 165
1790390977.847964316 814254 PA-server 58
1790390977.847964316 814255 iou-wrk-814248 0
1790390977.847964316 814309 iou-wrk-814254 0
1790390978.055020123 814248 PA-server 176
1790390978.055020123 814254 PA-server 61
1790390978.055020123 814255 iou-wrk-814248 0
1790390978.055020123 814309 iou-wrk-814254 0
1790390978.262311901 814248 PA-server 187
1790390978.262311901 814254 PA-server 65
1790390978.262311901 814255 iou-wrk-814248 0
1790390978.262311901 814309 iou-wrk-814254 0
1790390978.469300318 814248 PA-server 198
1790390978.469300318 814254 PA-server 69
1790390978.469300318 814255 iou-wrk-814248 0
1790390978.469300318 814309 iou-wrk-814254 0
1790390978.676326005 814248 PA-server 209
1790390978.676326005 814254 PA-server 73
1790390978.676326005 814255 iou-wrk-814248 0
1790390978.676326005 814309 iou-wrk-814254 0
1790390978.883340502 814248 PA-server 221
1790390978.883340502 814254 PA-server 77
1790390978.883340502 814255 iou-wrk-814248 0
1790390978.883340502 814309 iou-wrk-814254 0
1790390979.090096668 814248 PA-server 232
1790390979.090096668 814254 PA-server 81
1790390979.090096668 814255 iou-wrk-814248 0
1790390979.090096668 814309 iou-wrk-814254 0
1790390979.297093916 814248 PA-server 243
1790390979.297093916 814254 PA-server 85
1790390979.297093916 814255 iou-wrk-814248 0
1790390979.297093916 814309 iou-wrk-814254 0
1790390979.503964493 814248 PA-server 254
1790390979.503964493 814254 PA-server 88
1790390979.503964493 814255 iou-wrk-814248 0
1790390979.503964493 814309 iou-wrk-814254 0
1790390979.711075651 814248 PA-server 265
1790390979.711075651 814254 PA-server 92
1790390979.711075651 814255 iou-wrk-814248 0
1790390979.711075651 814309 iou-wrk-814254 0
1790390979.917927997 814248 PA-server 276
1790390979.917927997 814254 PA-server 96
1790390979.917927997 814255 iou-wrk-814248 0
1790390979.917927997 814309 iou-wrk-814254 0
1790390980.124902595 814248 PA-server 287
1790390980.124902595 814254 PA-server 100
1790390980.124902595 814255 iou-wrk-814248 0
1790390980.124902595 814309 iou-wrk-814254 0
1790390980.331899803 814248 PA-server 298
1790390980.331899803 814254 PA-server 104
1790390980.331899803 814255 iou-wrk-814248 0
1790390980.331899803 814309 iou-wrk-814254 0
1790390980.538776740 814248 PA-server 309
1790390980.538776740 814254 PA-server 107
1790390980.538776740 814255 iou-wrk-814248 0
1790390980.538776740 814309 iou-wrk-814254 0
1790390980.745585167 814248 PA-server 322
1790390980.745585167 814254 PA-server 114
1790390980.745585167 814255 iou-wrk-814248 0
1790390980.745585167 814309 iou-wrk-814254 0
1790390980.952225443 814248 PA-server 334
1790390980.952225443 814254 PA-server 119
1790390980.952225443 814255 iou-wrk-814248 0
1790390980.952225443 814309 iou-wrk-814254 0
1790390981.159449322 814248 PA-server 345
1790390981.159449322 814254 PA-server 123
1790390981.159449322 814255 iou-wrk-814248 0
1790390981.159449322 814309 iou-wrk-814254 0
1790390981.367000063 814248 PA-server 357
1790390981.367000063 814254 PA-server 126
1790390981.367000063 814255 iou-wrk-814248 0
1790390981.367000063 814309 iou-wrk-814254 0
1790390981.574235362 814248 PA-server 368
1790390981.574235362 814254 PA-server 130
1790390981.574235362 814255 iou-wrk-814248 0
1790390981.574235362 814309 iou-wrk-814254 0
1790390981.780521937 814248 PA-server 378
1790390981.780521937 814254 PA-server 134
1790390981.780521937 814255 iou-wrk-814248 0
1790390981.780521937 814309 iou-wrk-814254 0
1790390981.987112454 814248 PA-server 390
1790390981.987112454 814254 PA-server 138
1790390981.987112454 814255 iou-wrk-814248 0
1790390981.987112454 814309 iou-wrk-814254 0
1790390982.194145173 814248 PA-server 401
1790390982.194145173 814254 PA-server 142
1790390982.194145173 814255 iou-wrk-814248 0
1790390982.194145173 814309 iou-wrk-814254 0
1790390982.400898160 814248 PA-server 412
1790390982.400898160 814254 PA-server 145
1790390982.400898160 814255 iou-wrk-814248 0
1790390982.400898160 814309 iou-wrk-814254 0
1790390982.607386927 814248 PA-server 423
1790390982.607386927 814254 PA-server 149
1790390982.607386927 814255 iou-wrk-814248 0
1790390982.607386927 814309 iou-wrk-814254 0
1790390982.813876154 814248 PA-server 434
1790390982.813876154 814254 PA-server 153
1790390982.813876154 814255 iou-wrk-814248 0
1790390982.813876154 814309 iou-wrk-814254 0
1790390983.021210884 814248 PA-server 444
1790390983.021210884 814254 PA-server 157
1790390983.021210884 814255 iou-wrk-814248 0
1790390983.021210884 814309 iou-wrk-814254 0
1790390983.228502504 814248 PA-server 456
1790390983.228502504 814254 PA-server 161
1790390983.228502504 814255 iou-wrk-814248 0
1790390983.228502504 814309 iou-wrk-814254 0
1790390983.435251952 814248 PA-server 467
1790390983.435251952 814254 PA-server 164
1790390983.435251952 814255 iou-wrk-814248 0
1790390983.435251952 814309 iou-wrk-814254 0
1790390983.642018461 814248 PA-server 480
1790390983.642018461 814254 PA-server 171
1790390983.642018461 814255 iou-wrk-814248 0
1790390983.642018461 814309 iou-wrk-814254 0
1790390983.848616208 814248 PA-server 491
1790390983.848616208 814254 PA-server 175
1790390983.848616208 814255 iou-wrk-814248 0
1790390983.848616208 814309 iou-wrk-814254 0
1790390984.056187090 814248 PA-server 502
1790390984.056187090 814254 PA-server 179
1790390984.056187090 814255 iou-wrk-814248 0
1790390984.056187090 814309 iou-wrk-814254 0
1790390984.263321360 814248 PA-server 514
1790390984.263321360 814254 PA-server 183
1790390984.263321360 814255 iou-wrk-814248 0
1790390984.263321360 814309 iou-wrk-814254 0
1790390984.470283969 814248 PA-server 524
1790390984.470283969 814254 PA-server 186
1790390984.470283969 814255 iou-wrk-814248 0
1790390984.470283969 814309 iou-wrk-814254 0
1790390984.677180548 814248 PA-server 536
1790390984.677180548 814254 PA-server 190
1790390984.677180548 814255 iou-wrk-814248 0
1790390984.677180548 814309 iou-wrk-814254 0
1790390984.884019377 814248 PA-server 547
1790390984.884019377 814254 PA-server 194
1790390984.884019377 814255 iou-wrk-814248 0
1790390984.884019377 814309 iou-wrk-814254 0
1790390985.091039017 814248 PA-server 558
1790390985.091039017 814254 PA-server 198
1790390985.091039017 814255 iou-wrk-814248 0
1790390985.091039017 814309 iou-wrk-814254 0
1790390985.298109268 814248 PA-server 569
1790390985.298109268 814254 PA-server 202
1790390985.298109268 814255 iou-wrk-814248 0
1790390985.298109268 814309 iou-wrk-814254 0
1790390985.504735526 814248 PA-server 580
1790390985.504735526 814254 PA-server 205
1790390985.504735526 814255 iou-wrk-814248 0
1790390985.504735526 814309 iou-wrk-814254 0
1790390985.711671436 814248 PA-server 591
1790390985.711671436 814254 PA-server 209
1790390985.711671436 814255 iou-wrk-814248 0
1790390985.711671436 814309 iou-wrk-814254 0
