1790391286.853395163 839809 PL-server 0
1790391286.853395163 839815 PL-server 0
1790391286.853395163 839816 iou-wrk-839809 0
1790391287.059467130 839809 PL-server 10
1790391287.059467130 839815 PL-server 10
1790391287.059467130 839816 iou-wrk-839809 0
1790391287.264315131 839809 PL-server 22
1790391287.264315131 839815 PL-server 22
1790391287.264315131 839816 iou-wrk-839809 0
1790391287.469588924 839809 PL-server 33
1790391287.469588924 839815 PL-server 33
1790391287.469588924 839816 iou-wrk-839809 0
1790391287.674538456 839809 PL-server 45
1790391287.674538456 839815 PL-server 44
1790391287.674538456 839816 iou-wrk-839809 0
1790391287.879533277 839809 PL-server 56
1790391287.879533277 839815 PL-server 57
1790391287.879533277 839816 iou-wrk-839809 0
1790391288.083836076 839809 PL-server 68
1790391288.083836076 839815 PL-server 68
1790391288.083836076 839816 iou-wrk-839809 0
1790391288.288500416 839809 PL-server 79
1790391288.288500416 839815 PL-server 79
1790391288.288500416 839816 iou-wrk-839809 0
1790391288.493518358 839809 PL-server 90
1790391288.493518358 839815 PL-server 91
1790391288.493518358 839816 iou-wrk-839809 0
1790391288.698635871 839809 PL-server 101
1790391288.698635871 839815 PL-server 102
1790391288.698635871 839816 iou-wrk-839809 0
1790391288.903213991 839809 PL-server 112
1790391288.903213991 839815 PL-server 113
1790391288.903213991 839816 iou-wrk-839809 0
1790391289.107659380 839809 PL-server 123
1790391289.107659380 839815 PL-server 124
1790391289.107659380 839816 iou-wrk-839809 0
1790391289.312186720 839809 PL-server 134
1790391289.312186720 839815 PL-server 135
1790391289.312186720 839816 iou-wrk-839809 0
1790391289.517046262 839809 PL-server 146
1790391289.517046262 839815 PL-server 146
1790391289.517046262 839816 iou-wrk-839809 0
1790391289.721585371 839809 PL-server 157
1790391289.721585371 839815 PL-server 158
1790391289.721585371 839816 iou-wrk-839809 0
1790391289.926671474 839809 PL-server 168
1790391289.926671474 839815 PL-server 170
1790391289.926671474 839816 iou-wrk-839809 0
1790391290.131866737 839809 PL-server 179
1790391290.131866737 839815 PL-server 181
1790391290.131866737 839816 iou-wrk-839809 0
1790391290.336554638 839809 PL-server 191
1790391290.336554638 839815 PL-server 192
1790391290.336554638 839816 iou-wrk-839809 0
1790391290.541553621 839809 PL-server 202
1790391290.541553621 839815 PL-server 203
1790391290.541553621 839816 iou-wrk-839809 0
1790391290.746247922 839809 PL-server 213
1790391290.746247922 839815 PL-server 214
1790391290.746247922 839816 iou-wrk-839809 0
1790391290.950808452 839809 PL-server 224
1790391290.950808452 839815 PL-server 226
1790391290.950808452 839816 iou-wrk-839809 0
1790391291.155278002 839809 PL-server 236
1790391291.155278002 839815 PL-server 238
1790391291.155278002 839816 iou-wrk-839809 0
1790391291.360222495 839809 PL-server 248
1790391291.360222495 839815 PL-server 249
1790391291.360222495 839816 iou-wrk-839809 0
1790391291.564533444 839809 PL-server 259
1790391291.564533444 839815 PL-server 260
1790391291.564533444 839816 iou-wrk-839809 0
1790391291.768962914 839809 PL-server 270
1790391291.768962914 839815 PL-server 271
1790391291.768962914 839816 iou-wrk-839809 0
1790391291.973877546 839809 PL-server 280
1790391291.973877546 839815 PL-server 283
1790391291.973877546 839816 iou-wrk-839809 0
1790391292.178836869 839809 PL-server 291
1790391292.178836869 839815 PL-server 294
1790391292.178836869 839816 iou-wrk-839809 0
1790391292.383291679 839809 PL-server 303
1790391292.383291679 839815 PL-server 304
1790391292.383291679 839816 iou-wrk-839809 0
1790391292.589438788 839809 PL-server 314
1790391292.589438788 839815 PL-server 316
1790391292.589438788 839816 iou-wrk-839809 0
1790391292.794148849 839809 PL-server 325
1790391292.794148849 839815 PL-server 327
1790391292.794148849 839816 iou-wrk-839809 0
1790391292.998842581 839809 PL-server 336
1790391292.998842581 839815 PL-server 338
1790391292.998842581 839816 iou-wrk-839809 0
1790391293.203386012 839809 PL-server 349
1790391293.203386012 839815 PL-server 351
1790391293.203386012 839816 iou-wrk-839809 0
1790391293.408743736 839809 PL-server 360
1790391293.408743736 839815 PL-server 363
1790391293.408743736 839816 iou-wrk-839809 0
1790391293.613722830 839809 PL-server 371
1790391293.613722830 839815 PL-server 374
1790391293.613722830 839816 iou-wrk-839809 0
1790391293.818553432 839809 PL-server 383
1790391293.818553432 839815 PL-server 386
1790391293.818553432 839816 iou-wrk-839809 0
1790391294.023023532 839809 PL-server 394
1790391294.023023532 839815 PL-server 397
1790391294.023023532 839816 iou-wrk-839809 0
1790391294.228164357 839809 PL-server 405
1790391294.228164357 839815 PL-server 408
1790391294.228164357 839816 iou-wrk-839809 0
1790391294.433066919 839809 PL-server 416
1790391294.433066919 839815 PL-server 420
1790391294.433066919 839816 iou-wrk-839809 0
1790391294.637272059 839809 PL-server 427
1790391294.637272059 839815 PL-server 430
1790391294.637272059 839816 iou-wrk-839809 0
1790391294.841956281 839809 PL-server 437
1790391294.841956281 839815 PL-server 441
1790391294.841956281 839816 iou-wrk-839809 0
1790391295.046629753 839809 PL-server 448
1790391295.046629753 839815 PL-server 453
1790391295.046629753 839816 iou-wrk-839809 0
1790391295.251548066 839809 PL-server 459
1790391295.251548066 839815 PL-server 463
1790391295.251548066 839816 iou-wrk-839809 0
1790391295.456449479 839809 PL-server 471
1790391295.456449479 839815 PL-server 476
1790391295.456449479 839816 iou-wrk-839809 0
1790391295.661541713 839809 PL-server 483
1790391295.661541713 839815 PL-server 487
1790391295.661541713 839816 iou-wrk-839809 0
1790391295.866044715 839809 PL-server 494
1790391295.866044715 839815 PL-server 499
1790391295.866044715 839816 iou-wrk-839809 0
1790391296.070305985 839809 PL-server 505
1790391296.070305985 839815 PL-server 509
1790391296.070305985 839816 iou-wrk-839809 0
1790391296.274824036 839809 PL-server 516
1790391296.274824036 839815 PL-server 521
1790391296.274824036 839816 iou-wrk-839809 0
1790391296.479134407 839809 PL-server 527
1790391296.479134407 839815 PL-server 532
1790391296.479134407 839816 iou-wrk-839809 0
1790391296.683471058 839809 PL-server 538
1790391296.683471058 839815 PL-server 543
1790391296.683471058 839816 iou-wrk-839809 0
1790391296.888046560 839809 PL-server 550
1790391296.888046560 839815 PL-server 555
1790391296.888046560 839816 iou-wrk-839809 0
1790391297.092799173 839809 PL-server 561
1790391297.092799173 839815 PL-server 566
1790391297.092799173 839816 iou-wrk-839809 0
1790391297.298298179 839809 PL-server 572
1790391297.298298179 839815 PL-server 576
1790391297.298298179 839816 iou-wrk-839809 0
1790391297.503527064 839809 PL-server 583
1790391297.503527064 839815 PL-server 587
1790391297.503527064 839816 iou-wrk-839809 0
1790391297.708232867 839809 PL-server 594
1790391297.708232867 839815 PL-server 599
1790391297.708232867 839816 iou-wrk-839809 0
1790391297.913154991 839809 PL-server 602
1790391297.913154991 839815 PL-server 607
1790391297.913154991 839816 iou-wrk-839809 0
1790391298.119096139 839809 PL-server 602
