1790391678.938059610 871581 PA-server 0
1790391678.938059610 871587 PA-server 0
1790391678.938059610 871588 iou-wrk-871581 0
1790391679.144037564 871581 PA-server 0
1790391679.144037564 871587 PA-server 3
1790391679.144037564 871588 iou-wrk-871581 0
1790391679.350168378 871581 PA-server 1
1790391679.350168378 871587 PA-server 6
1790391679.350168378 871588 iou-wrk-871581 0
1790391679.555512398 871581 PA-server 2
1790391679.555512398 871587 PA-server 9
1790391679.555512398 871588 iou-wrk-871581 0
1790391679.760947858 871581 PA-server 2
1790391679.760947858 871587 PA-server 12
1790391679.760947858 871588 iou-wrk-871581 0
1790391679.966468149 871581 PA-server 3
1790391679.966468149 871587 PA-server 15
1790391679.966468149 871588 iou-wrk-871581 0
1790391680.171868240 871581 PA-server 3
1790391680.171868240 871587 PA-server 18
1790391680.171868240 871588 iou-wrk-871581 0
1790391680.377106179 871581 PA-server 5
1790391680.377106179 871587 PA-server 21
1790391680.377106179 871588 iou-wrk-871581 0
1790391680.582504580 871581 PA-server 5
1790391680.582504580 871587 PA-server 25
1790391680.582504580 871588 iou-wrk-871581 0
1790391680.787953671 871581 PA-server 5
1790391680.787953671 871587 PA-server 28
1790391680.787953671 871588 iou-wrk-871581 0
1790391680.993437461 871581 PA-server 6
1790391680.993437461 871587 PA-server 31
1790391680.993437461 871588 iou-wrk-871581 0
1790391681.198987623 871581 PA-server 8
1790391681.198987623 871587 PA-server 34
1790391681.198987623 871588 iou-wrk-871581 0
1790391681.404307633 871581 PA-server 8
1790391681.404307633 871587 PA-server 38
1790391681.404307633 871588 iou-wrk-871581 0
1790391681.609742164 871581 PA-server 10
1790391681.609742164 871587 PA-server 42
1790391681.609742164 871588 iou-wrk-871581 0
1790391681.815291555 871581 PA-server 10
1790391681.815291555 871587 PA-server 45
1790391681.815291555 871588 iou-wrk-871581 0
1790391682.020638525 871581 PA-server 10
1790391682.020638525 871587 PA-server 48
1790391682.020638525 871588 iou-wrk-871581 0
1790391682.226087016 871581 PA-server 11
1790391682.226087016 871587 PA-server 51
1790391682.226087016 871588 iou-wrk-871581 0
1790391682.431443197 871581 PA-server 12
1790391682.431443197 871587 PA-server 54
1790391682.431443197 871588 iou-wrk-871581 0
1790391682.636946798 871581 PA-server 13
1790391682.636946798 871587 PA-server 57
1790391682.636946798 871588 iou-wrk-871581 0
1790391682.842246708 871581 PA-server 13
1790391682.842246708 871587 PA-server 60
1790391682.842246708 871588 iou-wrk-871581 0
1790391683.047593649 871581 PA-server 15
1790391683.047593649 871587 PA-server 63
1790391683.047593649 871588 iou-wrk-871581 0
1790391683.253034000 871581 PA-server 15
1790391683.253034000 871587 PA-server 67
1790391683.253034000 871588 iou-wrk-871581 0
1790391683.458199989 871581 PA-server 15
1790391683.458199989 871587 PA-server 70
1790391683.458199989 871588 iou-wrk-871581 0
1790391683.663810671 871581 PA-server 16
1790391683.663810671 871587 PA-server 73
1790391683.663810671 871588 iou-wrk-871581 0
1790391683.869372623 871581 PA-server 17
1790391683.869372623 871587 PA-server 76
1790391683.869372623 871588 iou-wrk-871581 0
1790391684.075024145 871581 PA-server 18
1790391684.075024145 871587 PA-server 79
1790391684.075024145 871588 iou-wrk-871581 0
1790391684.280143004 871581 PA-server 18
1790391684.280143004 871587 PA-server 82
1790391684.280143004 871588 iou-wrk-871581 0
1790391684.485688286 871581 PA-server 18
1790391684.485688286 871587 PA-server 85
1790391684.485688286 871588 iou-wrk-871581 0
1790391684.691124767 871581 PA-server 20
1790391684.691124767 871587 PA-server 88
1790391684.691124767 871588 iou-wrk-871581 0
1790391684.896725229 871581 PA-server 20
1790391684.896725229 871587 PA-server 91
1790391684.896725229 871588 iou-wrk-871581 0
1790391685.102109050 871581 PA-server 21
1790391685.102109050 871587 PA-server 94
1790391685.102109050 871588 iou-wrk-871581 0
1790391685.307568161 871581 PA-server 22
1790391685.307568161 871587 PA-server 97
1790391685.307568161 871588 iou-wrk-871581 0
1790391685.512947852 871581 PA-server 22
1790391685.512947852 871587 PA-server 100
1790391685.512947852 871588 iou-wrk-871581 0
1790391685.718436393 871581 PA-server 23
1790391685.718436393 871587 PA-server 104
1790391685.718436393 871588 iou-wrk-871581 0
1790391685.923946245 871581 PA-server 23
1790391685.923946245 871587 PA-server 107
1790391685.923946245 871588 iou-wrk-871581 0
1790391686.129542947 871581 PA-server 25
1790391686.129542947 871587 PA-server 110
1790391686.129542947 871588 iou-wrk-871581 0
1790391686.335053819 871581 PA-server 25
1790391686.335053819 871587 PA-server 113
1790391686.335053819 871588 iou-wrk-871581 0
1790391686.540258699 871581 PA-server 25
1790391686.540258699 871587 PA-server 116
1790391686.540258699 871588 iou-wrk-871581 0
1790391686.745613900 871581 PA-server 27
1790391686.745613900 871587 PA-server 119
1790391686.745613900 871588 iou-wrk-871581 0
1790391686.951166872 871581 PA-server 27
1790391686.951166872 871587 PA-server 122
1790391686.951166872 871588 iou-wrk-871581 0
1790391687.156626063 871581 PA-server 28
1790391687.156626063 871587 PA-server 126
1790391687.156626063 871588 iou-wrk-871581 0
1790391687.362123865 871581 PA-server 28
1790391687.362123865 871587 PA-server 129
1790391687.362123865 871588 iou-wrk-871581 0
1790391687.567722707 871581 PA-server 30
1790391687.567722707 871587 PA-server 132
1790391687.567722707 871588 iou-wrk-871581 0
1790391687.773442840 871581 PA-server 30
1790391687.773442840 871587 PA-server 135
1790391687.773442840 871588 iou-wrk-871581 0
1790391687.978849891 871581 PA-server 30
1790391687.978849891 871587 PA-server 138
1790391687.978849891 871588 iou-wrk-871581 0
1790391688.184110812 871581 PA-server 31
1790391688.184110812 871587 PA-server 141
1790391688.184110812 871588 iou-wrk-871581 0
1790391688.389604194 871581 PA-server 32
1790391688.389604194 871587 PA-server 144
1790391688.389604194 871588 iou-wrk-871581 0
1790391688.595085786 871581 PA-server 33
1790391688.595085786 871587 PA-server 147
1790391688.595085786 871588 iou-wrk-871581 0
1790391688.800514157 871581 PA-server 33
1790391688.800514157 871587 PA-server 151
1790391688.800514157 871588 iou-wrk-871581 0
1790391689.005820078 871581 PA-server 34
1790391689.005820078 871587 PA-server 154
1790391689.005820078 871588 iou-wrk-871581 0
1790391689.211372040 871581 PA-server 35
1790391689.211372040 871587 PA-server 157
1790391689.211372040 871588 iou-wrk-871581 0
1790391689.416845922 871581 PA-server 35
1790391689.416845922 871587 PA-server 160
1790391689.416845922 871588 iou-wrk-871581 0
1790391689.622084293 871581 PA-server 36
1790391689.622084293 871587 PA-server 163
1790391689.622084293 871588 iou-wrk-871581 0
1790391689.827315704 871581 PA-server 37
1790391689.827315704 871587 PA-server 167
1790391689.827315704 871588 iou-wrk-871581 0
