1790390919.244239212 809905 PA-server 0
1790390919.244239212 809911 PA-server 0
1790390919.244239212 809912 iou-wrk-809905 0
1790390919.450092146 809905 PA-server 12
1790390919.450092146 809911 PA-server 5
1790390919.450092146 809912 iou-wrk-809905 0
1790390919.450092146 809964 iou-wrk-809911 0
1790390919.658070889 809905 PA-server 25
1790390919.658070889 809911 PA-server 10
1790390919.658070889 809912 iou-wrk-809905 0
1790390919.658070889 809964 iou-wrk-809911 0
1790390919.864551805 809905 PA-server 38
1790390919.864551805 809911 PA-server 15
1790390919.864551805 809912 iou-wrk-809905 0
1790390919.864551805 809964 iou-wrk-809911 0
1790390920.070826991 809905 PA-server 50
1790390920.070826991 809911 PA-server 21
1790390920.070826991 809912 iou-wrk-809905 0
1790390920.070826991 809964 iou-wrk-809911 0
1790390920.277755350 809905 PA-server 64
1790390920.277755350 809911 PA-server 26
1790390920.277755350 809912 iou-wrk-809905 0
1790390920.277755350 809964 iou-wrk-809911 0
1790390920.484019457 809905 PA-server 76
1790390920.484019457 809911 PA-server 31
1790390920.484019457 809912 iou-wrk-809905 0
1790390920.484019457 809964 iou-wrk-809911 0
1790390920.689823141 809905 PA-server 90
1790390920.689823141 809911 PA-server 37
1790390920.689823141 809912 iou-wrk-809905 0
1790390920.689823141 809964 iou-wrk-809911 0
1790390920.896639650 809905 PA-server 102
1790390920.896639650 809911 PA-server 42
1790390920.896639650 809912 iou-wrk-809905 0
1790390920.896639650 809964 iou-wrk-809911 0
1790390921.103157527 809905 PA-server 116
1790390921.103157527 809911 PA-server 47
1790390921.103157527 809912 iou-wrk-809905 0
1790390921.103157527 809964 iou-wrk-809911 0
1790390921.309797486 809905 PA-server 128
1790390921.309797486 809911 PA-server 53
1790390921.309797486 809912 iou-wrk-809905 0
1790390921.309797486 809964 iou-wrk-809911 0
1790390921.517034156 809905 PA-server 142
1790390921.517034156 809911 PA-server 58
1790390921.517034156 809912 iou-wrk-809905 0
1790390921.517034156 809964 iou-wrk-809911 0
1790390921.723781205 809905 PA-server 155
1790390921.723781205 809911 PA-server 63
1790390921.723781205 809912 iou-wrk-809905 0
1790390921.723781205 809964 iou-wrk-809911 0
1790390921.930357643 809905 PA-server 168
1790390921.930357643 809911 PA-server 68
1790390921.930357643 809912 iou-wrk-809905 0
1790390921.930357643 809964 iou-wrk-809911 0
1790390922.137158043 809905 PA-server 180
1790390922.137158043 809911 PA-server 74
1790390922.137158043 809912 iou-wrk-809905 0
1790390922.137158043 809964 iou-wrk-809911 0
1790390922.344162193 809905 PA-server 193
1790390922.344162193 809911 PA-server 79
1790390922.344162193 809912 iou-wrk-809905 0
1790390922.344162193 809964 iou-wrk-809911 0
1790390922.550703651 809905 PA-server 207
1790390922.550703651 809911 PA-server 85
1790390922.550703651 809912 iou-wrk-809905 0
1790390922.550703651 809964 iou-wrk-809911 0
1790390922.757802702 809905 PA-server 219
1790390922.757802702 809911 PA-server 90
1790390922.757802702 809912 iou-wrk-809905 0
1790390922.757802702 809964 iou-wrk-809911 0
1790390922.964800072 809905 PA-server 232
1790390922.964800072 809911 PA-server 96
1790390922.964800072 809912 iou-wrk-809905 0
1790390922.964800072 809964 iou-wrk-809911 0
1790390923.171925674 809905 PA-server 245
1790390923.171925674 809911 PA-server 101
1790390923.171925674 809912 iou-wrk-809905 0
1790390923.171925674 809964 iou-wrk-809911 0
1790390923.378510573 809905 PA-server 258
1790390923.378510573 809911 PA-server 106
1790390923.378510573 809912 iou-wrk-809905 0
1790390923.378510573 809964 iou-wrk-809911 0
1790390923.585679314 809905 PA-server 271
1790390923.585679314 809911 PA-server 112
1790390923.585679314 809912 iou-wrk-809905 0
1790390923.585679314 809964 iou-wrk-809911 0
1790390923.792608425 809905 PA-server 283
1790390923.792608425 809911 PA-server 117
1790390923.792608425 809912 iou-wrk-809905 0
1790390923.792608425 809964 iou-wrk-809911 0
1790390923.999787047 809905 PA-server 297
1790390923.999787047 809911 PA-server 123
1790390923.999787047 809912 iou-wrk-809905 0
1790390923.999787047 809964 iou-wrk-809911 0
1790390924.206797528 809905 PA-server 310
1790390924.206797528 809911 PA-server 128
1790390924.206797528 809912 iou-wrk-809905 0
1790390924.206797528 809964 iou-wrk-809911 0
1790390924.413302577 809905 PA-server 322
1790390924.413302577 809911 PA-server 133
1790390924.413302577 809912 iou-wrk-809905 0
1790390924.413302577 809964 iou-wrk-809911 0
1790390924.620788961 809905 PA-server 336
1790390924.620788961 809911 PA-server 138
1790390924.620788961 809912 iou-wrk-809905 0
1790390924.620788961 809964 iou-wrk-809911 0
1790390924.827589111 809905 PA-server 348
1790390924.827589111 809911 PA-server 144
1790390924.827589111 809912 iou-wrk-809905 0
1790390924.827589111 809964 iou-wrk-809911 0
1790390925.034118230 809905 PA-server 360
1790390925.034118230 809911 PA-server 149
1790390925.034118230 809912 iou-wrk-809905 0
1790390925.034118230 809964 iou-wrk-809911 0
1790390925.240183249 809905 PA-server 374
1790390925.240183249 809911 PA-server 155
1790390925.240183249 809912 iou-wrk-809905 0
1790390925.240183249 809964 iou-wrk-809911 0
1790390925.447118590 809905 PA-server 386
1790390925.447118590 809911 PA-server 160
1790390925.447118590 809912 iou-wrk-809905 0
1790390925.447118590 809964 iou-wrk-809911 0
1790390925.654276413 809905 PA-server 400
1790390925.654276413 809911 PA-server 166
1790390925.654276413 809912 iou-wrk-809905 0
1790390925.654276413 809964 iou-wrk-809911 0
1790390925.861475505 809905 PA-server 412
1790390925.861475505 809911 PA-server 170
1790390925.861475505 809912 iou-wrk-809905 0
1790390925.861475505 809964 iou-wrk-809911 0
1790390926.068737188 809905 PA-server 425
1790390926.068737188 809911 PA-server 176
1790390926.068737188 809912 iou-wrk-809905 0
1790390926.068737188 809964 iou-wrk-809911 0
1790390926.275131728 809905 PA-server 438
1790390926.275131728 809911 PA-server 181
1790390926.275131728 809912 iou-wrk-809905 0
1790390926.275131728 809964 iou-wrk-809911 0
1790390926.481856739 809905 PA-server 452
1790390926.481856739 809911 PA-server 187
1790390926.481856739 809912 iou-wrk-809905 0
1790390926.481856739 809964 iou-wrk-809911 0
1790390926.688917562 809905 PA-server 465
1790390926.688917562 809911 PA-server 193
1790390926.688917562 809912 iou-wrk-809905 0
1790390926.688917562 809964 iou-wrk-809911 0
1790390926.895918204 809905 PA-server 478
1790390926.895918204 809911 PA-server 198
1790390926.895918204 809912 iou-wrk-809905 0
1790390926.895918204 809964 iou-wrk-809911 0
1790390927.103043937 809905 PA-server 490
1790390927.103043937 809911 PA-server 203
1790390927.103043937 809912 iou-wrk-809905 0
1790390927.103043937 809964 iou-wrk-809911 0
1790390927.309658728 809905 PA-server 504
1790390927.309658728 809911 PA-server 209
1790390927.309658728 809912 iou-wrk-809905 0
1790390927.309658728 809964 iou-wrk-809911 0
1790390927.516483771 809905 PA-server 516
1790390927.516483771 809911 PA-server 214
1790390927.516483771 809912 iou-wrk-809905 0
1790390927.516483771 809964 iou-wrk-809911 0
1790390927.723789335 809905 PA-server 530
1790390927.723789335 809911 PA-server 220
1790390927.723789335 809912 iou-wrk-809905 0
1790390927.723789335 809964 iou-wrk-809911 0
1790390927.930498026 809905 PA-server 542
1790390927.930498026 809911 PA-server 225
1790390927.930498026 809912 iou-wrk-809905 0
1790390927.930498026 809964 iou-wrk-809911 0
1790390928.137123488 809905 PA-server 555
1790390928.137123488 809911 PA-server 230
1790390928.137123488 809912 iou-wrk-809905 0
1790390928.137123488 809964 iou-wrk-809911 0
1790390928.344186552 809905 PA-server 568
1790390928.344186552 809911 PA-server 236
1790390928.344186552 809912 iou-wrk-809905 0
1790390928.344186552 809964 iou-wrk-809911 0
1790390928.550562482 809905 PA-server 581
1790390928.550562482 809911 PA-server 241
1790390928.550562482 809912 iou-wrk-809905 0
1790390928.550562482 809964 iou-wrk-809911 0
1790390928.756773102 809905 PA-server 594
1790390928.756773102 809911 PA-server 246
1790390928.756773102 809912 iou-wrk-809905 0
1790390928.756773102 809964 iou-wrk-809911 0
1790390928.963735235 809905 PA-server 607
1790390928.963735235 809911 PA-server 251
1790390928.963735235 809912 iou-wrk-809905 0
1790390928.963735235 809964 iou-wrk-809911 0
1790390929.170508208 809905 PA-server 620
1790390929.170508208 809911 PA-server 258
1790390929.170508208 809912 iou-wrk-809905 0
1790390929.170508208 809964 iou-wrk-809911 0
1790390929.377197531 809905 PA-server 633
1790390929.377197531 809911 PA-server 263
1790390929.377197531 809912 iou-wrk-809905 0
1790390929.377197531 809964 iou-wrk-809911 0
1790390929.583829443 809905 PA-server 646
1790390929.583829443 809911 PA-server 268
1790390929.583829443 809912 iou-wrk-809905 0
1790390929.583829443 809964 iou-wrk-809911 0
1790390929.791170168 809905 PA-server 659
1790390929.791170168 809911 PA-server 273
1790390929.791170168 809912 iou-wrk-809905 0
1790390929.791170168 809964 iou-wrk-809911 0
1790390929.997525790 809905 PA-server 672
1790390929.997525790 809911 PA-server 279
1790390929.997525790 809912 iou-wrk-809905 0
1790390929.997525790 809964 iou-wrk-809911 0
1790390930.203965872 809905 PA-server 685
1790390930.203965872 809911 PA-server 284
1790390930.203965872 809912 iou-wrk-809905 0
1790390930.203965872 809964 iou-wrk-809911 0
