1790391002.219098823 816793 PA-server 0
1790391002.219098823 816799 PA-server 0
1790391002.219098823 816800 iou-wrk-816793 0
1790391002.425316377 816793 PA-server 3
1790391002.425316377 816799 PA-server 13
1790391002.425316377 816800 iou-wrk-816793 0
1790391002.630480037 816793 PA-server 8
1790391002.630480037 816799 PA-server 28
1790391002.630480037 816800 iou-wrk-816793 0
1790391002.835353315 816793 PA-server 12
1790391002.835353315 816799 PA-server 42
1790391002.835353315 816800 iou-wrk-816793 0
1790391003.040155103 816793 PA-server 17
1790391003.040155103 816799 PA-server 57
1790391003.040155103 816800 iou-wrk-816793 0
1790391003.244502900 816793 PA-server 22
1790391003.244502900 816799 PA-server 71
1790391003.244502900 816800 iou-wrk-816793 0
1790391003.449680500 816793 PA-server 26
1790391003.449680500 816799 PA-server 85
1790391003.449680500 816800 iou-wrk-816793 0
1790391003.654994660 816793 PA-server 30
1790391003.654994660 816799 PA-server 100
1790391003.654994660 816800 iou-wrk-816793 0
1790391003.859347337 816793 PA-server 34
1790391003.859347337 816799 PA-server 114
1790391003.859347337 816800 iou-wrk-816793 0
1790391004.063905835 816793 PA-server 39
1790391004.063905835 816799 PA-server 128
1790391004.063905835 816800 iou-wrk-816793 0
1790391004.269008635 816793 PA-server 44
1790391004.269008635 816799 PA-server 143
1790391004.269008635 816800 iou-wrk-816793 0
1790391004.474339796 816793 PA-server 49
1790391004.474339796 816799 PA-server 158
1790391004.474339796 816800 iou-wrk-816793 0
1790391004.679740347 816793 PA-server 54
1790391004.679740347 816799 PA-server 173
1790391004.679740347 816800 iou-wrk-816793 0
1790391004.884783277 816793 PA-server 58
1790391004.884783277 816799 PA-server 187
1790391004.884783277 816800 iou-wrk-816793 0
1790391005.089374936 816793 PA-server 63
1790391005.089374936 816799 PA-server 201
1790391005.089374936 816800 iou-wrk-816793 0
1790391005.294454646 816793 PA-server 67
1790391005.294454646 816799 PA-server 215
1790391005.294454646 816800 iou-wrk-816793 0
1790391005.499131315 816793 PA-server 72
1790391005.499131315 816799 PA-server 230
1790391005.499131315 816800 iou-wrk-816793 0
1790391005.703687203 816793 PA-server 75
1790391005.703687203 816799 PA-server 245
1790391005.703687203 816800 iou-wrk-816793 0
1790391005.908304572 816793 PA-server 80
1790391005.908304572 816799 PA-server 259
1790391005.908304572 816800 iou-wrk-816793 0
1790391006.112927371 816793 PA-server 86
1790391006.112927371 816799 PA-server 275
1790391006.112927371 816800 iou-wrk-816793 0
1790391006.318033402 816793 PA-server 91
1790391006.318033402 816799 PA-server 289
1790391006.318033402 816800 iou-wrk-816793 0
1790391006.523217203 816793 PA-server 95
1790391006.523217203 816799 PA-server 303
1790391006.523217203 816800 iou-wrk-816793 0
1790391006.728989657 816793 PA-server 99
1790391006.728989657 816799 PA-server 318
1790391006.728989657 816800 iou-wrk-816793 0
1790391006.934320829 816793 PA-server 104
1790391006.934320829 816799 PA-server 332
1790391006.934320829 816800 iou-wrk-816793 0
1790391007.138840138 816793 PA-server 108
1790391007.138840138 816799 PA-server 346
1790391007.138840138 816800 iou-wrk-816793 0
1790391007.344048670 816793 PA-server 112
1790391007.344048670 816799 PA-server 361
1790391007.344048670 816800 iou-wrk-816793 0
1790391007.549179131 816793 PA-server 116
1790391007.549179131 816799 PA-server 375
1790391007.549179131 816800 iou-wrk-816793 0
1790391007.754208292 816793 PA-server 120
1790391007.754208292 816799 PA-server 388
1790391007.754208292 816800 iou-wrk-816793 0
1790391007.960010497 816793 PA-server 125
1790391007.960010497 816799 PA-server 403
1790391007.960010497 816800 iou-wrk-816793 0
1790391008.165735541 816793 PA-server 129
1790391008.165735541 816799 PA-server 417
1790391008.165735541 816800 iou-wrk-816793 0
1790391008.371319005 816793 PA-server 133
1790391008.371319005 816799 PA-server 431
1790391008.371319005 816800 iou-wrk-816793 0
1790391008.577282521 816793 PA-server 138
1790391008.577282521 816799 PA-server 446
1790391008.577282521 816800 iou-wrk-816793 0
1790391008.782413573 816793 PA-server 142
1790391008.782413573 816799 PA-server 459
1790391008.782413573 816800 iou-wrk-816793 0
1790391008.987731556 816793 PA-server 146
1790391008.987731556 816799 PA-server 474
1790391008.987731556 816800 iou-wrk-816793 0
1790391009.193595421 816793 PA-server 151
1790391009.193595421 816799 PA-server 488
1790391009.193595421 816800 iou-wrk-816793 0
1790391009.398846634 816793 PA-server 155
1790391009.398846634 816799 PA-server 502
1790391009.398846634 816800 iou-wrk-816793 0
1790391009.604077007 816793 PA-server 159
1790391009.604077007 816799 PA-server 516
1790391009.604077007 816800 iou-wrk-816793 0
1790391009.809280540 816793 PA-server 164
1790391009.809280540 816799 PA-server 531
1790391009.809280540 816800 iou-wrk-816793 0
1790391010.014679573 816793 PA-server 168
1790391010.014679573 816799 PA-server 545
1790391010.014679573 816800 iou-wrk-816793 0
1790391010.220127627 816793 PA-server 172
1790391010.220127627 816799 PA-server 558
1790391010.220127627 816800 iou-wrk-816793 0
1790391010.425501291 816793 PA-server 177
1790391010.425501291 816799 PA-server 573
1790391010.425501291 816800 iou-wrk-816793 0
1790391010.631671318 816793 PA-server 181
1790391010.631671318 816799 PA-server 587
1790391010.631671318 816800 iou-wrk-816793 0
1790391010.836969182 816793 PA-server 185
1790391010.836969182 816799 PA-server 601
1790391010.836969182 816800 iou-wrk-816793 0
1790391011.042324676 816793 PA-server 189
1790391011.042324676 816799 PA-server 616
1790391011.042324676 816800 iou-wrk-816793 0
1790391011.247134478 816793 PA-server 194
1790391011.247134478 816799 PA-server 630
1790391011.247134478 816800 iou-wrk-816793 0
1790391011.452439832 816793 PA-server 198
1790391011.452439832 816799 PA-server 644
1790391011.452439832 816800 iou-wrk-816793 0
1790391011.658057047 816793 PA-server 202
1790391011.658057047 816799 PA-server 658
1790391011.658057047 816800 iou-wrk-816793 0
1790391011.863594952 816793 PA-server 206
1790391011.863594952 816799 PA-server 673
1790391011.863594952 816800 iou-wrk-816793 0
1790391012.068701495 816793 PA-server 211
1790391012.068701495 816799 PA-server 687
1790391012.068701495 816800 iou-wrk-816793 0
1790391012.273861919 816793 PA-server 215
1790391012.273861919 816799 PA-server 701
1790391012.273861919 816800 iou-wrk-816793 0
1790391012.478847162 816793 PA-server 219
1790391012.478847162 816799 PA-server 716
1790391012.478847162 816800 iou-wrk-816793 0
1790391012.684715129 816793 PA-server 223
1790391012.684715129 816799 PA-server 730
1790391012.684715129 816800 iou-wrk-816793 0
1790391012.890443835 816793 PA-server 227
1790391012.890443835 816799 PA-server 744
1790391012.890443835 816800 iou-wrk-816793 0
1790391013.095986541 816793 PA-server 232
1790391013.095986541 816799 PA-server 758
1790391013.095986541 816800 iou-wrk-816793 0
1790391013.301384396 816793 PA-server 235
1790391013.301384396 816799 PA-server 768
1790391013.301384396 816800 iou-wrk-816793 0
