1790391706.668082983 873632 PL-server 0
1790391706.668082983 873638 PL-server 0
1790391706.668082983 873639 iou-wrk-873632 0
1790391706.874512701 873632 PL-server 10
1790391706.874512701 873638 PL-server 10
1790391706.874512701 873639 iou-wrk-873632 0
1790391707.080335307 873632 PL-server 22
1790391707.080335307 873638 PL-server 21
1790391707.080335307 873639 iou-wrk-873632 0
1790391707.285535699 873632 PL-server 32
1790391707.285535699 873638 PL-server 31
1790391707.285535699 873639 iou-wrk-873632 0
1790391707.491055343 873632 PL-server 43
1790391707.491055343 873638 PL-server 41
1790391707.491055343 873639 iou-wrk-873632 0
1790391707.696391626 873632 PL-server 54
1790391707.696391626 873638 PL-server 52
1790391707.696391626 873639 iou-wrk-873632 0
1790391707.901795660 873632 PL-server 65
1790391707.901795660 873638 PL-server 63
1790391707.901795660 873639 iou-wrk-873632 0
1790391708.106536410 873632 PL-server 76
1790391708.106536410 873638 PL-server 73
1790391708.106536410 873639 iou-wrk-873632 0
1790391708.312434856 873632 PL-server 86
1790391708.312434856 873638 PL-server 84
1790391708.312434856 873639 iou-wrk-873632 0
1790391708.517977650 873632 PL-server 97
1790391708.517977650 873638 PL-server 95
1790391708.517977650 873639 iou-wrk-873632 0
1790391708.723190253 873632 PL-server 108
1790391708.723190253 873638 PL-server 106
1790391708.723190253 873639 iou-wrk-873632 0
1790391708.928590426 873632 PL-server 119
1790391708.928590426 873638 PL-server 117
1790391708.928590426 873639 iou-wrk-873632 0
1790391709.134263181 873632 PL-server 131
1790391709.134263181 873638 PL-server 127
1790391709.134263181 873639 iou-wrk-873632 0
1790391709.339725566 873632 PL-server 142
1790391709.339725566 873638 PL-server 138
1790391709.339725566 873639 iou-wrk-873632 0
1790391709.545689732 873632 PL-server 152
1790391709.545689732 873638 PL-server 148
1790391709.545689732 873639 iou-wrk-873632 0
1790391709.751206976 873632 PL-server 163
1790391709.751206976 873638 PL-server 159
1790391709.751206976 873639 iou-wrk-873632 0
1790391709.956201148 873632 PL-server 174
1790391709.956201148 873638 PL-server 170
1790391709.956201148 873639 iou-wrk-873632 0
1790391710.161342130 873632 PL-server 185
1790391710.161342130 873638 PL-server 180
1790391710.161342130 873639 iou-wrk-873632 0
1790391710.366187041 873632 PL-server 196
1790391710.366187041 873638 PL-server 191
1790391710.366187041 873639 iou-wrk-873632 0
1790391710.572056807 873632 PL-server 207
1790391710.572056807 873638 PL-server 202
1790391710.572056807 873639 iou-wrk-873632 0
1790391710.777208180 873632 PL-server 219
1790391710.777208180 873638 PL-server 213
1790391710.777208180 873639 iou-wrk-873632 0
1790391710.982624424 873632 PL-server 229
1790391710.982624424 873638 PL-server 224
1790391710.982624424 873639 iou-wrk-873632 0
1790391711.188173758 873632 PL-server 240
1790391711.188173758 873638 PL-server 234
1790391711.188173758 873639 iou-wrk-873632 0
1790391711.393786083 873632 PL-server 251
1790391711.393786083 873638 PL-server 244
1790391711.393786083 873639 iou-wrk-873632 0
1790391711.598792095 873632 PL-server 262
1790391711.598792095 873638 PL-server 255
1790391711.598792095 873639 iou-wrk-873632 0
1790391711.804120869 873632 PL-server 273
1790391711.804120869 873638 PL-server 266
1790391711.804120869 873639 iou-wrk-873632 0
1790391712.009723533 873632 PL-server 284
1790391712.009723533 873638 PL-server 276
1790391712.009723533 873639 iou-wrk-873632 0
1790391712.215408339 873632 PL-server 295
1790391712.215408339 873638 PL-server 287
1790391712.215408339 873639 iou-wrk-873632 0
1790391712.420895813 873632 PL-server 306
1790391712.420895813 873638 PL-server 298
1790391712.420895813 873639 iou-wrk-873632 0
1790391712.626136216 873632 PL-server 317
1790391712.626136216 873638 PL-server 309
1790391712.626136216 873639 iou-wrk-873632 0
1790391712.831197109 873632 PL-server 328
1790391712.831197109 873638 PL-server 319
1790391712.831197109 873639 iou-wrk-873632 0
1790391713.037207196 873632 PL-server 339
1790391713.037207196 873638 PL-server 330
1790391713.037207196 873639 iou-wrk-873632 0
1790391713.242775501 873632 PL-server 350
1790391713.242775501 873638 PL-server 341
1790391713.242775501 873639 iou-wrk-873632 0
1790391713.448519506 873632 PL-server 361
1790391713.448519506 873638 PL-server 351
1790391713.448519506 873639 iou-wrk-873632 0
1790391713.653692189 873632 PL-server 372
1790391713.653692189 873638 PL-server 362
1790391713.653692189 873639 iou-wrk-873632 0
1790391713.859642856 873632 PL-server 383
1790391713.859642856 873638 PL-server 373
1790391713.859642856 873639 iou-wrk-873632 0
1790391714.065523673 873632 PL-server 394
1790391714.065523673 873638 PL-server 383
1790391714.065523673 873639 iou-wrk-873632 0
1790391714.270868597 873632 PL-server 405
1790391714.270868597 873638 PL-server 394
1790391714.270868597 873639 iou-wrk-873632 0
1790391714.476440642 873632 PL-server 415
1790391714.476440642 873638 PL-server 405
1790391714.476440642 873639 iou-wrk-873632 0
1790391714.682216778 873632 PL-server 427
1790391714.682216778 873638 PL-server 416
1790391714.682216778 873639 iou-wrk-873632 0
1790391714.888163105 873632 PL-server 438
1790391714.888163105 873638 PL-server 426
1790391714.888163105 873639 iou-wrk-873632 0
1790391715.093330828 873632 PL-server 449
1790391715.093330828 873638 PL-server 437
1790391715.093330828 873639 iou-wrk-873632 0
1790391715.298520921 873632 PL-server 460
1790391715.298520921 873638 PL-server 448
1790391715.298520921 873639 iou-wrk-873632 0
1790391715.503139951 873632 PL-server 471
1790391715.503139951 873638 PL-server 459
1790391715.503139951 873639 iou-wrk-873632 0
1790391715.708909118 873632 PL-server 482
1790391715.708909118 873638 PL-server 468
1790391715.708909118 873639 iou-wrk-873632 0
1790391715.913761219 873632 PL-server 493
1790391715.913761219 873638 PL-server 479
1790391715.913761219 873639 iou-wrk-873632 0
1790391716.119093463 873632 PL-server 504
1790391716.119093463 873638 PL-server 490
1790391716.119093463 873639 iou-wrk-873632 0
1790391716.324298916 873632 PL-server 515
1790391716.324298916 873638 PL-server 501
1790391716.324298916 873639 iou-wrk-873632 0
1790391716.529116178 873632 PL-server 526
1790391716.529116178 873638 PL-server 512
1790391716.529116178 873639 iou-wrk-873632 0
1790391716.734347511 873632 PL-server 536
1790391716.734347511 873638 PL-server 522
1790391716.734347511 873639 iou-wrk-873632 0
1790391716.939296003 873632 PL-server 546
1790391716.939296003 873638 PL-server 533
1790391716.939296003 873639 iou-wrk-873632 0
1790391717.144743068 873632 PL-server 557
1790391717.144743068 873638 PL-server 543
1790391717.144743068 873639 iou-wrk-873632 0
1790391717.349270658 873632 PL-server 568
1790391717.349270658 873638 PL-server 554
1790391717.349270658 873639 iou-wrk-873632 0
1790391717.554092750 873632 PL-server 579
1790391717.554092750 873638 PL-server 564
1790391717.554092750 873639 iou-wrk-873632 0
1790391717.759531904 873632 PL-server 587
1790391717.759531904 873638 PL-server 571
1790391717.759531904 873639 iou-wrk-873632 0
