1790391248.059665697 836249 PL-server 0
1790391248.059665697 836255 PL-server 0
1790391248.059665697 836256 iou-wrk-836249 0
1790391248.265715554 836249 PL-server 10
1790391248.265715554 836255 PL-server 9
1790391248.265715554 836256 iou-wrk-836249 0
1790391248.471809651 836249 PL-server 21
1790391248.471809651 836255 PL-server 19
1790391248.471809651 836256 iou-wrk-836249 0
1790391248.677343366 836249 PL-server 32
1790391248.677343366 836255 PL-server 31
1790391248.677343366 836256 iou-wrk-836249 0
1790391248.882345677 836249 PL-server 43
1790391248.882345677 836255 PL-server 42
1790391248.882345677 836256 iou-wrk-836249 0
1790391249.088005413 836249 PL-server 54
1790391249.088005413 836255 PL-server 51
1790391249.088005413 836256 iou-wrk-836249 0
1790391249.293344316 836249 PL-server 64
1790391249.293344316 836255 PL-server 63
1790391249.293344316 836256 iou-wrk-836249 0
1790391249.498703040 836249 PL-server 75
1790391249.498703040 836255 PL-server 73
1790391249.498703040 836256 iou-wrk-836249 0
1790391249.703617742 836249 PL-server 87
1790391249.703617742 836255 PL-server 84
1790391249.703617742 836256 iou-wrk-836249 0
1790391249.908356873 836249 PL-server 98
1790391249.908356873 836255 PL-server 94
1790391249.908356873 836256 iou-wrk-836249 0
1790391250.113772937 836249 PL-server 108
1790391250.113772937 836255 PL-server 105
1790391250.113772937 836256 iou-wrk-836249 0
1790391250.319295302 836249 PL-server 120
1790391250.319295302 836255 PL-server 115
1790391250.319295302 836256 iou-wrk-836249 0
1790391250.524582885 836249 PL-server 131
1790391250.524582885 836255 PL-server 126
1790391250.524582885 836256 iou-wrk-836249 0
1790391250.729759579 836249 PL-server 142
1790391250.729759579 836255 PL-server 137
1790391250.729759579 836256 iou-wrk-836249 0
1790391250.935329804 836249 PL-server 153
1790391250.935329804 836255 PL-server 148
1790391250.935329804 836256 iou-wrk-836249 0
1790391251.139675773 836249 PL-server 164
1790391251.139675773 836255 PL-server 158
1790391251.139675773 836256 iou-wrk-836249 0
1790391251.344959077 836249 PL-server 175
1790391251.344959077 836255 PL-server 169
1790391251.344959077 836256 iou-wrk-836249 0
1790391251.549806699 836249 PL-server 186
1790391251.549806699 836255 PL-server 179
1790391251.549806699 836256 iou-wrk-836249 0
1790391251.754183749 836249 PL-server 197
1790391251.754183749 836255 PL-server 190
1790391251.754183749 836256 iou-wrk-836249 0
1790391251.959543603 836249 PL-server 209
1790391251.959543603 836255 PL-server 201
1790391251.959543603 836256 iou-wrk-836249 0
1790391252.164497056 836249 PL-server 220
1790391252.164497056 836255 PL-server 212
1790391252.164497056 836256 iou-wrk-836249 0
1790391252.370028601 836249 PL-server 231
1790391252.370028601 836255 PL-server 223
1790391252.370028601 836256 iou-wrk-836249 0
1790391252.574579982 836249 PL-server 242
1790391252.574579982 836255 PL-server 233
1790391252.574579982 836256 iou-wrk-836249 0
1790391252.779597795 836249 PL-server 253
1790391252.779597795 836255 PL-server 244
1790391252.779597795 836256 iou-wrk-836249 0
1790391252.984581147 836249 PL-server 264
1790391252.984581147 836255 PL-server 255
1790391252.984581147 836256 iou-wrk-836249 0
1790391253.189287889 836249 PL-server 276
1790391253.189287889 836255 PL-server 266
1790391253.189287889 836256 iou-wrk-836249 0
1790391253.394228382 836249 PL-server 286
1790391253.394228382 836255 PL-server 276
1790391253.394228382 836256 iou-wrk-836249 0
1790391253.598736513 836249 PL-server 297
1790391253.598736513 836255 PL-server 287
1790391253.598736513 836256 iou-wrk-836249 0
1790391253.803583935 836249 PL-server 308
1790391253.803583935 836255 PL-server 298
1790391253.803583935 836256 iou-wrk-836249 0
1790391254.008867710 836249 PL-server 319
1790391254.008867710 836255 PL-server 308
1790391254.008867710 836256 iou-wrk-836249 0
1790391254.214170175 836249 PL-server 330
1790391254.214170175 836255 PL-server 319
1790391254.214170175 836256 iou-wrk-836249 0
1790391254.419313809 836249 PL-server 341
1790391254.419313809 836255 PL-server 330
1790391254.419313809 836256 iou-wrk-836249 0
1790391254.625257287 836249 PL-server 352
1790391254.625257287 836255 PL-server 340
1790391254.625257287 836256 iou-wrk-836249 0
1790391254.830004199 836249 PL-server 363
1790391254.830004199 836255 PL-server 351
1790391254.830004199 836256 iou-wrk-836249 0
1790391255.035613065 836249 PL-server 374
1790391255.035613065 836255 PL-server 361
1790391255.035613065 836256 iou-wrk-836249 0
1790391255.240722569 836249 PL-server 386
1790391255.240722569 836255 PL-server 372
1790391255.240722569 836256 iou-wrk-836249 0
1790391255.445362471 836249 PL-server 396
1790391255.445362471 836255 PL-server 383
1790391255.445362471 836256 iou-wrk-836249 0
1790391255.651129569 836249 PL-server 408
1790391255.651129569 836255 PL-server 393
1790391255.651129569 836256 iou-wrk-836249 0
1790391255.855736740 836249 PL-server 419
1790391255.855736740 836255 PL-server 404
1790391255.855736740 836256 iou-wrk-836249 0
1790391256.061126226 836249 PL-server 429
1790391256.061126226 836255 PL-server 414
1790391256.061126226 836256 iou-wrk-836249 0
1790391256.266362701 836249 PL-server 441
1790391256.266362701 836255 PL-server 426
1790391256.266362701 836256 iou-wrk-836249 0
1790391256.471925618 836249 PL-server 452
1790391256.471925618 836255 PL-server 436
1790391256.471925618 836256 iou-wrk-836249 0
1790391256.676911932 836249 PL-server 463
1790391256.676911932 836255 PL-server 447
1790391256.676911932 836256 iou-wrk-836249 0
1790391256.881708425 836249 PL-server 474
1790391256.881708425 836255 PL-server 458
1790391256.881708425 836256 iou-wrk-836249 0
1790391257.086242616 836249 PL-server 485
1790391257.086242616 836255 PL-server 469
1790391257.086242616 836256 iou-wrk-836249 0
1790391257.292082884 836249 PL-server 496
1790391257.292082884 836255 PL-server 479
1790391257.292082884 836256 iou-wrk-836249 0
1790391257.497094609 836249 PL-server 507
1790391257.497094609 836255 PL-server 489
1790391257.497094609 836256 iou-wrk-836249 0
1790391257.702797816 836249 PL-server 518
1790391257.702797816 836255 PL-server 500
1790391257.702797816 836256 iou-wrk-836249 0
1790391257.907682890 836249 PL-server 528
1790391257.907682890 836255 PL-server 511
1790391257.907682890 836256 iou-wrk-836249 0
1790391258.113523278 836249 PL-server 539
1790391258.113523278 836255 PL-server 522
1790391258.113523278 836256 iou-wrk-836249 0
1790391258.319509377 836249 PL-server 551
1790391258.319509377 836255 PL-server 532
1790391258.319509377 836256 iou-wrk-836249 0
1790391258.524660652 836249 PL-server 561
1790391258.524660652 836255 PL-server 543
1790391258.524660652 836256 iou-wrk-836249 0
1790391258.730017519 836249 PL-server 573
1790391258.730017519 836255 PL-server 553
1790391258.730017519 836256 iou-wrk-836249 0
1790391258.934742712 836249 PL-server 584
1790391258.934742712 836255 PL-server 564
1790391258.934742712 836256 iou-wrk-836249 0
1790391259.140109278 836249 PL-server 591
1790391259.140109278 836255 PL-server 571
1790391259.140109278 836256 iou-wrk-836249 0
