1790391421.538515307 851157 PA-server 0
1790391421.538515307 851163 PA-server 0
1790391421.538515307 851164 iou-wrk-851157 0
1790391421.745120885 851157 PA-server 12
1790391421.745120885 851163 PA-server 12
1790391421.745120885 851164 iou-wrk-851157 0
1790391421.950918509 851157 PA-server 26
1790391421.950918509 851163 PA-server 25
1790391421.950918509 851164 iou-wrk-851157 0
1790391422.156182611 851157 PA-server 39
1790391422.156182611 851163 PA-server 37
1790391422.156182611 851164 iou-wrk-851157 0
1790391422.361389673 851157 PA-server 52
1790391422.361389673 851163 PA-server 51
1790391422.361389673 851164 iou-wrk-851157 0
1790391422.567068667 851157 PA-server 65
1790391422.567068667 851163 PA-server 64
1790391422.567068667 851164 iou-wrk-851157 0
1790391422.772580720 851157 PA-server 79
1790391422.772580720 851163 PA-server 76
1790391422.772580720 851164 iou-wrk-851157 0
1790391422.978012322 851157 PA-server 92
1790391422.978012322 851163 PA-server 90
1790391422.978012322 851164 iou-wrk-851157 0
1790391423.183606896 851157 PA-server 105
1790391423.183606896 851163 PA-server 102
1790391423.183606896 851164 iou-wrk-851157 0
1790391423.389243960 851157 PA-server 119
1790391423.389243960 851163 PA-server 115
1790391423.389243960 851164 iou-wrk-851157 0
1790391423.594639842 851157 PA-server 131
1790391423.594639842 851163 PA-server 127
1790391423.594639842 851164 iou-wrk-851157 0
1790391423.799960015 851157 PA-server 145
1790391423.799960015 851163 PA-server 140
1790391423.799960015 851164 iou-wrk-851157 0
1790391424.004932115 851157 PA-server 158
1790391424.004932115 851163 PA-server 153
1790391424.004932115 851164 iou-wrk-851157 0
1790391424.210460069 851157 PA-server 171
1790391424.210460069 851163 PA-server 166
1790391424.210460069 851164 iou-wrk-851157 0
1790391424.416238354 851157 PA-server 184
1790391424.416238354 851163 PA-server 179
1790391424.416238354 851164 iou-wrk-851157 0
1790391424.621521706 851157 PA-server 197
1790391424.621521706 851163 PA-server 192
1790391424.621521706 851164 iou-wrk-851157 0
1790391424.826787078 851157 PA-server 211
1790391424.826787078 851163 PA-server 205
1790391424.826787078 851164 iou-wrk-851157 0
1790391425.031968730 851157 PA-server 224
1790391425.031968730 851163 PA-server 218
1790391425.031968730 851164 iou-wrk-851157 0
1790391425.237507284 851157 PA-server 237
1790391425.237507284 851163 PA-server 230
1790391425.237507284 851164 iou-wrk-851157 0
1790391425.442558525 851157 PA-server 251
1790391425.442558525 851163 PA-server 243
1790391425.442558525 851164 iou-wrk-851157 0
1790391425.647765367 851157 PA-server 264
1790391425.647765367 851163 PA-server 256
1790391425.647765367 851164 iou-wrk-851157 0
1790391425.853331911 851157 PA-server 277
1790391425.853331911 851163 PA-server 269
1790391425.853331911 851164 iou-wrk-851157 0
1790391426.058726234 851157 PA-server 291
1790391426.058726234 851163 PA-server 282
1790391426.058726234 851164 iou-wrk-851157 0
1790391426.263671525 851157 PA-server 304
1790391426.263671525 851163 PA-server 295
1790391426.263671525 851164 iou-wrk-851157 0
1790391426.468778047 851157 PA-server 317
1790391426.468778047 851163 PA-server 308
1790391426.468778047 851164 iou-wrk-851157 0
1790391426.674114980 851157 PA-server 330
1790391426.674114980 851163 PA-server 321
1790391426.674114980 851164 iou-wrk-851157 0
1790391426.878723860 851157 PA-server 344
1790391426.878723860 851163 PA-server 334
1790391426.878723860 851164 iou-wrk-851157 0
1790391427.084695576 851157 PA-server 357
1790391427.084695576 851163 PA-server 347
1790391427.084695576 851164 iou-wrk-851157 0
1790391427.290542291 851157 PA-server 370
1790391427.290542291 851163 PA-server 359
1790391427.290542291 851164 iou-wrk-851157 0
1790391427.495891525 851157 PA-server 383
1790391427.495891525 851163 PA-server 372
1790391427.495891525 851164 iou-wrk-851157 0
1790391427.701641990 851157 PA-server 396
1790391427.701641990 851163 PA-server 385
1790391427.701641990 851164 iou-wrk-851157 0
1790391427.906474340 851157 PA-server 409
1790391427.906474340 851163 PA-server 398
1790391427.906474340 851164 iou-wrk-851157 0
1790391428.111239941 851157 PA-server 423
1790391428.111239941 851163 PA-server 411
1790391428.111239941 851164 iou-wrk-851157 0
1790391428.316311663 851157 PA-server 437
1790391428.316311663 851163 PA-server 424
1790391428.316311663 851164 iou-wrk-851157 0
1790391428.521914288 851157 PA-server 450
1790391428.521914288 851163 PA-server 437
1790391428.521914288 851164 iou-wrk-851157 0
1790391428.727088020 851157 PA-server 463
1790391428.727088020 851163 PA-server 449
1790391428.727088020 851164 iou-wrk-851157 0
1790391428.932461854 851157 PA-server 476
1790391428.932461854 851163 PA-server 462
1790391428.932461854 851164 iou-wrk-851157 0
1790391429.137443615 851157 PA-server 490
1790391429.137443615 851163 PA-server 475
1790391429.137443615 851164 iou-wrk-851157 0
1790391429.343197351 851157 PA-server 503
1790391429.343197351 851163 PA-server 488
1790391429.343197351 851164 iou-wrk-851157 0
1790391429.548277163 851157 PA-server 516
1790391429.548277163 851163 PA-server 501
1790391429.548277163 851164 iou-wrk-851157 0
1790391429.753152364 851157 PA-server 529
1790391429.753152364 851163 PA-server 514
1790391429.753152364 851164 iou-wrk-851157 0
1790391429.958210277 851157 PA-server 543
1790391429.958210277 851163 PA-server 527
1790391429.958210277 851164 iou-wrk-851157 0
1790391430.163108828 851157 PA-server 556
1790391430.163108828 851163 PA-server 540
1790391430.163108828 851164 iou-wrk-851157 0
1790391430.367904579 851157 PA-server 570
1790391430.367904579 851163 PA-server 553
1790391430.367904579 851164 iou-wrk-851157 0
1790391430.572296408 851157 PA-server 582
1790391430.572296408 851163 PA-server 566
1790391430.572296408 851164 iou-wrk-851157 0
1790391430.776644377 851157 PA-server 595
1790391430.776644377 851163 PA-server 579
1790391430.776644377 851164 iou-wrk-851157 0
1790391430.981976031 851157 PA-server 609
1790391430.981976031 851163 PA-server 592
1790391430.981976031 851164 iou-wrk-851157 0
1790391431.187561956 851157 PA-server 622
1790391431.187561956 851163 PA-server 605
1790391431.187561956 851164 iou-wrk-851157 0
1790391431.392819599 851157 PA-server 636
1790391431.392819599 851163 PA-server 618
1790391431.392819599 851164 iou-wrk-851157 0
1790391431.598306124 851157 PA-server 649
1790391431.598306124 851163 PA-server 631
1790391431.598306124 851164 iou-wrk-851157 0
1790391431.803542687 851157 PA-server 662
1790391431.803542687 851163 PA-server 643
1790391431.803542687 851164 iou-wrk-851157 0
1790391432.008212788 851157 PA-server 675
1790391432.008212788 851163 PA-server 656
1790391432.008212788 851164 iou-wrk-851157 0
1790391432.213010679 851157 PA-server 688
1790391432.213010679 851163 PA-server 669
1790391432.213010679 851164 iou-wrk-851157 0
1790391432.417642730 851157 PA-server 702
1790391432.417642730 851163 PA-server 682
1790391432.417642730 851164 iou-wrk-851157 0
1790391432.623121615 851157 PA-server 710
1790391432.623121615 851163 PA-server 690
1790391432.623121615 851164 iou-wrk-851157 0
