1790391259.404898244 837263 WSL-server 0
1790391259.404898244 837269 WSL-server 0
1790391259.404898244 837270 iou-wrk-837269 0
1790391259.611227265 837263 WSL-server 9
1790391259.611227265 837269 WSL-server 9
1790391259.611227265 837270 iou-wrk-837269 0
1790391259.611227265 837324 iou-wrk-837263 0
1790391259.818289669 837263 WSL-server 19
1790391259.818289669 837269 WSL-server 18
1790391259.818289669 837270 iou-wrk-837269 0
1790391259.818289669 837324 iou-wrk-837263 0
1790391260.025413364 837263 WSL-server 30
1790391260.025413364 837269 WSL-server 28
1790391260.025413364 837270 iou-wrk-837269 0
1790391260.025413364 837324 iou-wrk-837263 0
1790391260.232666190 837263 WSL-server 39
1790391260.232666190 837269 WSL-server 37
1790391260.232666190 837270 iou-wrk-837269 0
1790391260.232666190 837324 iou-wrk-837263 0
1790391260.439414233 837263 WSL-server 49
1790391260.439414233 837269 WSL-server 46
1790391260.439414233 837270 iou-wrk-837269 0
1790391260.439414233 837324 iou-wrk-837263 0
1790391260.646480978 837263 WSL-server 60
1790391260.646480978 837269 WSL-server 55
1790391260.646480978 837270 iou-wrk-837269 0
1790391260.646480978 837324 iou-wrk-837263 0
1790391260.853334041 837263 WSL-server 70
1790391260.853334041 837269 WSL-server 64
1790391260.853334041 837270 iou-wrk-837269 0
1790391260.853334041 837324 iou-wrk-837263 0
1790391261.060373886 837263 WSL-server 80
1790391261.060373886 837269 WSL-server 74
1790391261.060373886 837270 iou-wrk-837269 0
1790391261.060373886 837324 iou-wrk-837263 0
1790391261.267368041 837263 WSL-server 90
1790391261.267368041 837269 WSL-server 83
1790391261.267368041 837270 iou-wrk-837269 0
1790391261.267368041 837324 iou-wrk-837263 0
1790391261.474308665 837263 WSL-server 101
1790391261.474308665 837269 WSL-server 93
1790391261.474308665 837270 iou-wrk-837269 0
1790391261.474308665 837324 iou-wrk-837263 0
1790391261.680856407 837263 WSL-server 111
1790391261.680856407 837269 WSL-server 102
1790391261.680856407 837270 iou-wrk-837269 0
1790391261.680856407 837324 iou-wrk-837263 0
1790391261.887533370 837263 WSL-server 120
1790391261.887533370 837269 WSL-server 111
1790391261.887533370 837270 iou-wrk-837269 0
1790391261.887533370 837324 iou-wrk-837263 0
1790391262.093783792 837263 WSL-server 131
1790391262.093783792 837269 WSL-server 120
1790391262.093783792 837270 iou-wrk-837269 0
1790391262.093783792 837324 iou-wrk-837263 0
1790391262.300607726 837263 WSL-server 142
1790391262.300607726 837269 WSL-server 130
1790391262.300607726 837270 iou-wrk-837269 0
1790391262.300607726 837324 iou-wrk-837263 0
1790391262.506647396 837263 WSL-server 151
1790391262.506647396 837269 WSL-server 139
1790391262.506647396 837270 iou-wrk-837269 0
1790391262.506647396 837324 iou-wrk-837263 0
1790391262.712452695 837263 WSL-server 162
1790391262.712452695 837269 WSL-server 148
1790391262.712452695 837270 iou-wrk-837269 0
1790391262.712452695 837324 iou-wrk-837263 0
1790391262.918989518 837263 WSL-server 172
1790391262.918989518 837269 WSL-server 158
1790391262.918989518 837270 iou-wrk-837269 0
1790391262.918989518 837324 iou-wrk-837263 0
1790391263.125928573 837263 WSL-server 183
1790391263.125928573 837269 WSL-server 167
1790391263.125928573 837270 iou-wrk-837269 0
1790391263.125928573 837324 iou-wrk-837263 0
1790391263.332545016 837263 WSL-server 193
1790391263.332545016 837269 WSL-server 176
1790391263.332545016 837270 iou-wrk-837269 0
1790391263.332545016 837324 iou-wrk-837263 0
1790391263.539010299 837263 WSL-server 203
1790391263.539010299 837269 WSL-server 185
1790391263.539010299 837270 iou-wrk-837269 0
1790391263.539010299 837324 iou-wrk-837263 0
1790391263.745028049 837263 WSL-server 214
1790391263.745028049 837269 WSL-server 194
1790391263.745028049 837270 iou-wrk-837269 0
1790391263.745028049 837324 iou-wrk-837263 0
1790391263.951284991 837263 WSL-server 224
1790391263.951284991 837269 WSL-server 204
1790391263.951284991 837270 iou-wrk-837269 0
1790391263.951284991 837324 iou-wrk-837263 0
1790391264.157526263 837263 WSL-server 234
1790391264.157526263 837269 WSL-server 213
1790391264.157526263 837270 iou-wrk-837269 0
1790391264.157526263 837324 iou-wrk-837263 0
1790391264.364643809 837263 WSL-server 244
1790391264.364643809 837269 WSL-server 222
1790391264.364643809 837270 iou-wrk-837269 0
1790391264.364643809 837324 iou-wrk-837263 0
1790391264.571060111 837263 WSL-server 255
1790391264.571060111 837269 WSL-server 232
1790391264.571060111 837270 iou-wrk-837269 0
1790391264.571060111 837324 iou-wrk-837263 0
1790391264.777563714 837263 WSL-server 265
1790391264.777563714 837269 WSL-server 241
1790391264.777563714 837270 iou-wrk-837269 0
1790391264.777563714 837324 iou-wrk-837263 0
1790391264.983916027 837263 WSL-server 275
1790391264.983916027 837269 WSL-server 250
1790391264.983916027 837270 iou-wrk-837269 0
1790391264.983916027 837324 iou-wrk-837263 0
1790391265.190691551 837263 WSL-server 285
1790391265.190691551 837269 WSL-server 259
1790391265.190691551 837270 iou-wrk-837269 0
1790391265.190691551 837324 iou-wrk-837263 0
1790391265.396761112 837263 WSL-server 295
1790391265.396761112 837269 WSL-server 269
1790391265.396761112 837270 iou-wrk-837269 0
1790391265.396761112 837324 iou-wrk-837263 0
1790391265.603113235 837263 WSL-server 306
1790391265.603113235 837269 WSL-server 278
1790391265.603113235 837270 iou-wrk-837269 0
1790391265.603113235 837324 iou-wrk-837263 0
1790391265.809028296 837263 WSL-server 316
1790391265.809028296 837269 WSL-server 287
1790391265.809028296 837270 iou-wrk-837269 0
1790391265.809028296 837324 iou-wrk-837263 0
1790391266.015611139 837263 WSL-server 325
1790391266.015611139 837269 WSL-server 297
1790391266.015611139 837270 iou-wrk-837269 0
1790391266.015611139 837324 iou-wrk-837263 0
1790391266.221870342 837263 WSL-server 336
1790391266.221870342 837269 WSL-server 306
1790391266.221870342 837270 iou-wrk-837269 0
1790391266.221870342 837324 iou-wrk-837263 0
1790391266.428001484 837263 WSL-server 346
1790391266.428001484 837269 WSL-server 316
1790391266.428001484 837270 iou-wrk-837269 0
1790391266.428001484 837324 iou-wrk-837263 0
1790391266.635070080 837263 WSL-server 356
1790391266.635070080 837269 WSL-server 325
1790391266.635070080 837270 iou-wrk-837269 0
1790391266.635070080 837324 iou-wrk-837263 0
1790391266.841873115 837263 WSL-server 365
1790391266.841873115 837269 WSL-server 335
1790391266.841873115 837270 iou-wrk-837269 0
1790391266.841873115 837324 iou-wrk-837263 0
1790391267.048384629 837263 WSL-server 376
1790391267.048384629 837269 WSL-server 344
1790391267.048384629 837270 iou-wrk-837269 0
1790391267.048384629 837324 iou-wrk-837263 0
1790391267.254603811 837263 WSL-server 385
1790391267.254603811 837269 WSL-server 353
1790391267.254603811 837270 iou-wrk-837269 0
1790391267.254603811 837324 iou-wrk-837263 0
1790391267.461391086 837263 WSL-server 396
1790391267.461391086 837269 WSL-server 362
1790391267.461391086 837270 iou-wrk-837269 0
1790391267.461391086 837324 iou-wrk-837263 0
1790391267.667989820 837263 WSL-server 406
1790391267.667989820 837269 WSL-server 371
1790391267.667989820 837270 iou-wrk-837269 0
1790391267.667989820 837324 iou-wrk-837263 0
1790391267.875582070 837263 WSL-server 415
1790391267.875582070 837269 WSL-server 381
1790391267.875582070 837270 iou-wrk-837269 0
1790391267.875582070 837324 iou-wrk-837263 0
1790391268.082161834 837263 WSL-server 426
1790391268.082161834 837269 WSL-server 391
1790391268.082161834 837270 iou-wrk-837269 0
1790391268.082161834 837324 iou-wrk-837263 0
1790391268.288697168 837263 WSL-server 437
1790391268.288697168 837269 WSL-server 400
1790391268.288697168 837270 iou-wrk-837269 0
1790391268.288697168 837324 iou-wrk-837263 0
1790391268.495663784 837263 WSL-server 447
1790391268.495663784 837269 WSL-server 409
1790391268.495663784 837270 iou-wrk-837269 0
1790391268.495663784 837324 iou-wrk-837263 0
1790391268.702329749 837263 WSL-server 458
1790391268.702329749 837269 WSL-server 419
1790391268.702329749 837270 iou-wrk-837269 0
1790391268.702329749 837324 iou-wrk-837263 0
1790391268.908976794 837263 WSL-server 468
1790391268.908976794 837269 WSL-server 428
1790391268.908976794 837270 iou-wrk-837269 0
1790391268.908976794 837324 iou-wrk-837263 0
1790391269.115578509 837263 WSL-server 477
1790391269.115578509 837269 WSL-server 438
1790391269.115578509 837270 iou-wrk-837269 0
1790391269.115578509 837324 iou-wrk-837263 0
1790391269.321928032 837263 WSL-server 488
1790391269.321928032 837269 WSL-server 447
1790391269.321928032 837270 iou-wrk-837269 0
1790391269.321928032 837324 iou-wrk-837263 0
1790391269.529020339 837263 WSL-server 498
1790391269.529020339 837269 WSL-server 456
1790391269.529020339 837270 iou-wrk-837269 0
1790391269.529020339 837324 iou-wrk-837263 0
1790391269.735620234 837263 WSL-server 508
1790391269.735620234 837269 WSL-server 465
1790391269.735620234 837270 iou-wrk-837269 0
1790391269.735620234 837324 iou-wrk-837263 0
1790391269.942756071 837263 WSL-server 517
1790391269.942756071 837269 WSL-server 475
1790391269.942756071 837270 iou-wrk-837269 0
1790391269.942756071 837324 iou-wrk-837263 0
1790391270.149784618 837263 WSL-server 528
1790391270.149784618 837269 WSL-server 484
1790391270.149784618 837270 iou-wrk-837269 0
1790391270.149784618 837324 iou-wrk-837263 0
1790391270.356633245 837263 WSL-server 538
1790391270.356633245 837269 WSL-server 493
1790391270.356633245 837270 iou-wrk-837269 0
1790391270.356633245 837324 iou-wrk-837263 0
