1790391298.382327920 840825 PA-server 0
1790391298.382327920 840831 PA-server 0
1790391298.382327920 840832 iou-wrk-840825 0
1790391298.588393900 840825 PA-server 19
1790391298.588393900 840831 PA-server 7
1790391298.588393900 840832 iou-wrk-840825 0
1790391298.794372079 840825 PA-server 39
1790391298.794372079 840831 PA-server 12
1790391298.794372079 840832 iou-wrk-840825 0
1790391298.999645075 840825 PA-server 59
1790391298.999645075 840831 PA-server 17
1790391298.999645075 840832 iou-wrk-840825 0
1790391299.204608369 840825 PA-server 80
1790391299.204608369 840831 PA-server 22
1790391299.204608369 840832 iou-wrk-840825 0
1790391299.409925925 840825 PA-server 100
1790391299.409925925 840831 PA-server 27
1790391299.409925925 840832 iou-wrk-840825 0
1790391299.615656213 840825 PA-server 121
1790391299.615656213 840831 PA-server 32
1790391299.615656213 840832 iou-wrk-840825 0
1790391299.821028110 840825 PA-server 140
1790391299.821028110 840831 PA-server 37
1790391299.821028110 840832 iou-wrk-840825 0
1790391300.026726797 840825 PA-server 161
1790391300.026726797 840831 PA-server 42
1790391300.026726797 840832 iou-wrk-840825 0
1790391300.232308795 840825 PA-server 181
1790391300.232308795 840831 PA-server 47
1790391300.232308795 840832 iou-wrk-840825 0
1790391300.437251430 840825 PA-server 201
1790391300.437251430 840831 PA-server 52
1790391300.437251430 840832 iou-wrk-840825 0
1790391300.642198904 840825 PA-server 221
1790391300.642198904 840831 PA-server 57
1790391300.642198904 840832 iou-wrk-840825 0
1790391300.848213574 840825 PA-server 241
1790391300.848213574 840831 PA-server 62
1790391300.848213574 840832 iou-wrk-840825 0
1790391301.053790401 840825 PA-server 261
1790391301.053790401 840831 PA-server 68
1790391301.053790401 840832 iou-wrk-840825 0
1790391301.258807577 840825 PA-server 283
1790391301.258807577 840831 PA-server 72
1790391301.258807577 840832 iou-wrk-840825 0
1790391301.464542095 840825 PA-server 303
1790391301.464542095 840831 PA-server 78
1790391301.464542095 840832 iou-wrk-840825 0
1790391301.670284674 840825 PA-server 323
1790391301.670284674 840831 PA-server 83
1790391301.670284674 840832 iou-wrk-840825 0
1790391301.875732071 840825 PA-server 343
1790391301.875732071 840831 PA-server 88
1790391301.875732071 840832 iou-wrk-840825 0
1790391302.081274379 840825 PA-server 363
1790391302.081274379 840831 PA-server 93
1790391302.081274379 840832 iou-wrk-840825 0
1790391302.287258579 840825 PA-server 384
1790391302.287258579 840831 PA-server 97
1790391302.287258579 840832 iou-wrk-840825 0
1790391302.492974137 840825 PA-server 403
1790391302.492974137 840831 PA-server 102
1790391302.492974137 840832 iou-wrk-840825 0
1790391302.698749196 840825 PA-server 423
1790391302.698749196 840831 PA-server 108
1790391302.698749196 840832 iou-wrk-840825 0
1790391302.904131474 840825 PA-server 444
1790391302.904131474 840831 PA-server 113
1790391302.904131474 840832 iou-wrk-840825 0
1790391303.109948023 840825 PA-server 465
1790391303.109948023 840831 PA-server 118
1790391303.109948023 840832 iou-wrk-840825 0
1790391303.315399910 840825 PA-server 484
1790391303.315399910 840831 PA-server 123
1790391303.315399910 840832 iou-wrk-840825 0
1790391303.520748478 840825 PA-server 505
1790391303.520748478 840831 PA-server 129
1790391303.520748478 840832 iou-wrk-840825 0
1790391303.726449897 840825 PA-server 525
1790391303.726449897 840831 PA-server 133
1790391303.726449897 840832 iou-wrk-840825 0
1790391303.932189696 840825 PA-server 545
1790391303.932189696 840831 PA-server 138
1790391303.932189696 840832 iou-wrk-840825 0
1790391304.136996070 840825 PA-server 566
1790391304.136996070 840831 PA-server 143
1790391304.136996070 840832 iou-wrk-840825 0
1790391304.343105811 840825 PA-server 586
1790391304.343105811 840831 PA-server 148
1790391304.343105811 840832 iou-wrk-840825 0
1790391304.548421399 840825 PA-server 607
1790391304.548421399 840831 PA-server 154
1790391304.548421399 840832 iou-wrk-840825 0
1790391304.754253318 840825 PA-server 626
1790391304.754253318 840831 PA-server 159
1790391304.754253318 840832 iou-wrk-840825 0
1790391304.959491445 840825 PA-server 647
1790391304.959491445 840831 PA-server 164
1790391304.959491445 840832 iou-wrk-840825 0
1790391305.164898103 840825 PA-server 667
1790391305.164898103 840831 PA-server 168
1790391305.164898103 840832 iou-wrk-840825 0
1790391305.369941829 840825 PA-server 687
1790391305.369941829 840831 PA-server 174
1790391305.369941829 840832 iou-wrk-840825 0
1790391305.575571678 840825 PA-server 707
1790391305.575571678 840831 PA-server 179
1790391305.575571678 840832 iou-wrk-840825 0
1790391305.780766815 840825 PA-server 728
1790391305.780766815 840831 PA-server 184
1790391305.780766815 840832 iou-wrk-840825 0
1790391305.985396900 840825 PA-server 748
1790391305.985396900 840831 PA-server 189
1790391305.985396900 840832 iou-wrk-840825 0
1790391306.191018279 840825 PA-server 768
1790391306.191018279 840831 PA-server 194
1790391306.191018279 840832 iou-wrk-840825 0
1790391306.395919305 840825 PA-server 788
1790391306.395919305 840831 PA-server 199
1790391306.395919305 840832 iou-wrk-840825 0
1790391306.601512234 840825 PA-server 808
1790391306.601512234 840831 PA-server 204
1790391306.601512234 840832 iou-wrk-840825 0
1790391306.807596445 840825 PA-server 828
1790391306.807596445 840831 PA-server 210
1790391306.807596445 840832 iou-wrk-840825 0
1790391307.012592721 840825 PA-server 849
1790391307.012592721 840831 PA-server 215
1790391307.012592721 840832 iou-wrk-840825 0
1790391307.218194501 840825 PA-server 869
1790391307.218194501 840831 PA-server 220
1790391307.218194501 840832 iou-wrk-840825 0
1790391307.423801920 840825 PA-server 889
1790391307.423801920 840831 PA-server 224
1790391307.423801920 840832 iou-wrk-840825 0
1790391307.629112058 840825 PA-server 909
1790391307.629112058 840831 PA-server 229
1790391307.629112058 840832 iou-wrk-840825 0
1790391307.834401826 840825 PA-server 930
1790391307.834401826 840831 PA-server 235
1790391307.834401826 840832 iou-wrk-840825 0
1790391308.040005615 840825 PA-server 950
1790391308.040005615 840831 PA-server 240
1790391308.040005615 840832 iou-wrk-840825 0
1790391308.245578165 840825 PA-server 971
1790391308.245578165 840831 PA-server 245
1790391308.245578165 840832 iou-wrk-840825 0
1790391308.451605246 840825 PA-server 991
1790391308.451605246 840831 PA-server 250
1790391308.451605246 840832 iou-wrk-840825 0
1790391308.656947915 840825 PA-server 1011
1790391308.656947915 840831 PA-server 256
1790391308.656947915 840832 iou-wrk-840825 0
1790391308.862825956 840825 PA-server 1031
1790391308.862825956 840831 PA-server 260
1790391308.862825956 840832 iou-wrk-840825 0
1790391309.068391625 840825 PA-server 1051
1790391309.068391625 840831 PA-server 265
1790391309.068391625 840832 iou-wrk-840825 0
1790391309.274083345 840825 PA-server 1072
1790391309.274083345 840831 PA-server 270
1790391309.274083345 840832 iou-wrk-840825 0
1790391309.479420214 840825 PA-server 1084
1790391309.479420214 840831 PA-server 274
1790391309.479420214 840832 iou-wrk-840825 0
1790391309.685464096 840825 PA-server 1084
1790391309.685464096 840831 PA-server 274
1790391309.685464096 840832 iou-wrk-840825 0
