1790390935.481933274 811177 PA-server 0
1790390935.481933274 811183 PA-server 0
1790390935.481933274 811184 iou-wrk-811177 0
1790390935.688010897 811177 PA-server 15
1790390935.688010897 811183 PA-server 14
1790390935.688010897 811184 iou-wrk-811177 0
1790390935.893016635 811177 PA-server 30
1790390935.893016635 811183 PA-server 29
1790390935.893016635 811184 iou-wrk-811177 0
1790390936.098324615 811177 PA-server 44
1790390936.098324615 811183 PA-server 42
1790390936.098324615 811184 iou-wrk-811177 0
1790390936.302915203 811177 PA-server 58
1790390936.302915203 811183 PA-server 56
1790390936.302915203 811184 iou-wrk-811177 0
1790390936.507448490 811177 PA-server 72
1790390936.507448490 811183 PA-server 70
1790390936.507448490 811184 iou-wrk-811177 0
1790390936.711690925 811177 PA-server 86
1790390936.711690925 811183 PA-server 83
1790390936.711690925 811184 iou-wrk-811177 0
1790390936.915918181 811177 PA-server 100
1790390936.915918181 811183 PA-server 97
1790390936.915918181 811184 iou-wrk-811177 0
1790390937.120373308 811177 PA-server 114
1790390937.120373308 811183 PA-server 109
1790390937.120373308 811184 iou-wrk-811177 0
1790390937.325175807 811177 PA-server 128
1790390937.325175807 811183 PA-server 123
1790390937.325175807 811184 iou-wrk-811177 0
1790390937.529375693 811177 PA-server 142
1790390937.529375693 811183 PA-server 136
1790390937.529375693 811184 iou-wrk-811177 0
1790390937.733722270 811177 PA-server 156
1790390937.733722270 811183 PA-server 150
1790390937.733722270 811184 iou-wrk-811177 0
1790390937.938096487 811177 PA-server 169
1790390937.938096487 811183 PA-server 163
1790390937.938096487 811184 iou-wrk-811177 0
1790390938.142761445 811177 PA-server 184
1790390938.142761445 811183 PA-server 176
1790390938.142761445 811184 iou-wrk-811177 0
1790390938.346974032 811177 PA-server 198
1790390938.346974032 811183 PA-server 189
1790390938.346974032 811184 iou-wrk-811177 0
1790390938.551491750 811177 PA-server 212
1790390938.551491750 811183 PA-server 203
1790390938.551491750 811184 iou-wrk-811177 0
1790390938.756117198 811177 PA-server 225
1790390938.756117198 811183 PA-server 217
1790390938.756117198 811184 iou-wrk-811177 0
1790390938.960755006 811177 PA-server 240
1790390938.960755006 811183 PA-server 229
1790390938.960755006 811184 iou-wrk-811177 0
1790390939.165202895 811177 PA-server 253
1790390939.165202895 811183 PA-server 243
1790390939.165202895 811184 iou-wrk-811177 0
1790390939.369330591 811177 PA-server 267
1790390939.369330591 811183 PA-server 257
1790390939.369330591 811184 iou-wrk-811177 0
1790390939.574051150 811177 PA-server 281
1790390939.574051150 811183 PA-server 269
1790390939.574051150 811184 iou-wrk-811177 0
1790390939.778225637 811177 PA-server 295
1790390939.778225637 811183 PA-server 283
1790390939.778225637 811184 iou-wrk-811177 0
1790390939.982716636 811177 PA-server 309
1790390939.982716636 811183 PA-server 296
1790390939.982716636 811184 iou-wrk-811177 0
1790390940.186989944 811177 PA-server 323
1790390940.186989944 811183 PA-server 310
1790390940.186989944 811184 iou-wrk-811177 0
1790390940.391455902 811177 PA-server 337
1790390940.391455902 811183 PA-server 323
1790390940.391455902 811184 iou-wrk-811177 0
1790390940.595783820 811177 PA-server 351
1790390940.595783820 811183 PA-server 336
1790390940.595783820 811184 iou-wrk-811177 0
1790390940.799982468 811177 PA-server 365
1790390940.799982468 811183 PA-server 349
1790390940.799982468 811184 iou-wrk-811177 0
1790390941.004380386 811177 PA-server 379
1790390941.004380386 811183 PA-server 362
1790390941.004380386 811184 iou-wrk-811177 0
1790390941.209043346 811177 PA-server 392
1790390941.209043346 811183 PA-server 376
1790390941.209043346 811184 iou-wrk-811177 0
1790390941.414001558 811177 PA-server 406
1790390941.414001558 811183 PA-server 389
1790390941.414001558 811184 iou-wrk-811177 0
1790390941.618763768 811177 PA-server 421
1790390941.618763768 811183 PA-server 405
1790390941.618763768 811184 iou-wrk-811177 0
1790390941.823818080 811177 PA-server 435
1790390941.823818080 811183 PA-server 418
1790390941.823818080 811184 iou-wrk-811177 0
1790390942.028977222 811177 PA-server 449
1790390942.028977222 811183 PA-server 432
1790390942.028977222 811184 iou-wrk-811177 0
1790390942.233462981 811177 PA-server 463
1790390942.233462981 811183 PA-server 445
1790390942.233462981 811184 iou-wrk-811177 0
1790390942.438176982 811177 PA-server 477
1790390942.438176982 811183 PA-server 458
1790390942.438176982 811184 iou-wrk-811177 0
1790390942.643698756 811177 PA-server 494
1790390942.643698756 811183 PA-server 475
1790390942.643698756 811184 iou-wrk-811177 0
1790390942.848513637 811177 PA-server 508
1790390942.848513637 811183 PA-server 489
1790390942.848513637 811184 iou-wrk-811177 0
1790390943.052880207 811177 PA-server 521
1790390943.052880207 811183 PA-server 502
1790390943.052880207 811184 iou-wrk-811177 0
1790390943.257531467 811177 PA-server 535
1790390943.257531467 811183 PA-server 515
1790390943.257531467 811184 iou-wrk-811177 0
1790390943.461843007 811177 PA-server 549
1790390943.461843007 811183 PA-server 529
1790390943.461843007 811184 iou-wrk-811177 0
1790390943.667396072 811177 PA-server 563
1790390943.667396072 811183 PA-server 542
1790390943.667396072 811184 iou-wrk-811177 0
1790390943.873246577 811177 PA-server 580
1790390943.873246577 811183 PA-server 558
1790390943.873246577 811184 iou-wrk-811177 0
1790390944.078356140 811177 PA-server 593
1790390944.078356140 811183 PA-server 571
1790390944.078356140 811184 iou-wrk-811177 0
1790390944.283583874 811177 PA-server 607
1790390944.283583874 811183 PA-server 583
1790390944.283583874 811184 iou-wrk-811177 0
1790390944.488565867 811177 PA-server 620
1790390944.488565867 811183 PA-server 596
1790390944.488565867 811184 iou-wrk-811177 0
1790390944.693808961 811177 PA-server 634
1790390944.693808961 811183 PA-server 610
1790390944.693808961 811184 iou-wrk-811177 0
1790390944.898740333 811177 PA-server 647
1790390944.898740333 811183 PA-server 623
1790390944.898740333 811184 iou-wrk-811177 0
1790390945.103419925 811177 PA-server 661
1790390945.103419925 811183 PA-server 636
1790390945.103419925 811184 iou-wrk-811177 0
1790390945.308903970 811177 PA-server 675
1790390945.308903970 811183 PA-server 649
1790390945.308903970 811184 iou-wrk-811177 0
1790390945.513578032 811177 PA-server 689
1790390945.513578032 811183 PA-server 663
1790390945.513578032 811184 iou-wrk-811177 0
1790390945.719039957 811177 PA-server 702
1790390945.719039957 811183 PA-server 675
1790390945.719039957 811184 iou-wrk-811177 0
1790390945.924471072 811177 PA-server 716
1790390945.924471072 811183 PA-server 689
1790390945.924471072 811184 iou-wrk-811177 0
1790390946.129820137 811177 PA-server 729
1790390946.129820137 811183 PA-server 701
1790390946.129820137 811184 iou-wrk-811177 0
1790390946.334831471 811177 PA-server 743
1790390946.334831471 811183 PA-server 715
1790390946.334831471 811184 iou-wrk-811177 0
1790390946.540019986 811177 PA-server 754
1790390946.540019986 811183 PA-server 725
1790390946.540019986 811184 iou-wrk-811177 0
1790390946.745604662 811177 PA-server 754
1790390946.745604662 811183 PA-server 725
1790390946.745604662 811184 iou-wrk-811177 0
