1790391382.506944223 847594 PA-server 0
1790391382.506944223 847600 PA-server 0
1790391382.506944223 847601 iou-wrk-847594 0
1790391382.713555943 847594 PA-server 12
1790391382.713555943 847600 PA-server 3
1790391382.713555943 847601 iou-wrk-847594 0
1790391382.713555943 847655 iou-wrk-847600 0
1790391382.919988533 847594 PA-server 27
1790391382.919988533 847600 PA-server 8
1790391382.919988533 847601 iou-wrk-847594 0
1790391382.919988533 847655 iou-wrk-847600 0
1790391383.126623974 847594 PA-server 40
1790391383.126623974 847600 PA-server 12
1790391383.126623974 847601 iou-wrk-847594 0
1790391383.126623974 847655 iou-wrk-847600 0
1790391383.333026664 847594 PA-server 54
1790391383.333026664 847600 PA-server 16
1790391383.333026664 847601 iou-wrk-847594 0
1790391383.333026664 847655 iou-wrk-847600 0
1790391383.538920191 847594 PA-server 67
1790391383.538920191 847600 PA-server 20
1790391383.538920191 847601 iou-wrk-847594 0
1790391383.538920191 847655 iou-wrk-847600 0
1790391383.744511257 847594 PA-server 80
1790391383.744511257 847600 PA-server 25
1790391383.744511257 847601 iou-wrk-847594 0
1790391383.744511257 847655 iou-wrk-847600 0
1790391383.950249014 847594 PA-server 95
1790391383.950249014 847600 PA-server 30
1790391383.950249014 847601 iou-wrk-847594 0
1790391383.950249014 847655 iou-wrk-847600 0
1790391384.157706088 847594 PA-server 108
1790391384.157706088 847600 PA-server 34
1790391384.157706088 847601 iou-wrk-847594 0
1790391384.157706088 847655 iou-wrk-847600 0
1790391384.364164659 847594 PA-server 121
1790391384.364164659 847600 PA-server 38
1790391384.364164659 847601 iou-wrk-847594 0
1790391384.364164659 847655 iou-wrk-847600 0
1790391384.571460563 847594 PA-server 135
1790391384.571460563 847600 PA-server 42
1790391384.571460563 847601 iou-wrk-847594 0
1790391384.571460563 847655 iou-wrk-847600 0
1790391384.778702117 847594 PA-server 149
1790391384.778702117 847600 PA-server 46
1790391384.778702117 847601 iou-wrk-847594 0
1790391384.778702117 847655 iou-wrk-847600 0
1790391384.985790060 847594 PA-server 162
1790391384.985790060 847600 PA-server 50
1790391384.985790060 847601 iou-wrk-847594 0
1790391384.985790060 847655 iou-wrk-847600 0
1790391385.192166381 847594 PA-server 175
1790391385.192166381 847600 PA-server 55
1790391385.192166381 847601 iou-wrk-847594 0
1790391385.192166381 847655 iou-wrk-847600 0
1790391385.398290519 847594 PA-server 189
1790391385.398290519 847600 PA-server 59
1790391385.398290519 847601 iou-wrk-847594 0
1790391385.398290519 847655 iou-wrk-847600 0
1790391385.605566424 847594 PA-server 202
1790391385.605566424 847600 PA-server 63
1790391385.605566424 847601 iou-wrk-847594 0
1790391385.605566424 847655 iou-wrk-847600 0
1790391385.812342866 847594 PA-server 215
1790391385.812342866 847600 PA-server 68
1790391385.812342866 847601 iou-wrk-847594 0
1790391385.812342866 847655 iou-wrk-847600 0
1790391386.019534910 847594 PA-server 228
1790391386.019534910 847600 PA-server 72
1790391386.019534910 847601 iou-wrk-847594 0
1790391386.019534910 847655 iou-wrk-847600 0
1790391386.226182811 847594 PA-server 242
1790391386.226182811 847600 PA-server 76
1790391386.226182811 847601 iou-wrk-847594 0
1790391386.226182811 847655 iou-wrk-847600 0
1790391386.432675852 847594 PA-server 256
1790391386.432675852 847600 PA-server 80
1790391386.432675852 847601 iou-wrk-847594 0
1790391386.432675852 847655 iou-wrk-847600 0
1790391386.639501775 847594 PA-server 269
1790391386.639501775 847600 PA-server 84
1790391386.639501775 847601 iou-wrk-847594 0
1790391386.639501775 847655 iou-wrk-847600 0
1790391386.846479618 847594 PA-server 282
1790391386.846479618 847600 PA-server 89
1790391386.846479618 847601 iou-wrk-847594 0
1790391386.846479618 847655 iou-wrk-847600 0
1790391387.053070159 847594 PA-server 296
1790391387.053070159 847600 PA-server 93
1790391387.053070159 847601 iou-wrk-847594 0
1790391387.053070159 847655 iou-wrk-847600 0
1790391387.259750291 847594 PA-server 310
1790391387.259750291 847600 PA-server 97
1790391387.259750291 847601 iou-wrk-847594 0
1790391387.259750291 847655 iou-wrk-847600 0
1790391387.466234832 847594 PA-server 323
1790391387.466234832 847600 PA-server 102
1790391387.466234832 847601 iou-wrk-847594 0
1790391387.466234832 847655 iou-wrk-847600 0
1790391387.673017045 847594 PA-server 336
1790391387.673017045 847600 PA-server 106
1790391387.673017045 847601 iou-wrk-847594 0
1790391387.673017045 847655 iou-wrk-847600 0
1790391387.879725917 847594 PA-server 349
1790391387.879725917 847600 PA-server 110
1790391387.879725917 847601 iou-wrk-847594 0
1790391387.879725917 847655 iou-wrk-847600 0
1790391388.086672030 847594 PA-server 363
1790391388.086672030 847600 PA-server 115
1790391388.086672030 847601 iou-wrk-847594 0
1790391388.086672030 847655 iou-wrk-847600 0
1790391388.293133671 847594 PA-server 376
1790391388.293133671 847600 PA-server 119
1790391388.293133671 847601 iou-wrk-847594 0
1790391388.293133671 847655 iou-wrk-847600 0
1790391388.500168625 847594 PA-server 389
1790391388.500168625 847600 PA-server 122
1790391388.500168625 847601 iou-wrk-847594 0
1790391388.500168625 847655 iou-wrk-847600 0
1790391388.707325530 847594 PA-server 404
1790391388.707325530 847600 PA-server 127
1790391388.707325530 847601 iou-wrk-847594 0
1790391388.707325530 847655 iou-wrk-847600 0
1790391388.915099207 847594 PA-server 417
1790391388.915099207 847600 PA-server 131
1790391388.915099207 847601 iou-wrk-847594 0
1790391388.915099207 847655 iou-wrk-847600 0
1790391389.121929970 847594 PA-server 430
1790391389.121929970 847600 PA-server 135
1790391389.121929970 847601 iou-wrk-847594 0
1790391389.121929970 847655 iou-wrk-847600 0
1790391389.329510107 847594 PA-server 444
1790391389.329510107 847600 PA-server 140
1790391389.329510107 847601 iou-wrk-847594 0
1790391389.329510107 847655 iou-wrk-847600 0
1790391389.536244859 847594 PA-server 457
1790391389.536244859 847600 PA-server 144
1790391389.536244859 847601 iou-wrk-847594 0
1790391389.536244859 847655 iou-wrk-847600 0
1790391389.743463064 847594 PA-server 471
1790391389.743463064 847600 PA-server 149
1790391389.743463064 847601 iou-wrk-847594 0
1790391389.743463064 847655 iou-wrk-847600 0
1790391389.950696599 847594 PA-server 484
1790391389.950696599 847600 PA-server 153
1790391389.950696599 847601 iou-wrk-847594 0
1790391389.950696599 847655 iou-wrk-847600 0
1790391390.156993310 847594 PA-server 497
1790391390.156993310 847600 PA-server 157
1790391390.156993310 847601 iou-wrk-847594 0
1790391390.156993310 847655 iou-wrk-847600 0
1790391390.364086555 847594 PA-server 511
1790391390.364086555 847600 PA-server 161
1790391390.364086555 847601 iou-wrk-847594 0
1790391390.364086555 847655 iou-wrk-847600 0
1790391390.571363360 847594 PA-server 525
1790391390.571363360 847600 PA-server 165
1790391390.571363360 847601 iou-wrk-847594 0
1790391390.571363360 847655 iou-wrk-847600 0
1790391390.778529815 847594 PA-server 538
1790391390.778529815 847600 PA-server 169
1790391390.778529815 847601 iou-wrk-847594 0
1790391390.778529815 847655 iou-wrk-847600 0
1790391390.986010861 847594 PA-server 552
1790391390.986010861 847600 PA-server 174
1790391390.986010861 847601 iou-wrk-847594 0
1790391390.986010861 847655 iou-wrk-847600 0
1790391391.192654224 847594 PA-server 566
1790391391.192654224 847600 PA-server 178
1790391391.192654224 847601 iou-wrk-847594 0
1790391391.192654224 847655 iou-wrk-847600 0
1790391391.399423007 847594 PA-server 579
1790391391.399423007 847600 PA-server 182
1790391391.399423007 847601 iou-wrk-847594 0
1790391391.399423007 847655 iou-wrk-847600 0
1790391391.605781038 847594 PA-server 592
1790391391.605781038 847600 PA-server 187
1790391391.605781038 847601 iou-wrk-847594 0
1790391391.605781038 847655 iou-wrk-847600 0
1790391391.813033424 847594 PA-server 606
1790391391.813033424 847600 PA-server 190
1790391391.813033424 847601 iou-wrk-847594 0
1790391391.813033424 847655 iou-wrk-847600 0
1790391392.019907498 847594 PA-server 619
1790391392.019907498 847600 PA-server 195
1790391392.019907498 847601 iou-wrk-847594 0
1790391392.019907498 847655 iou-wrk-847600 0
1790391392.226697951 847594 PA-server 633
1790391392.226697951 847600 PA-server 199
1790391392.226697951 847601 iou-wrk-847594 0
1790391392.226697951 847655 iou-wrk-847600 0
1790391392.433385354 847594 PA-server 647
1790391392.433385354 847600 PA-server 203
1790391392.433385354 847601 iou-wrk-847594 0
1790391392.433385354 847655 iou-wrk-847600 0
1790391392.640293798 847594 PA-server 660
1790391392.640293798 847600 PA-server 208
1790391392.640293798 847601 iou-wrk-847594 0
1790391392.640293798 847655 iou-wrk-847600 0
1790391392.847606794 847594 PA-server 673
1790391392.847606794 847600 PA-server 212
1790391392.847606794 847601 iou-wrk-847594 0
1790391392.847606794 847655 iou-wrk-847600 0
1790391393.054002206 847594 PA-server 687
1790391393.054002206 847600 PA-server 216
1790391393.054002206 847601 iou-wrk-847594 0
1790391393.054002206 847655 iou-wrk-847600 0
1790391393.261127961 847594 PA-server 700
1790391393.261127961 847600 PA-server 220
1790391393.261127961 847601 iou-wrk-847594 0
1790391393.261127961 847655 iou-wrk-847600 0
1790391393.467721084 847594 PA-server 714
1790391393.467721084 847600 PA-server 224
1790391393.467721084 847601 iou-wrk-847594 0
1790391393.467721084 847655 iou-wrk-847600 0
1790391393.674842349 847594 PA-server 717
1790391393.674842349 847600 PA-server 226
1790391393.674842349 847601 iou-wrk-847594 0
1790391393.674842349 847655 iou-wrk-847600 0
