1790391801.132376267 880780 PA-server 0
1790391801.132376267 880786 PA-server 0
1790391801.132376267 880787 iou-wrk-880780 0
1790391801.337976811 880780 PA-server 11
1790391801.337976811 880786 PA-server 3
1790391801.337976811 880787 iou-wrk-880780 0
1790391801.337976811 880840 iou-wrk-880786 0
1790391801.545117773 880780 PA-server 23
1790391801.545117773 880786 PA-server 7
1790391801.545117773 880787 iou-wrk-880780 0
1790391801.545117773 880840 iou-wrk-880786 0
1790391801.751764412 880780 PA-server 36
1790391801.751764412 880786 PA-server 11
1790391801.751764412 880787 iou-wrk-880780 0
1790391801.751764412 880840 iou-wrk-880786 0
1790391801.958242470 880780 PA-server 47
1790391801.958242470 880786 PA-server 14
1790391801.958242470 880787 iou-wrk-880780 0
1790391801.958242470 880840 iou-wrk-880786 0
1790391802.163940684 880780 PA-server 60
1790391802.163940684 880786 PA-server 18
1790391802.163940684 880787 iou-wrk-880780 0
1790391802.163940684 880840 iou-wrk-880786 0
1790391802.369866349 880780 PA-server 71
1790391802.369866349 880786 PA-server 22
1790391802.369866349 880787 iou-wrk-880780 0
1790391802.369866349 880840 iou-wrk-880786 0
1790391802.576084636 880780 PA-server 84
1790391802.576084636 880786 PA-server 26
1790391802.576084636 880787 iou-wrk-880780 0
1790391802.576084636 880840 iou-wrk-880786 0
1790391802.782875816 880780 PA-server 96
1790391802.782875816 880786 PA-server 30
1790391802.782875816 880787 iou-wrk-880780 0
1790391802.782875816 880840 iou-wrk-880786 0
1790391802.988905942 880780 PA-server 108
1790391802.988905942 880786 PA-server 34
1790391802.988905942 880787 iou-wrk-880780 0
1790391802.988905942 880840 iou-wrk-880786 0
1790391803.195408761 880780 PA-server 120
1790391803.195408761 880786 PA-server 37
1790391803.195408761 880787 iou-wrk-880780 0
1790391803.195408761 880840 iou-wrk-880786 0
1790391803.401684878 880780 PA-server 133
1790391803.401684878 880786 PA-server 41
1790391803.401684878 880787 iou-wrk-880780 0
1790391803.401684878 880840 iou-wrk-880786 0
1790391803.607596283 880780 PA-server 145
1790391803.607596283 880786 PA-server 45
1790391803.607596283 880787 iou-wrk-880780 0
1790391803.607596283 880840 iou-wrk-880786 0
1790391803.813764190 880780 PA-server 157
1790391803.813764190 880786 PA-server 49
1790391803.813764190 880787 iou-wrk-880780 0
1790391803.813764190 880840 iou-wrk-880786 0
1790391804.019949667 880780 PA-server 169
1790391804.019949667 880786 PA-server 53
1790391804.019949667 880787 iou-wrk-880780 0
1790391804.019949667 880840 iou-wrk-880786 0
1790391804.225897143 880780 PA-server 180
1790391804.225897143 880786 PA-server 57
1790391804.225897143 880787 iou-wrk-880780 0
1790391804.225897143 880840 iou-wrk-880786 0
1790391804.431753618 880780 PA-server 193
1790391804.431753618 880786 PA-server 61
1790391804.431753618 880787 iou-wrk-880780 0
1790391804.431753618 880840 iou-wrk-880786 0
1790391804.638371037 880780 PA-server 205
1790391804.638371037 880786 PA-server 65
1790391804.638371037 880787 iou-wrk-880780 0
1790391804.638371037 880840 iou-wrk-880786 0
1790391804.844230482 880780 PA-server 217
1790391804.844230482 880786 PA-server 68
1790391804.844230482 880787 iou-wrk-880780 0
1790391804.844230482 880840 iou-wrk-880786 0
1790391805.050410359 880780 PA-server 229
1790391805.050410359 880786 PA-server 72
1790391805.050410359 880787 iou-wrk-880780 0
1790391805.050410359 880840 iou-wrk-880786 0
1790391805.256465986 880780 PA-server 241
1790391805.256465986 880786 PA-server 76
1790391805.256465986 880787 iou-wrk-880780 0
1790391805.256465986 880840 iou-wrk-880786 0
1790391805.462363121 880780 PA-server 253
1790391805.462363121 880786 PA-server 81
1790391805.462363121 880787 iou-wrk-880780 0
1790391805.462363121 880840 iou-wrk-880786 0
1790391805.668668629 880780 PA-server 265
1790391805.668668629 880786 PA-server 85
1790391805.668668629 880787 iou-wrk-880780 0
1790391805.668668629 880840 iou-wrk-880786 0
1790391805.874768646 880780 PA-server 277
1790391805.874768646 880786 PA-server 88
1790391805.874768646 880787 iou-wrk-880780 0
1790391805.874768646 880840 iou-wrk-880786 0
1790391806.081002443 880780 PA-server 290
1790391806.081002443 880786 PA-server 92
1790391806.081002443 880787 iou-wrk-880780 0
1790391806.081002443 880840 iou-wrk-880786 0
1790391806.286858848 880780 PA-server 302
1790391806.286858848 880786 PA-server 97
1790391806.286858848 880787 iou-wrk-880780 0
1790391806.286858848 880840 iou-wrk-880786 0
1790391806.492866144 880780 PA-server 314
1790391806.492866144 880786 PA-server 101
1790391806.492866144 880787 iou-wrk-880780 0
1790391806.492866144 880840 iou-wrk-880786 0
1790391806.699025642 880780 PA-server 328
1790391806.699025642 880786 PA-server 106
1790391806.699025642 880787 iou-wrk-880780 0
1790391806.699025642 880840 iou-wrk-880786 0
1790391806.905755191 880780 PA-server 341
1790391806.905755191 880786 PA-server 111
1790391806.905755191 880787 iou-wrk-880780 0
1790391806.905755191 880840 iou-wrk-880786 0
1790391807.112013129 880780 PA-server 354
1790391807.112013129 880786 PA-server 115
1790391807.112013129 880787 iou-wrk-880780 0
1790391807.112013129 880840 iou-wrk-880786 0
1790391807.318932940 880780 PA-server 364
1790391807.318932940 880786 PA-server 119
1790391807.318932940 880787 iou-wrk-880780 0
1790391807.318932940 880840 iou-wrk-880786 0
1790391807.525433729 880780 PA-server 376
1790391807.525433729 880786 PA-server 123
1790391807.525433729 880787 iou-wrk-880780 0
1790391807.525433729 880840 iou-wrk-880786 0
1790391807.732323360 880780 PA-server 389
1790391807.732323360 880786 PA-server 127
1790391807.732323360 880787 iou-wrk-880780 0
1790391807.732323360 880840 iou-wrk-880786 0
1790391807.938934689 880780 PA-server 400
1790391807.938934689 880786 PA-server 130
1790391807.938934689 880787 iou-wrk-880780 0
1790391807.938934689 880840 iou-wrk-880786 0
1790391808.145179996 880780 PA-server 412
1790391808.145179996 880786 PA-server 134
1790391808.145179996 880787 iou-wrk-880780 0
1790391808.145179996 880840 iou-wrk-880786 0
1790391808.351064452 880780 PA-server 424
1790391808.351064452 880786 PA-server 137
1790391808.351064452 880787 iou-wrk-880780 0
1790391808.351064452 880840 iou-wrk-880786 0
1790391808.557463180 880780 PA-server 435
1790391808.557463180 880786 PA-server 142
1790391808.557463180 880787 iou-wrk-880780 0
1790391808.557463180 880840 iou-wrk-880786 0
1790391808.763658438 880780 PA-server 447
1790391808.763658438 880786 PA-server 145
1790391808.763658438 880787 iou-wrk-880780 0
1790391808.763658438 880840 iou-wrk-880786 0
1790391808.970409608 880780 PA-server 459
1790391808.970409608 880786 PA-server 149
1790391808.970409608 880787 iou-wrk-880780 0
1790391808.970409608 880840 iou-wrk-880786 0
1790391809.177570361 880780 PA-server 470
1790391809.177570361 880786 PA-server 152
1790391809.177570361 880787 iou-wrk-880780 0
1790391809.177570361 880840 iou-wrk-880786 0
1790391809.383897219 880780 PA-server 482
1790391809.383897219 880786 PA-server 157
1790391809.383897219 880787 iou-wrk-880780 0
1790391809.383897219 880840 iou-wrk-880786 0
1790391809.590880120 880780 PA-server 495
1790391809.590880120 880786 PA-server 160
1790391809.590880120 880787 iou-wrk-880780 0
1790391809.590880120 880840 iou-wrk-880786 0
1790391809.797677781 880780 PA-server 506
1790391809.797677781 880786 PA-server 164
1790391809.797677781 880787 iou-wrk-880780 0
1790391809.797677781 880840 iou-wrk-880786 0
1790391810.004672182 880780 PA-server 518
1790391810.004672182 880786 PA-server 168
1790391810.004672182 880787 iou-wrk-880780 0
1790391810.004672182 880840 iou-wrk-880786 0
1790391810.211649914 880780 PA-server 530
1790391810.211649914 880786 PA-server 172
1790391810.211649914 880787 iou-wrk-880780 0
1790391810.211649914 880840 iou-wrk-880786 0
1790391810.418081042 880780 PA-server 542
1790391810.418081042 880786 PA-server 175
1790391810.418081042 880787 iou-wrk-880780 0
1790391810.418081042 880840 iou-wrk-880786 0
1790391810.624911753 880780 PA-server 554
1790391810.624911753 880786 PA-server 180
1790391810.624911753 880787 iou-wrk-880780 0
1790391810.624911753 880840 iou-wrk-880786 0
1790391810.831526483 880780 PA-server 565
1790391810.831526483 880786 PA-server 183
1790391810.831526483 880787 iou-wrk-880780 0
1790391810.831526483 880840 iou-wrk-880786 0
1790391811.038144872 880780 PA-server 578
1790391811.038144872 880786 PA-server 187
1790391811.038144872 880787 iou-wrk-880780 0
1790391811.038144872 880840 iou-wrk-880786 0
1790391811.244739652 880780 PA-server 589
1790391811.244739652 880786 PA-server 191
1790391811.244739652 880787 iou-wrk-880780 0
1790391811.244739652 880840 iou-wrk-880786 0
1790391811.451613243 880780 PA-server 601
1790391811.451613243 880786 PA-server 195
1790391811.451613243 880787 iou-wrk-880780 0
1790391811.451613243 880840 iou-wrk-880786 0
1790391811.659192098 880780 PA-server 613
1790391811.659192098 880786 PA-server 198
1790391811.659192098 880787 iou-wrk-880780 0
1790391811.659192098 880840 iou-wrk-880786 0
1790391811.866031559 880780 PA-server 625
1790391811.866031559 880786 PA-server 203
1790391811.866031559 880787 iou-wrk-880780 0
1790391811.866031559 880840 iou-wrk-880786 0
1790391812.072773359 880780 PA-server 637
1790391812.072773359 880786 PA-server 206
1790391812.072773359 880787 iou-wrk-880780 0
1790391812.072773359 880840 iou-wrk-880786 0
1790391812.280140273 880780 PA-server 641
