1790391532.643069682 859677 PL-server 0
1790391532.643069682 859683 PL-server 0
1790391532.643069682 859684 iou-wrk-859677 0
1790391532.849797340 859677 PL-server 10
1790391532.849797340 859683 PL-server 10
1790391532.849797340 859684 iou-wrk-859677 0
1790391533.055717104 859677 PL-server 21
1790391533.055717104 859683 PL-server 22
1790391533.055717104 859684 iou-wrk-859677 0
1790391533.261258376 859677 PL-server 32
1790391533.261258376 859683 PL-server 33
1790391533.261258376 859684 iou-wrk-859677 0
1790391533.466670407 859677 PL-server 42
1790391533.466670407 859683 PL-server 44
1790391533.466670407 859684 iou-wrk-859677 0
1790391533.672588771 859677 PL-server 53
1790391533.672588771 859683 PL-server 56
1790391533.672588771 859684 iou-wrk-859677 0
1790391533.877956372 859677 PL-server 63
1790391533.877956372 859683 PL-server 67
1790391533.877956372 859684 iou-wrk-859677 0
1790391534.083455884 859677 PL-server 74
1790391534.083455884 859683 PL-server 78
1790391534.083455884 859684 iou-wrk-859677 0
1790391534.289171647 859677 PL-server 85
1790391534.289171647 859683 PL-server 89
1790391534.289171647 859684 iou-wrk-859677 0
1790391534.494981820 859677 PL-server 96
1790391534.494981820 859683 PL-server 101
1790391534.494981820 859684 iou-wrk-859677 0
1790391534.700421151 859677 PL-server 107
1790391534.700421151 859683 PL-server 112
1790391534.700421151 859684 iou-wrk-859677 0
1790391534.906492046 859677 PL-server 118
1790391534.906492046 859683 PL-server 123
1790391534.906492046 859684 iou-wrk-859677 0
1790391535.112543761 859677 PL-server 129
1790391535.112543761 859683 PL-server 134
1790391535.112543761 859684 iou-wrk-859677 0
1790391535.317868132 859677 PL-server 139
1790391535.317868132 859683 PL-server 146
1790391535.317868132 859684 iou-wrk-859677 0
1790391535.522966072 859677 PL-server 149
1790391535.522966072 859683 PL-server 157
1790391535.522966072 859684 iou-wrk-859677 0
1790391535.728763585 859677 PL-server 160
1790391535.728763585 859683 PL-server 168
1790391535.728763585 859684 iou-wrk-859677 0
1790391535.933755865 859677 PL-server 171
1790391535.933755865 859683 PL-server 179
1790391535.933755865 859684 iou-wrk-859677 0
1790391536.139886190 859677 PL-server 182
1790391536.139886190 859683 PL-server 190
1790391536.139886190 859684 iou-wrk-859677 0
1790391536.345201231 859677 PL-server 193
1790391536.345201231 859683 PL-server 202
1790391536.345201231 859684 iou-wrk-859677 0
1790391536.551315697 859677 PL-server 204
1790391536.551315697 859683 PL-server 214
1790391536.551315697 859684 iou-wrk-859677 0
1790391536.757519172 859677 PL-server 214
1790391536.757519172 859683 PL-server 224
1790391536.757519172 859684 iou-wrk-859677 0
1790391536.962916234 859677 PL-server 226
1790391536.962916234 859683 PL-server 236
1790391536.962916234 859684 iou-wrk-859677 0
1790391537.167971474 859677 PL-server 236
1790391537.167971474 859683 PL-server 247
1790391537.167971474 859684 iou-wrk-859677 0
1790391537.373684447 859677 PL-server 247
1790391537.373684447 859683 PL-server 259
1790391537.373684447 859684 iou-wrk-859677 0
1790391537.579455661 859677 PL-server 258
1790391537.579455661 859683 PL-server 271
1790391537.579455661 859684 iou-wrk-859677 0
1790391537.784496521 859677 PL-server 269
1790391537.784496521 859683 PL-server 282
1790391537.784496521 859684 iou-wrk-859677 0
1790391537.990122574 859677 PL-server 279
1790391537.990122574 859683 PL-server 292
1790391537.990122574 859684 iou-wrk-859677 0
1790391538.195867358 859677 PL-server 290
1790391538.195867358 859683 PL-server 304
1790391538.195867358 859684 iou-wrk-859677 0
1790391538.401287480 859677 PL-server 300
1790391538.401287480 859683 PL-server 314
1790391538.401287480 859684 iou-wrk-859677 0
1790391538.606512371 859677 PL-server 311
1790391538.606512371 859683 PL-server 327
1790391538.606512371 859684 iou-wrk-859677 0
1790391538.811720152 859677 PL-server 321
1790391538.811720152 859683 PL-server 337
1790391538.811720152 859684 iou-wrk-859677 0
1790391539.017347065 859677 PL-server 332
1790391539.017347065 859683 PL-server 349
1790391539.017347065 859684 iou-wrk-859677 0
1790391539.222572536 859677 PL-server 343
1790391539.222572536 859683 PL-server 360
1790391539.222572536 859684 iou-wrk-859677 0
1790391539.427527466 859677 PL-server 354
1790391539.427527466 859683 PL-server 371
1790391539.427527466 859684 iou-wrk-859677 0
1790391539.633656812 859677 PL-server 365
1790391539.633656812 859683 PL-server 383
1790391539.633656812 859684 iou-wrk-859677 0
1790391539.839123884 859677 PL-server 375
1790391539.839123884 859683 PL-server 394
1790391539.839123884 859684 iou-wrk-859677 0
1790391540.044213315 859677 PL-server 387
1790391540.044213315 859683 PL-server 404
1790391540.044213315 859684 iou-wrk-859677 0
1790391540.250020119 859677 PL-server 397
1790391540.250020119 859683 PL-server 416
1790391540.250020119 859684 iou-wrk-859677 0
1790391540.455562562 859677 PL-server 408
1790391540.455562562 859683 PL-server 427
1790391540.455562562 859684 iou-wrk-859677 0
1790391540.660950364 859677 PL-server 419
1790391540.660950364 859683 PL-server 439
1790391540.660950364 859684 iou-wrk-859677 0
1790391540.866335926 859677 PL-server 429
1790391540.866335926 859683 PL-server 450
1790391540.866335926 859684 iou-wrk-859677 0
1790391541.070820594 859677 PL-server 440
1790391541.070820594 859683 PL-server 462
1790391541.070820594 859684 iou-wrk-859677 0
1790391541.276368557 859677 PL-server 451
1790391541.276368557 859683 PL-server 473
1790391541.276368557 859684 iou-wrk-859677 0
1790391541.481583619 859677 PL-server 462
1790391541.481583619 859683 PL-server 484
1790391541.481583619 859684 iou-wrk-859677 0
1790391541.687135452 859677 PL-server 472
1790391541.687135452 859683 PL-server 495
1790391541.687135452 859684 iou-wrk-859677 0
1790391541.892050402 859677 PL-server 483
1790391541.892050402 859683 PL-server 506
1790391541.892050402 859684 iou-wrk-859677 0
1790391542.097118903 859677 PL-server 495
1790391542.097118903 859683 PL-server 518
1790391542.097118903 859684 iou-wrk-859677 0
1790391542.302683176 859677 PL-server 505
1790391542.302683176 859683 PL-server 529
1790391542.302683176 859684 iou-wrk-859677 0
1790391542.507781567 859677 PL-server 516
1790391542.507781567 859683 PL-server 540
1790391542.507781567 859684 iou-wrk-859677 0
1790391542.712624187 859677 PL-server 527
1790391542.712624187 859683 PL-server 551
1790391542.712624187 859684 iou-wrk-859677 0
1790391542.918036619 859677 PL-server 538
1790391542.918036619 859683 PL-server 563
1790391542.918036619 859684 iou-wrk-859677 0
1790391543.124133916 859677 PL-server 548
1790391543.124133916 859683 PL-server 573
1790391543.124133916 859684 iou-wrk-859677 0
1790391543.329136286 859677 PL-server 559
1790391543.329136286 859683 PL-server 585
1790391543.329136286 859684 iou-wrk-859677 0
1790391543.533982736 859677 PL-server 569
1790391543.533982736 859683 PL-server 596
1790391543.533982736 859684 iou-wrk-859677 0
1790391543.738694485 859677 PL-server 575
1790391543.738694485 859683 PL-server 603
1790391543.738694485 859684 iou-wrk-859677 0
