1790391365.861228747 846275 PA-server 0
1790391365.861228747 846281 PA-server 0
1790391365.861228747 846282 iou-wrk-846275 0
1790391366.067898624 846275 PA-server 19
1790391366.067898624 846281 PA-server 5
1790391366.067898624 846282 iou-wrk-846275 0
1790391366.067898624 846334 iou-wrk-846281 0
1790391366.274473241 846275 PA-server 39
1790391366.274473241 846281 PA-server 9
1790391366.274473241 846282 iou-wrk-846275 0
1790391366.274473241 846334 iou-wrk-846281 0
1790391366.481268000 846275 PA-server 59
1790391366.481268000 846281 PA-server 14
1790391366.481268000 846282 iou-wrk-846275 0
1790391366.481268000 846334 iou-wrk-846281 0
1790391366.687925107 846275 PA-server 80
1790391366.687925107 846281 PA-server 20
1790391366.687925107 846282 iou-wrk-846275 0
1790391366.687925107 846334 iou-wrk-846281 0
1790391366.894498404 846275 PA-server 100
1790391366.894498404 846281 PA-server 24
1790391366.894498404 846282 iou-wrk-846275 0
1790391366.894498404 846334 iou-wrk-846281 0
1790391367.101126812 846275 PA-server 121
1790391367.101126812 846281 PA-server 30
1790391367.101126812 846282 iou-wrk-846275 0
1790391367.101126812 846334 iou-wrk-846281 0
1790391367.307502708 846275 PA-server 141
1790391367.307502708 846281 PA-server 35
1790391367.307502708 846282 iou-wrk-846275 0
1790391367.307502708 846334 iou-wrk-846281 0
1790391367.513652943 846275 PA-server 161
1790391367.513652943 846281 PA-server 39
1790391367.513652943 846282 iou-wrk-846275 0
1790391367.513652943 846334 iou-wrk-846281 0
1790391367.720489682 846275 PA-server 182
1790391367.720489682 846281 PA-server 44
1790391367.720489682 846282 iou-wrk-846275 0
1790391367.720489682 846334 iou-wrk-846281 0
1790391367.927190890 846275 PA-server 202
1790391367.927190890 846281 PA-server 50
1790391367.927190890 846282 iou-wrk-846275 0
1790391367.927190890 846334 iou-wrk-846281 0
1790391368.134031499 846275 PA-server 223
1790391368.134031499 846281 PA-server 55
1790391368.134031499 846282 iou-wrk-846275 0
1790391368.134031499 846334 iou-wrk-846281 0
1790391368.340855317 846275 PA-server 243
1790391368.340855317 846281 PA-server 60
1790391368.340855317 846282 iou-wrk-846275 0
1790391368.340855317 846334 iou-wrk-846281 0
1790391368.548198118 846275 PA-server 263
1790391368.548198118 846281 PA-server 65
1790391368.548198118 846282 iou-wrk-846275 0
1790391368.548198118 846334 iou-wrk-846281 0
1790391368.754932887 846275 PA-server 284
1790391368.754932887 846281 PA-server 70
1790391368.754932887 846282 iou-wrk-846275 0
1790391368.754932887 846334 iou-wrk-846281 0
1790391368.960997312 846275 PA-server 304
1790391368.960997312 846281 PA-server 75
1790391368.960997312 846282 iou-wrk-846275 0
1790391368.960997312 846334 iou-wrk-846281 0
1790391369.168203723 846275 PA-server 325
1790391369.168203723 846281 PA-server 80
1790391369.168203723 846282 iou-wrk-846275 0
1790391369.168203723 846334 iou-wrk-846281 0
1790391369.374786920 846275 PA-server 345
1790391369.374786920 846281 PA-server 86
1790391369.374786920 846282 iou-wrk-846275 0
1790391369.374786920 846334 iou-wrk-846281 0
1790391369.581151547 846275 PA-server 365
1790391369.581151547 846281 PA-server 91
1790391369.581151547 846282 iou-wrk-846275 0
1790391369.581151547 846334 iou-wrk-846281 0
1790391369.788146337 846275 PA-server 385
1790391369.788146337 846281 PA-server 96
1790391369.788146337 846282 iou-wrk-846275 0
1790391369.788146337 846334 iou-wrk-846281 0
1790391369.994791805 846275 PA-server 406
1790391369.994791805 846281 PA-server 100
1790391369.994791805 846282 iou-wrk-846275 0
1790391369.994791805 846334 iou-wrk-846281 0
1790391370.201421473 846275 PA-server 426
1790391370.201421473 846281 PA-server 106
1790391370.201421473 846282 iou-wrk-846275 0
1790391370.201421473 846334 iou-wrk-846281 0
1790391370.408096732 846275 PA-server 447
1790391370.408096732 846281 PA-server 111
1790391370.408096732 846282 iou-wrk-846275 0
1790391370.408096732 846334 iou-wrk-846281 0
1790391370.614623910 846275 PA-server 467
1790391370.614623910 846281 PA-server 117
1790391370.614623910 846282 iou-wrk-846275 0
1790391370.614623910 846334 iou-wrk-846281 0
1790391370.821436488 846275 PA-server 488
1790391370.821436488 846281 PA-server 121
1790391370.821436488 846282 iou-wrk-846275 0
1790391370.821436488 846334 iou-wrk-846281 0
1790391371.027833736 846275 PA-server 508
1790391371.027833736 846281 PA-server 126
1790391371.027833736 846282 iou-wrk-846275 0
1790391371.027833736 846334 iou-wrk-846281 0
1790391371.234301813 846275 PA-server 527
1790391371.234301813 846281 PA-server 131
1790391371.234301813 846282 iou-wrk-846275 0
1790391371.234301813 846334 iou-wrk-846281 0
1790391371.440424749 846275 PA-server 548
1790391371.440424749 846281 PA-server 137
1790391371.440424749 846282 iou-wrk-846275 0
1790391371.440424749 846334 iou-wrk-846281 0
1790391371.646904297 846275 PA-server 568
1790391371.646904297 846281 PA-server 142
1790391371.646904297 846282 iou-wrk-846275 0
1790391371.646904297 846334 iou-wrk-846281 0
1790391371.853505675 846275 PA-server 588
1790391371.853505675 846281 PA-server 147
1790391371.853505675 846282 iou-wrk-846275 0
1790391371.853505675 846334 iou-wrk-846281 0
1790391372.060499265 846275 PA-server 609
1790391372.060499265 846281 PA-server 152
1790391372.060499265 846282 iou-wrk-846275 0
1790391372.060499265 846334 iou-wrk-846281 0
1790391372.267138794 846275 PA-server 629
1790391372.267138794 846281 PA-server 157
1790391372.267138794 846282 iou-wrk-846275 0
1790391372.267138794 846334 iou-wrk-846281 0
1790391372.474095854 846275 PA-server 650
1790391372.474095854 846281 PA-server 162
1790391372.474095854 846282 iou-wrk-846275 0
1790391372.474095854 846334 iou-wrk-846281 0
1790391372.680457462 846275 PA-server 670
1790391372.680457462 846281 PA-server 167
1790391372.680457462 846282 iou-wrk-846275 0
1790391372.680457462 846334 iou-wrk-846281 0
1790391372.887530603 846275 PA-server 691
1790391372.887530603 846281 PA-server 173
1790391372.887530603 846282 iou-wrk-846275 0
1790391372.887530603 846334 iou-wrk-846281 0
1790391373.094188851 846275 PA-server 711
1790391373.094188851 846281 PA-server 178
1790391373.094188851 846282 iou-wrk-846275 0
1790391373.094188851 846334 iou-wrk-846281 0
1790391373.301001411 846275 PA-server 731
1790391373.301001411 846281 PA-server 182
1790391373.301001411 846282 iou-wrk-846275 0
1790391373.301001411 846334 iou-wrk-846281 0
1790391373.507449999 846275 PA-server 751
1790391373.507449999 846281 PA-server 188
1790391373.507449999 846282 iou-wrk-846275 0
1790391373.507449999 846334 iou-wrk-846281 0
1790391373.713426185 846275 PA-server 772
1790391373.713426185 846281 PA-server 193
1790391373.713426185 846282 iou-wrk-846275 0
1790391373.713426185 846334 iou-wrk-846281 0
1790391373.920015793 846275 PA-server 792
1790391373.920015793 846281 PA-server 197
1790391373.920015793 846282 iou-wrk-846275 0
1790391373.920015793 846334 iou-wrk-846281 0
1790391374.126406131 846275 PA-server 813
1790391374.126406131 846281 PA-server 203
1790391374.126406131 846282 iou-wrk-846275 0
1790391374.126406131 846334 iou-wrk-846281 0
1790391374.333950755 846275 PA-server 833
1790391374.333950755 846281 PA-server 208
1790391374.333950755 846282 iou-wrk-846275 0
1790391374.333950755 846334 iou-wrk-846281 0
1790391374.541236277 846275 PA-server 853
1790391374.541236277 846281 PA-server 213
1790391374.541236277 846282 iou-wrk-846275 0
1790391374.541236277 846334 iou-wrk-846281 0
1790391374.748131527 846275 PA-server 874
1790391374.748131527 846281 PA-server 218
1790391374.748131527 846282 iou-wrk-846275 0
1790391374.748131527 846334 iou-wrk-846281 0
1790391374.954169993 846275 PA-server 894
1790391374.954169993 846281 PA-server 223
1790391374.954169993 846282 iou-wrk-846275 0
1790391374.954169993 846334 iou-wrk-846281 0
1790391375.161175225 846275 PA-server 915
1790391375.161175225 846281 PA-server 228
1790391375.161175225 846282 iou-wrk-846275 0
1790391375.161175225 846334 iou-wrk-846281 0
1790391375.367439972 846275 PA-server 935
1790391375.367439972 846281 PA-server 233
1790391375.367439972 846282 iou-wrk-846275 0
1790391375.367439972 846334 iou-wrk-846281 0
1790391375.573418108 846275 PA-server 955
1790391375.573418108 846281 PA-server 238
1790391375.573418108 846282 iou-wrk-846275 0
1790391375.573418108 846334 iou-wrk-846281 0
1790391375.780048907 846275 PA-server 976
1790391375.780048907 846281 PA-server 243
1790391375.780048907 846282 iou-wrk-846275 0
1790391375.780048907 846334 iou-wrk-846281 0
1790391375.986641436 846275 PA-server 996
1790391375.986641436 846281 PA-server 248
1790391375.986641436 846282 iou-wrk-846275 0
1790391375.986641436 846334 iou-wrk-846281 0
1790391376.193205036 846275 PA-server 1016
1790391376.193205036 846281 PA-server 254
1790391376.193205036 846282 iou-wrk-846275 0
1790391376.193205036 846334 iou-wrk-846281 0
1790391376.400920870 846275 PA-server 1037
1790391376.400920870 846281 PA-server 258
1790391376.400920870 846282 iou-wrk-846275 0
1790391376.400920870 846334 iou-wrk-846281 0
1790391376.607624150 846275 PA-server 1057
1790391376.607624150 846281 PA-server 264
1790391376.607624150 846282 iou-wrk-846275 0
1790391376.607624150 846334 iou-wrk-846281 0
1790391376.813728087 846275 PA-server 1077
1790391376.813728087 846281 PA-server 269
1790391376.813728087 846282 iou-wrk-846275 0
1790391376.813728087 846334 iou-wrk-846281 0
1790391377.020308836 846275 PA-server 1084
1790391377.020308836 846281 PA-server 271
1790391377.020308836 846282 iou-wrk-846275 0
1790391377.020308836 846334 iou-wrk-846281 0
1790391377.227420948 846275 PA-server 1084
1790391377.227420948 846281 PA-server 271
1790391377.227420948 846282 iou-wrk-846275 0
1790391377.227420948 846334 iou-wrk-846281 0
