1790391343.153438380 844247 WSL-server 0
1790391343.153438380 844253 WSL-server 0
1790391343.153438380 844254 iou-wrk-844253 0
1790391343.360047232 844247 WSL-server 16
1790391343.360047232 844253 WSL-server 16
1790391343.360047232 844254 iou-wrk-844253 0
1790391343.566067252 844247 WSL-server 33
1790391343.566067252 844253 WSL-server 33
1790391343.566067252 844254 iou-wrk-844253 0
1790391343.771646499 844247 WSL-server 48
1790391343.771646499 844253 WSL-server 48
1790391343.771646499 844254 iou-wrk-844253 0
1790391343.976513703 844247 WSL-server 64
1790391343.976513703 844253 WSL-server 63
1790391343.976513703 844254 iou-wrk-844253 0
1790391344.182051640 844247 WSL-server 80
1790391344.182051640 844253 WSL-server 78
1790391344.182051640 844254 iou-wrk-844253 0
1790391344.386599203 844247 WSL-server 94
1790391344.386599203 844253 WSL-server 93
1790391344.386599203 844254 iou-wrk-844253 0
1790391344.591060995 844247 WSL-server 108
1790391344.591060995 844253 WSL-server 108
1790391344.591060995 844254 iou-wrk-844253 0
1790391344.795312326 844247 WSL-server 124
1790391344.795312326 844253 WSL-server 123
1790391344.795312326 844254 iou-wrk-844253 0
1790391345.001196995 844247 WSL-server 140
1790391345.001196995 844253 WSL-server 139
1790391345.001196995 844254 iou-wrk-844253 0
1790391345.206680353 844247 WSL-server 155
1790391345.206680353 844253 WSL-server 153
1790391345.206680353 844254 iou-wrk-844253 0
1790391345.411941659 844247 WSL-server 169
1790391345.411941659 844253 WSL-server 168
1790391345.411941659 844254 iou-wrk-844253 0
1790391345.617186505 844247 WSL-server 184
1790391345.617186505 844253 WSL-server 181
1790391345.617186505 844254 iou-wrk-844253 0
1790391345.823162125 844247 WSL-server 199
1790391345.823162125 844253 WSL-server 196
1790391345.823162125 844254 iou-wrk-844253 0
1790391346.028690123 844247 WSL-server 214
1790391346.028690123 844253 WSL-server 210
1790391346.028690123 844254 iou-wrk-844253 0
1790391346.234278331 844247 WSL-server 229
1790391346.234278331 844253 WSL-server 225
1790391346.234278331 844254 iou-wrk-844253 0
1790391346.439640628 844247 WSL-server 243
1790391346.439640628 844253 WSL-server 240
1790391346.439640628 844254 iou-wrk-844253 0
1790391346.644291421 844247 WSL-server 258
1790391346.644291421 844253 WSL-server 254
1790391346.644291421 844254 iou-wrk-844253 0
1790391346.849769339 844247 WSL-server 273
1790391346.849769339 844253 WSL-server 268
1790391346.849769339 844254 iou-wrk-844253 0
1790391347.054899575 844247 WSL-server 287
1790391347.054899575 844253 WSL-server 284
1790391347.054899575 844254 iou-wrk-844253 0
1790391347.260183942 844247 WSL-server 303
1790391347.260183942 844253 WSL-server 297
1790391347.260183942 844254 iou-wrk-844253 0
1790391347.465707530 844247 WSL-server 317
1790391347.465707530 844253 WSL-server 312
1790391347.465707530 844254 iou-wrk-844253 0
1790391347.671709330 844247 WSL-server 332
1790391347.671709330 844253 WSL-server 327
1790391347.671709330 844254 iou-wrk-844253 0
1790391347.876332094 844247 WSL-server 347
1790391347.876332094 844253 WSL-server 341
1790391347.876332094 844254 iou-wrk-844253 0
1790391348.082276294 844247 WSL-server 362
1790391348.082276294 844253 WSL-server 355
1790391348.082276294 844254 iou-wrk-844253 0
1790391348.288104714 844247 WSL-server 376
1790391348.288104714 844253 WSL-server 370
1790391348.288104714 844254 iou-wrk-844253 0
1790391348.493219500 844247 WSL-server 390
1790391348.493219500 844253 WSL-server 385
1790391348.493219500 844254 iou-wrk-844253 0
1790391348.698642308 844247 WSL-server 405
1790391348.698642308 844253 WSL-server 399
1790391348.698642308 844254 iou-wrk-844253 0
1790391348.903696833 844247 WSL-server 420
1790391348.903696833 844253 WSL-server 413
1790391348.903696833 844254 iou-wrk-844253 0
1790391349.108731569 844247 WSL-server 435
1790391349.108731569 844253 WSL-server 428
1790391349.108731569 844254 iou-wrk-844253 0
1790391349.313660395 844247 WSL-server 450
1790391349.313660395 844253 WSL-server 443
1790391349.313660395 844254 iou-wrk-844253 0
1790391349.519055443 844247 WSL-server 464
1790391349.519055443 844253 WSL-server 457
1790391349.519055443 844254 iou-wrk-844253 0
1790391349.724492691 844247 WSL-server 480
1790391349.724492691 844253 WSL-server 471
1790391349.724492691 844254 iou-wrk-844253 0
1790391349.930188550 844247 WSL-server 494
1790391349.930188550 844253 WSL-server 486
1790391349.930188550 844254 iou-wrk-844253 0
1790391350.135933560 844247 WSL-server 508
1790391350.135933560 844253 WSL-server 501
1790391350.135933560 844254 iou-wrk-844253 0
1790391350.341782230 844247 WSL-server 524
1790391350.341782230 844253 WSL-server 515
1790391350.341782230 844254 iou-wrk-844253 0
1790391350.546975957 844247 WSL-server 538
1790391350.546975957 844253 WSL-server 529
1790391350.546975957 844254 iou-wrk-844253 0
1790391350.751672132 844247 WSL-server 552
1790391350.751672132 844253 WSL-server 544
1790391350.751672132 844254 iou-wrk-844253 0
1790391350.957311261 844247 WSL-server 568
1790391350.957311261 844253 WSL-server 559
1790391350.957311261 844254 iou-wrk-844253 0
1790391351.162517058 844247 WSL-server 582
1790391351.162517058 844253 WSL-server 574
1790391351.162517058 844254 iou-wrk-844253 0
1790391351.367182673 844247 WSL-server 597
1790391351.367182673 844253 WSL-server 587
1790391351.367182673 844254 iou-wrk-844253 0
1790391351.571719157 844247 WSL-server 612
1790391351.571719157 844253 WSL-server 602
1790391351.571719157 844254 iou-wrk-844253 0
1790391351.776594083 844247 WSL-server 626
1790391351.776594083 844253 WSL-server 617
1790391351.776594083 844254 iou-wrk-844253 0
1790391351.981416418 844247 WSL-server 641
1790391351.981416418 844253 WSL-server 630
1790391351.981416418 844254 iou-wrk-844253 0
1790391352.186115763 844247 WSL-server 656
1790391352.186115763 844253 WSL-server 645
1790391352.186115763 844254 iou-wrk-844253 0
1790391352.391062029 844247 WSL-server 670
1790391352.391062029 844253 WSL-server 660
1790391352.391062029 844254 iou-wrk-844253 0
1790391352.596684069 844247 WSL-server 686
1790391352.596684069 844253 WSL-server 674
1790391352.596684069 844254 iou-wrk-844253 0
1790391352.802091858 844247 WSL-server 700
1790391352.802091858 844253 WSL-server 689
1790391352.802091858 844254 iou-wrk-844253 0
1790391353.007223205 844247 WSL-server 714
1790391353.007223205 844253 WSL-server 703
1790391353.007223205 844254 iou-wrk-844253 0
1790391353.212377022 844247 WSL-server 730
1790391353.212377022 844253 WSL-server 717
1790391353.212377022 844254 iou-wrk-844253 0
1790391353.416974457 844247 WSL-server 744
1790391353.416974457 844253 WSL-server 733
1790391353.416974457 844254 iou-wrk-844253 0
1790391353.621875723 844247 WSL-server 759
1790391353.621875723 844253 WSL-server 746
1790391353.621875723 844254 iou-wrk-844253 0
1790391353.826887440 844247 WSL-server 773
1790391353.826887440 844253 WSL-server 761
1790391353.826887440 844254 iou-wrk-844253 0
1790391354.032303559 844247 WSL-server 788
1790391354.032303559 844253 WSL-server 775
1790391354.032303559 844254 iou-wrk-844253 0
1790391354.237094005 844247 WSL-server 798
1790391354.237094005 844253 WSL-server 785
1790391354.237094005 844254 iou-wrk-844253 0
