1790391504.725259500 857612 PA-server 0
1790391504.725259500 857618 PA-server 0
1790391504.725259500 857619 iou-wrk-857612 0
1790391504.931637262 857612 PA-server 13
1790391504.931637262 857618 PA-server 13
1790391504.931637262 857619 iou-wrk-857612 0
1790391505.137582752 857612 PA-server 30
1790391505.137582752 857618 PA-server 29
1790391505.137582752 857619 iou-wrk-857612 0
1790391505.342853958 857612 PA-server 45
1790391505.342853958 857618 PA-server 43
1790391505.342853958 857619 iou-wrk-857612 0
1790391505.547172299 857612 PA-server 59
1790391505.547172299 857618 PA-server 56
1790391505.547172299 857619 iou-wrk-857612 0
1790391505.751638291 857612 PA-server 74
1790391505.751638291 857618 PA-server 69
1790391505.751638291 857619 iou-wrk-857612 0
1790391505.957247799 857612 PA-server 89
1790391505.957247799 857618 PA-server 84
1790391505.957247799 857619 iou-wrk-857612 0
1790391506.162489935 857612 PA-server 104
1790391506.162489935 857618 PA-server 99
1790391506.162489935 857619 iou-wrk-857612 0
1790391506.368041363 857612 PA-server 119
1790391506.368041363 857618 PA-server 114
1790391506.368041363 857619 iou-wrk-857612 0
1790391506.572820937 857612 PA-server 134
1790391506.572820937 857618 PA-server 128
1790391506.572820937 857619 iou-wrk-857612 0
1790391506.777654621 857612 PA-server 149
1790391506.777654621 857618 PA-server 143
1790391506.777654621 857619 iou-wrk-857612 0
1790391506.982096414 857612 PA-server 164
1790391506.982096414 857618 PA-server 156
1790391506.982096414 857619 iou-wrk-857612 0
1790391507.186797038 857612 PA-server 180
1790391507.186797038 857618 PA-server 172
1790391507.186797038 857619 iou-wrk-857612 0
1790391507.392953008 857612 PA-server 195
1790391507.392953008 857618 PA-server 187
1790391507.392953008 857619 iou-wrk-857612 0
1790391507.597639022 857612 PA-server 209
1790391507.597639022 857618 PA-server 200
1790391507.597639022 857619 iou-wrk-857612 0
1790391507.802170845 857612 PA-server 224
1790391507.802170845 857618 PA-server 214
1790391507.802170845 857619 iou-wrk-857612 0
1790391508.006697068 857612 PA-server 238
1790391508.006697068 857618 PA-server 227
1790391508.006697068 857619 iou-wrk-857612 0
1790391508.211608333 857612 PA-server 252
1790391508.211608333 857618 PA-server 241
1790391508.211608333 857619 iou-wrk-857612 0
1790391508.416032165 857612 PA-server 267
1790391508.416032165 857618 PA-server 256
1790391508.416032165 857619 iou-wrk-857612 0
1790391508.621249002 857612 PA-server 282
1790391508.621249002 857618 PA-server 270
1790391508.621249002 857619 iou-wrk-857612 0
1790391508.825503233 857612 PA-server 296
1790391508.825503233 857618 PA-server 284
1790391508.825503233 857619 iou-wrk-857612 0
1790391509.030140827 857612 PA-server 311
1790391509.030140827 857618 PA-server 297
1790391509.030140827 857619 iou-wrk-857612 0
1790391509.235877896 857612 PA-server 326
1790391509.235877896 857618 PA-server 312
1790391509.235877896 857619 iou-wrk-857612 0
1790391509.440735311 857612 PA-server 341
1790391509.440735311 857618 PA-server 326
1790391509.440735311 857619 iou-wrk-857612 0
1790391509.645811517 857612 PA-server 355
1790391509.645811517 857618 PA-server 340
1790391509.645811517 857619 iou-wrk-857612 0
1790391509.850425040 857612 PA-server 370
1790391509.850425040 857618 PA-server 354
1790391509.850425040 857619 iou-wrk-857612 0
1790391510.055132194 857612 PA-server 385
1790391510.055132194 857618 PA-server 368
1790391510.055132194 857619 iou-wrk-857612 0
1790391510.259798188 857612 PA-server 399
1790391510.259798188 857618 PA-server 382
1790391510.259798188 857619 iou-wrk-857612 0
1790391510.464262141 857612 PA-server 413
1790391510.464262141 857618 PA-server 396
1790391510.464262141 857619 iou-wrk-857612 0
1790391510.668714164 857612 PA-server 428
1790391510.668714164 857618 PA-server 411
1790391510.668714164 857619 iou-wrk-857612 0
1790391510.873247828 857612 PA-server 444
1790391510.873247828 857618 PA-server 425
1790391510.873247828 857619 iou-wrk-857612 0
1790391511.078871027 857612 PA-server 459
1790391511.078871027 857618 PA-server 439
1790391511.078871027 857619 iou-wrk-857612 0
1790391511.283266490 857612 PA-server 473
1790391511.283266490 857618 PA-server 453
1790391511.283266490 857619 iou-wrk-857612 0
1790391511.487809613 857612 PA-server 486
1790391511.487809613 857618 PA-server 466
1790391511.487809613 857619 iou-wrk-857612 0
1790391511.692837059 857612 PA-server 502
1790391511.692837059 857618 PA-server 481
1790391511.692837059 857619 iou-wrk-857612 0
1790391511.898675069 857612 PA-server 519
1790391511.898675069 857618 PA-server 497
1790391511.898675069 857619 iou-wrk-857612 0
1790391512.103873196 857612 PA-server 535
1790391512.103873196 857618 PA-server 513
1790391512.103873196 857619 iou-wrk-857612 0
1790391512.308301439 857612 PA-server 550
1790391512.308301439 857618 PA-server 526
1790391512.308301439 857619 iou-wrk-857612 0
1790391512.512790553 857612 PA-server 564
1790391512.512790553 857618 PA-server 541
1790391512.512790553 857619 iou-wrk-857612 0
1790391512.717139975 857612 PA-server 578
1790391512.717139975 857618 PA-server 555
1790391512.717139975 857619 iou-wrk-857612 0
1790391512.922340702 857612 PA-server 593
1790391512.922340702 857618 PA-server 569
1790391512.922340702 857619 iou-wrk-857612 0
1790391513.128299683 857612 PA-server 609
1790391513.128299683 857618 PA-server 584
1790391513.128299683 857619 iou-wrk-857612 0
1790391513.334100943 857612 PA-server 626
1790391513.334100943 857618 PA-server 601
1790391513.334100943 857619 iou-wrk-857612 0
1790391513.538740628 857612 PA-server 642
1790391513.538740628 857618 PA-server 616
1790391513.538740628 857619 iou-wrk-857612 0
1790391513.743218451 857612 PA-server 656
1790391513.743218451 857618 PA-server 630
1790391513.743218451 857619 iou-wrk-857612 0
1790391513.947770375 857612 PA-server 671
1790391513.947770375 857618 PA-server 644
1790391513.947770375 857619 iou-wrk-857612 0
1790391514.152150408 857612 PA-server 685
1790391514.152150408 857618 PA-server 656
1790391514.152150408 857619 iou-wrk-857612 0
1790391514.356546502 857612 PA-server 700
1790391514.356546502 857618 PA-server 670
1790391514.356546502 857619 iou-wrk-857612 0
1790391514.561531918 857612 PA-server 715
1790391514.561531918 857618 PA-server 685
1790391514.561531918 857619 iou-wrk-857612 0
1790391514.766624145 857612 PA-server 730
1790391514.766624145 857618 PA-server 700
1790391514.766624145 857619 iou-wrk-857612 0
1790391514.971543491 857612 PA-server 744
1790391514.971543491 857618 PA-server 714
1790391514.971543491 857619 iou-wrk-857612 0
1790391515.177749233 857612 PA-server 762
1790391515.177749233 857618 PA-server 731
1790391515.177749233 857619 iou-wrk-857612 0
1790391515.383171572 857612 PA-server 777
1790391515.383171572 857618 PA-server 746
1790391515.383171572 857619 iou-wrk-857612 0
1790391515.587743746 857612 PA-server 791
1790391515.587743746 857618 PA-server 760
1790391515.587743746 857619 iou-wrk-857612 0
1790391515.793161504 857612 PA-server 801
1790391515.793161504 857618 PA-server 770
1790391515.793161504 857619 iou-wrk-857612 0
1790391515.998983105 857612 PA-server 801
1790391515.998983105 857618 PA-server 770
1790391515.998983105 857619 iou-wrk-857612 0
