1790391745.739654309 876681 PL-server 0
1790391745.739654309 876687 PL-server 0
1790391745.739654309 876688 iou-wrk-876681 0
1790391745.945491258 876681 PL-server 11
1790391745.945491258 876687 PL-server 10
1790391745.945491258 876688 iou-wrk-876681 0
1790391746.150686745 876681 PL-server 22
1790391746.150686745 876687 PL-server 21
1790391746.150686745 876688 iou-wrk-876681 0
1790391746.355723040 876681 PL-server 33
1790391746.355723040 876687 PL-server 32
1790391746.355723040 876688 iou-wrk-876681 0
1790391746.560427384 876681 PL-server 45
1790391746.560427384 876687 PL-server 43
1790391746.560427384 876688 iou-wrk-876681 0
1790391746.765191269 876681 PL-server 57
1790391746.765191269 876687 PL-server 55
1790391746.765191269 876688 iou-wrk-876681 0
1790391746.970343785 876681 PL-server 69
1790391746.970343785 876687 PL-server 66
1790391746.970343785 876688 iou-wrk-876681 0
1790391747.175102919 876681 PL-server 80
1790391747.175102919 876687 PL-server 76
1790391747.175102919 876688 iou-wrk-876681 0
1790391747.379680422 876681 PL-server 91
1790391747.379680422 876687 PL-server 87
1790391747.379680422 876688 iou-wrk-876681 0
1790391747.584229456 876681 PL-server 103
1790391747.584229456 876687 PL-server 98
1790391747.584229456 876688 iou-wrk-876681 0
1790391747.788634958 876681 PL-server 114
1790391747.788634958 876687 PL-server 109
1790391747.788634958 876688 iou-wrk-876681 0
1790391747.993568263 876681 PL-server 126
1790391747.993568263 876687 PL-server 120
1790391747.993568263 876688 iou-wrk-876681 0
1790391748.199140242 876681 PL-server 138
1790391748.199140242 876687 PL-server 132
1790391748.199140242 876688 iou-wrk-876681 0
1790391748.403351003 876681 PL-server 149
1790391748.403351003 876687 PL-server 143
1790391748.403351003 876688 iou-wrk-876681 0
1790391748.608064678 876681 PL-server 161
1790391748.608064678 876687 PL-server 154
1790391748.608064678 876688 iou-wrk-876681 0
1790391748.812542271 876681 PL-server 172
1790391748.812542271 876687 PL-server 164
1790391748.812542271 876688 iou-wrk-876681 0
1790391749.017257675 876681 PL-server 184
1790391749.017257675 876687 PL-server 176
1790391749.017257675 876688 iou-wrk-876681 0
1790391749.222953294 876681 PL-server 196
1790391749.222953294 876687 PL-server 187
1790391749.222953294 876688 iou-wrk-876681 0
1790391749.427876699 876681 PL-server 207
1790391749.427876699 876687 PL-server 199
1790391749.427876699 876688 iou-wrk-876681 0
1790391749.632344342 876681 PL-server 218
1790391749.632344342 876687 PL-server 209
1790391749.632344342 876688 iou-wrk-876681 0
1790391749.836892386 876681 PL-server 229
1790391749.836892386 876687 PL-server 220
1790391749.836892386 876688 iou-wrk-876681 0
1790391750.041991452 876681 PL-server 241
1790391750.041991452 876687 PL-server 231
1790391750.041991452 876688 iou-wrk-876681 0
1790391750.246556936 876681 PL-server 253
1790391750.246556936 876687 PL-server 242
1790391750.246556936 876688 iou-wrk-876681 0
1790391750.451805983 876681 PL-server 264
1790391750.451805983 876687 PL-server 253
1790391750.451805983 876688 iou-wrk-876681 0
1790391750.656985729 876681 PL-server 276
1790391750.656985729 876687 PL-server 263
1790391750.656985729 876688 iou-wrk-876681 0
1790391750.861673084 876681 PL-server 287
1790391750.861673084 876687 PL-server 274
1790391750.861673084 876688 iou-wrk-876681 0
1790391751.066087336 876681 PL-server 299
1790391751.066087336 876687 PL-server 285
1790391751.066087336 876688 iou-wrk-876681 0
1790391751.270486869 876681 PL-server 309
1790391751.270486869 876687 PL-server 297
1790391751.270486869 876688 iou-wrk-876681 0
1790391751.475213104 876681 PL-server 321
1790391751.475213104 876687 PL-server 307
1790391751.475213104 876688 iou-wrk-876681 0
1790391751.680358501 876681 PL-server 332
1790391751.680358501 876687 PL-server 319
1790391751.680358501 876688 iou-wrk-876681 0
1790391751.885498507 876681 PL-server 344
1790391751.885498507 876687 PL-server 330
1790391751.885498507 876688 iou-wrk-876681 0
1790391752.090216462 876681 PL-server 355
1790391752.090216462 876687 PL-server 341
1790391752.090216462 876688 iou-wrk-876681 0
1790391752.294970646 876681 PL-server 367
1790391752.294970646 876687 PL-server 352
1790391752.294970646 876688 iou-wrk-876681 0
1790391752.499378389 876681 PL-server 379
1790391752.499378389 876687 PL-server 363
1790391752.499378389 876688 iou-wrk-876681 0
1790391752.704447826 876681 PL-server 391
1790391752.704447826 876687 PL-server 374
1790391752.704447826 876688 iou-wrk-876681 0
1790391752.909157150 876681 PL-server 402
1790391752.909157150 876687 PL-server 385
1790391752.909157150 876688 iou-wrk-876681 0
1790391753.113591323 876681 PL-server 414
1790391753.113591323 876687 PL-server 397
1790391753.113591323 876688 iou-wrk-876681 0
1790391753.318617160 876681 PL-server 425
1790391753.318617160 876687 PL-server 407
1790391753.318617160 876688 iou-wrk-876681 0
1790391753.523326804 876681 PL-server 436
1790391753.523326804 876687 PL-server 418
1790391753.523326804 876688 iou-wrk-876681 0
1790391753.727604737 876681 PL-server 448
1790391753.727604737 876687 PL-server 429
1790391753.727604737 876688 iou-wrk-876681 0
1790391753.932508442 876681 PL-server 458
1790391753.932508442 876687 PL-server 441
1790391753.932508442 876688 iou-wrk-876681 0
1790391754.137094497 876681 PL-server 471
1790391754.137094497 876687 PL-server 451
1790391754.137094497 876688 iou-wrk-876681 0
1790391754.341547540 876681 PL-server 481
1790391754.341547540 876687 PL-server 462
1790391754.341547540 876688 iou-wrk-876681 0
1790391754.546878438 876681 PL-server 493
1790391754.546878438 876687 PL-server 473
1790391754.546878438 876688 iou-wrk-876681 0
1790391754.751825874 876681 PL-server 504
1790391754.751825874 876687 PL-server 484
1790391754.751825874 876688 iou-wrk-876681 0
1790391754.957548254 876681 PL-server 516
1790391754.957548254 876687 PL-server 494
1790391754.957548254 876688 iou-wrk-876681 0
1790391755.163415554 876681 PL-server 528
1790391755.163415554 876687 PL-server 506
1790391755.163415554 876688 iou-wrk-876681 0
1790391755.368273840 876681 PL-server 540
1790391755.368273840 876687 PL-server 517
1790391755.368273840 876688 iou-wrk-876681 0
1790391755.573087695 876681 PL-server 551
1790391755.573087695 876687 PL-server 528
1790391755.573087695 876688 iou-wrk-876681 0
1790391755.777700069 876681 PL-server 563
1790391755.777700069 876687 PL-server 540
1790391755.777700069 876688 iou-wrk-876681 0
1790391755.981937492 876681 PL-server 574
1790391755.981937492 876687 PL-server 550
1790391755.981937492 876688 iou-wrk-876681 0
1790391756.186634127 876681 PL-server 585
1790391756.186634127 876687 PL-server 562
1790391756.186634127 876688 iou-wrk-876681 0
1790391756.391095420 876681 PL-server 596
1790391756.391095420 876687 PL-server 573
1790391756.391095420 876688 iou-wrk-876681 0
1790391756.595850736 876681 PL-server 608
1790391756.595850736 876687 PL-server 584
1790391756.595850736 876688 iou-wrk-876681 0
1790391756.801119963 876681 PL-server 617
1790391756.801119963 876687 PL-server 593
1790391756.801119963 876688 iou-wrk-876681 0
