1790391068.977745834 822037 PA-server 0
1790391068.977745834 822043 PA-server 0
1790391068.977745834 822044 iou-wrk-822037 0
1790391069.184023225 822037 PA-server 19
1790391069.184023225 822043 PA-server 5
1790391069.184023225 822044 iou-wrk-822037 0
1790391069.389948715 822037 PA-server 39
1790391069.389948715 822043 PA-server 10
1790391069.389948715 822044 iou-wrk-822037 0
1790391069.594792129 822037 PA-server 59
1790391069.594792129 822043 PA-server 14
1790391069.594792129 822044 iou-wrk-822037 0
1790391069.800742889 822037 PA-server 79
1790391069.800742889 822043 PA-server 20
1790391069.800742889 822044 iou-wrk-822037 0
1790391070.006301997 822037 PA-server 100
1790391070.006301997 822043 PA-server 26
1790391070.006301997 822044 iou-wrk-822037 0
1790391070.211456854 822037 PA-server 120
1790391070.211456854 822043 PA-server 30
1790391070.211456854 822044 iou-wrk-822037 0
1790391070.416990872 822037 PA-server 140
1790391070.416990872 822043 PA-server 35
1790391070.416990872 822044 iou-wrk-822037 0
1790391070.622327609 822037 PA-server 161
1790391070.622327609 822043 PA-server 40
1790391070.622327609 822044 iou-wrk-822037 0
1790391070.827174105 822037 PA-server 181
1790391070.827174105 822043 PA-server 45
1790391070.827174105 822044 iou-wrk-822037 0
1790391071.031733239 822037 PA-server 201
1790391071.031733239 822043 PA-server 51
1790391071.031733239 822044 iou-wrk-822037 0
1790391071.237182937 822037 PA-server 221
1790391071.237182937 822043 PA-server 56
1790391071.237182937 822044 iou-wrk-822037 0
1790391071.443010797 822037 PA-server 242
1790391071.443010797 822043 PA-server 61
1790391071.443010797 822044 iou-wrk-822037 0
1790391071.648583356 822037 PA-server 261
1790391071.648583356 822043 PA-server 66
1790391071.648583356 822044 iou-wrk-822037 0
1790391071.853368181 822037 PA-server 283
1790391071.853368181 822043 PA-server 71
1790391071.853368181 822044 iou-wrk-822037 0
1790391072.059228491 822037 PA-server 302
1790391072.059228491 822043 PA-server 76
1790391072.059228491 822044 iou-wrk-822037 0
1790391072.264369179 822037 PA-server 323
1790391072.264369179 822043 PA-server 82
1790391072.264369179 822044 iou-wrk-822037 0
1790391072.469578496 822037 PA-server 343
1790391072.469578496 822043 PA-server 86
1790391072.469578496 822044 iou-wrk-822037 0
1790391072.674716684 822037 PA-server 363
1790391072.674716684 822043 PA-server 92
1790391072.674716684 822044 iou-wrk-822037 0
1790391072.880591184 822037 PA-server 383
1790391072.880591184 822043 PA-server 97
1790391072.880591184 822044 iou-wrk-822037 0
1790391073.086233104 822037 PA-server 403
1790391073.086233104 822043 PA-server 102
1790391073.086233104 822044 iou-wrk-822037 0
1790391073.291424072 822037 PA-server 424
1790391073.291424072 822043 PA-server 107
1790391073.291424072 822044 iou-wrk-822037 0
1790391073.497408103 822037 PA-server 444
1790391073.497408103 822043 PA-server 112
1790391073.497408103 822044 iou-wrk-822037 0
1790391073.702747842 822037 PA-server 464
1790391073.702747842 822043 PA-server 117
1790391073.702747842 822044 iou-wrk-822037 0
1790391073.908923864 822037 PA-server 484
1790391073.908923864 822043 PA-server 122
1790391073.908923864 822044 iou-wrk-822037 0
1790391074.114492594 822037 PA-server 505
1790391074.114492594 822043 PA-server 128
1790391074.114492594 822044 iou-wrk-822037 0
1790391074.320108874 822037 PA-server 525
1790391074.320108874 822043 PA-server 132
1790391074.320108874 822044 iou-wrk-822037 0
1790391074.525505773 822037 PA-server 546
1790391074.525505773 822043 PA-server 137
1790391074.525505773 822044 iou-wrk-822037 0
1790391074.731206284 822037 PA-server 566
1790391074.731206284 822043 PA-server 143
1790391074.731206284 822044 iou-wrk-822037 0
1790391074.936763434 822037 PA-server 586
1790391074.936763434 822043 PA-server 148
1790391074.936763434 822044 iou-wrk-822037 0
1790391075.142148793 822037 PA-server 606
1790391075.142148793 822043 PA-server 153
1790391075.142148793 822044 iou-wrk-822037 0
1790391075.348026035 822037 PA-server 626
1790391075.348026035 822043 PA-server 159
1790391075.348026035 822044 iou-wrk-822037 0
1790391075.553853136 822037 PA-server 646
1790391075.553853136 822043 PA-server 164
1790391075.553853136 822044 iou-wrk-822037 0
1790391075.759310406 822037 PA-server 667
1790391075.759310406 822043 PA-server 168
1790391075.759310406 822044 iou-wrk-822037 0
1790391075.964704815 822037 PA-server 687
1790391075.964704815 822043 PA-server 174
1790391075.964704815 822044 iou-wrk-822037 0
1790391076.169386022 822037 PA-server 708
1790391076.169386022 822043 PA-server 179
1790391076.169386022 822044 iou-wrk-822037 0
1790391076.374279320 822037 PA-server 727
1790391076.374279320 822043 PA-server 184
1790391076.374279320 822044 iou-wrk-822037 0
1790391076.579800890 822037 PA-server 748
1790391076.579800890 822043 PA-server 190
1790391076.579800890 822044 iou-wrk-822037 0
1790391076.784900329 822037 PA-server 768
1790391076.784900329 822043 PA-server 195
1790391076.784900329 822044 iou-wrk-822037 0
1790391076.990842991 822037 PA-server 788
1790391076.990842991 822043 PA-server 199
1790391076.990842991 822044 iou-wrk-822037 0
1790391077.196782154 822037 PA-server 809
1790391077.196782154 822043 PA-server 205
1790391077.196782154 822044 iou-wrk-822037 0
1790391077.402706527 822037 PA-server 829
1790391077.402706527 822043 PA-server 211
1790391077.402706527 822044 iou-wrk-822037 0
1790391077.608460658 822037 PA-server 850
1790391077.608460658 822043 PA-server 216
1790391077.608460658 822044 iou-wrk-822037 0
1790391077.814151710 822037 PA-server 870
1790391077.814151710 822043 PA-server 221
1790391077.814151710 822044 iou-wrk-822037 0
1790391078.019470510 822037 PA-server 890
1790391078.019470510 822043 PA-server 225
1790391078.019470510 822044 iou-wrk-822037 0
1790391078.225152902 822037 PA-server 910
1790391078.225152902 822043 PA-server 230
1790391078.225152902 822044 iou-wrk-822037 0
1790391078.430609113 822037 PA-server 930
1790391078.430609113 822043 PA-server 235
1790391078.430609113 822044 iou-wrk-822037 0
1790391078.635809573 822037 PA-server 950
1790391078.635809573 822043 PA-server 241
1790391078.635809573 822044 iou-wrk-822037 0
1790391078.841578015 822037 PA-server 971
1790391078.841578015 822043 PA-server 246
1790391078.841578015 822044 iou-wrk-822037 0
1790391079.047237647 822037 PA-server 991
1790391079.047237647 822043 PA-server 251
1790391079.047237647 822044 iou-wrk-822037 0
1790391079.253134310 822037 PA-server 1012
1790391079.253134310 822043 PA-server 257
1790391079.253134310 822044 iou-wrk-822037 0
1790391079.458705812 822037 PA-server 1032
1790391079.458705812 822043 PA-server 262
1790391079.458705812 822044 iou-wrk-822037 0
1790391079.664215253 822037 PA-server 1052
1790391079.664215253 822043 PA-server 266
1790391079.664215253 822044 iou-wrk-822037 0
1790391079.869679455 822037 PA-server 1072
1790391079.869679455 822043 PA-server 272
1790391079.869679455 822044 iou-wrk-822037 0
1790391080.075366097 822037 PA-server 1085
1790391080.075366097 822043 PA-server 275
1790391080.075366097 822044 iou-wrk-822037 0
1790391080.281139880 822037 PA-server 1085
1790391080.281139880 822043 PA-server 275
1790391080.281139880 822044 iou-wrk-822037 0
