1790391627.622723641 867146 WSL-server 0
1790391627.622723641 867152 WSL-server 0
1790391627.622723641 867153 iou-wrk-867152 0
1790391627.828992579 867146 WSL-server 14
1790391627.828992579 867152 WSL-server 13
1790391627.828992579 867153 iou-wrk-867152 0
1790391628.034588834 867146 WSL-server 28
1790391628.034588834 867152 WSL-server 28
1790391628.034588834 867153 iou-wrk-867152 0
1790391628.239938578 867146 WSL-server 43
1790391628.239938578 867152 WSL-server 42
1790391628.239938578 867153 iou-wrk-867152 0
1790391628.444697519 867146 WSL-server 58
1790391628.444697519 867152 WSL-server 57
1790391628.444697519 867153 iou-wrk-867152 0
1790391628.650283275 867146 WSL-server 72
1790391628.650283275 867152 WSL-server 71
1790391628.650283275 867153 iou-wrk-867152 0
1790391628.855977640 867146 WSL-server 87
1790391628.855977640 867152 WSL-server 86
1790391628.855977640 867153 iou-wrk-867152 0
1790391629.061016783 867146 WSL-server 101
1790391629.061016783 867152 WSL-server 101
1790391629.061016783 867153 iou-wrk-867152 0
1790391629.266425287 867146 WSL-server 116
1790391629.266425287 867152 WSL-server 115
1790391629.266425287 867153 iou-wrk-867152 0
1790391629.471840152 867146 WSL-server 131
1790391629.471840152 867152 WSL-server 130
1790391629.471840152 867153 iou-wrk-867152 0
1790391629.676665263 867146 WSL-server 146
1790391629.676665263 867152 WSL-server 144
1790391629.676665263 867153 iou-wrk-867152 0
1790391629.881099223 867146 WSL-server 160
1790391629.881099223 867152 WSL-server 159
1790391629.881099223 867153 iou-wrk-867152 0
1790391630.085492432 867146 WSL-server 175
1790391630.085492432 867152 WSL-server 173
1790391630.085492432 867153 iou-wrk-867152 0
1790391630.290904697 867146 WSL-server 190
1790391630.290904697 867152 WSL-server 188
1790391630.290904697 867153 iou-wrk-867152 0
1790391630.495893319 867146 WSL-server 204
1790391630.495893319 867152 WSL-server 203
1790391630.495893319 867153 iou-wrk-867152 0
1790391630.701293404 867146 WSL-server 219
1790391630.701293404 867152 WSL-server 217
1790391630.701293404 867153 iou-wrk-867152 0
1790391630.905954015 867146 WSL-server 233
1790391630.905954015 867152 WSL-server 232
1790391630.905954015 867153 iou-wrk-867152 0
1790391631.110702806 867146 WSL-server 248
1790391631.110702806 867152 WSL-server 246
1790391631.110702806 867153 iou-wrk-867152 0
1790391631.316105720 867146 WSL-server 263
1790391631.316105720 867152 WSL-server 260
1790391631.316105720 867153 iou-wrk-867152 0
1790391631.521013153 867146 WSL-server 278
1790391631.521013153 867152 WSL-server 275
1790391631.521013153 867153 iou-wrk-867152 0
1790391631.725888015 867146 WSL-server 292
1790391631.725888015 867152 WSL-server 290
1790391631.725888015 867153 iou-wrk-867152 0
1790391631.931589881 867146 WSL-server 306
1790391631.931589881 867152 WSL-server 304
1790391631.931589881 867153 iou-wrk-867152 0
1790391632.136451293 867146 WSL-server 322
1790391632.136451293 867152 WSL-server 318
1790391632.136451293 867153 iou-wrk-867152 0
1790391632.343147184 867146 WSL-server 336
1790391632.343147184 867152 WSL-server 334
1790391632.343147184 867153 iou-wrk-867152 0
1790391632.548513549 867146 WSL-server 351
1790391632.548513549 867152 WSL-server 348
1790391632.548513549 867153 iou-wrk-867152 0
1790391632.753631932 867146 WSL-server 366
1790391632.753631932 867152 WSL-server 363
1790391632.753631932 867153 iou-wrk-867152 0
1790391632.959192098 867146 WSL-server 380
1790391632.959192098 867152 WSL-server 377
1790391632.959192098 867153 iou-wrk-867152 0
1790391633.164329931 867146 WSL-server 395
1790391633.164329931 867152 WSL-server 392
1790391633.164329931 867153 iou-wrk-867152 0
1790391633.369664406 867146 WSL-server 410
1790391633.369664406 867152 WSL-server 406
1790391633.369664406 867153 iou-wrk-867152 0
1790391633.574491918 867146 WSL-server 424
1790391633.574491918 867152 WSL-server 421
1790391633.574491918 867153 iou-wrk-867152 0
1790391633.780086843 867146 WSL-server 439
1790391633.780086843 867152 WSL-server 436
1790391633.780086843 867153 iou-wrk-867152 0
1790391633.986179762 867146 WSL-server 454
1790391633.986179762 867152 WSL-server 450
1790391633.986179762 867153 iou-wrk-867152 0
1790391634.191906689 867146 WSL-server 469
1790391634.191906689 867152 WSL-server 465
1790391634.191906689 867153 iou-wrk-867152 0
1790391634.397192073 867146 WSL-server 483
1790391634.397192073 867152 WSL-server 479
1790391634.397192073 867153 iou-wrk-867152 0
1790391634.602479918 867146 WSL-server 498
1790391634.602479918 867152 WSL-server 494
1790391634.602479918 867153 iou-wrk-867152 0
1790391634.807787812 867146 WSL-server 512
1790391634.807787812 867152 WSL-server 508
1790391634.807787812 867153 iou-wrk-867152 0
1790391635.012840605 867146 WSL-server 527
1790391635.012840605 867152 WSL-server 523
1790391635.012840605 867153 iou-wrk-867152 0
1790391635.218285561 867146 WSL-server 542
1790391635.218285561 867152 WSL-server 537
1790391635.218285561 867153 iou-wrk-867152 0
1790391635.423762296 867146 WSL-server 557
1790391635.423762296 867152 WSL-server 552
1790391635.423762296 867153 iou-wrk-867152 0
1790391635.628313807 867146 WSL-server 572
1790391635.628313807 867152 WSL-server 566
1790391635.628313807 867153 iou-wrk-867152 0
1790391635.833722022 867146 WSL-server 587
1790391635.833722022 867152 WSL-server 581
1790391635.833722022 867153 iou-wrk-867152 0
1790391636.039131657 867146 WSL-server 601
1790391636.039131657 867152 WSL-server 596
1790391636.039131657 867153 iou-wrk-867152 0
1790391636.243731059 867146 WSL-server 617
1790391636.243731059 867152 WSL-server 610
1790391636.243731059 867153 iou-wrk-867152 0
1790391636.448349180 867146 WSL-server 631
1790391636.448349180 867152 WSL-server 625
1790391636.448349180 867153 iou-wrk-867152 0
1790391636.653439644 867146 WSL-server 646
1790391636.653439644 867152 WSL-server 639
1790391636.653439644 867153 iou-wrk-867152 0
1790391636.858710568 867146 WSL-server 661
1790391636.858710568 867152 WSL-server 654
1790391636.858710568 867153 iou-wrk-867152 0
1790391637.064412655 867146 WSL-server 676
1790391637.064412655 867152 WSL-server 669
1790391637.064412655 867153 iou-wrk-867152 0
1790391637.268838536 867146 WSL-server 690
1790391637.268838536 867152 WSL-server 683
1790391637.268838536 867153 iou-wrk-867152 0
1790391637.473873919 867146 WSL-server 705
1790391637.473873919 867152 WSL-server 698
1790391637.473873919 867153 iou-wrk-867152 0
1790391637.679117844 867146 WSL-server 719
1790391637.679117844 867152 WSL-server 712
1790391637.679117844 867153 iou-wrk-867152 0
1790391637.885317373 867146 WSL-server 734
1790391637.885317373 867152 WSL-server 727
1790391637.885317373 867153 iou-wrk-867152 0
1790391638.091390562 867146 WSL-server 749
1790391638.091390562 867152 WSL-server 741
1790391638.091390562 867153 iou-wrk-867152 0
1790391638.296468456 867146 WSL-server 763
1790391638.296468456 867152 WSL-server 755
1790391638.296468456 867153 iou-wrk-867152 0
1790391638.501074827 867146 WSL-server 778
1790391638.501074827 867152 WSL-server 771
1790391638.501074827 867153 iou-wrk-867152 0
1790391638.706461673 867146 WSL-server 788
1790391638.706461673 867152 WSL-server 779
1790391638.706461673 867153 iou-wrk-867152 0
