1790391220.161120724 834188 PL-server 0
1790391220.161120724 834194 PL-server 0
1790391220.161120724 834195 iou-wrk-834188 0
1790391220.367578445 834188 PL-server 10
1790391220.367578445 834194 PL-server 11
1790391220.367578445 834195 iou-wrk-834188 0
1790391220.573124442 834188 PL-server 21
1790391220.573124442 834194 PL-server 22
1790391220.573124442 834195 iou-wrk-834188 0
1790391220.777720044 834188 PL-server 32
1790391220.777720044 834194 PL-server 32
1790391220.777720044 834195 iou-wrk-834188 0
1790391220.982213786 834188 PL-server 43
1790391220.982213786 834194 PL-server 44
1790391220.982213786 834195 iou-wrk-834188 0
1790391221.187207710 834188 PL-server 54
1790391221.187207710 834194 PL-server 54
1790391221.187207710 834195 iou-wrk-834188 0
1790391221.391561642 834188 PL-server 65
1790391221.391561642 834194 PL-server 65
1790391221.391561642 834195 iou-wrk-834188 0
1790391221.596206155 834188 PL-server 77
1790391221.596206155 834194 PL-server 76
1790391221.596206155 834195 iou-wrk-834188 0
1790391221.800844798 834188 PL-server 88
1790391221.800844798 834194 PL-server 87
1790391221.800844798 834195 iou-wrk-834188 0
1790391222.005946743 834188 PL-server 99
1790391222.005946743 834194 PL-server 98
1790391222.005946743 834195 iou-wrk-834188 0
1790391222.210367795 834188 PL-server 110
1790391222.210367795 834194 PL-server 110
1790391222.210367795 834195 iou-wrk-834188 0
1790391222.414937578 834188 PL-server 122
1790391222.414937578 834194 PL-server 121
1790391222.414937578 834195 iou-wrk-834188 0
1790391222.620792037 834188 PL-server 133
1790391222.620792037 834194 PL-server 132
1790391222.620792037 834195 iou-wrk-834188 0
1790391222.826296174 834188 PL-server 144
1790391222.826296174 834194 PL-server 143
1790391222.826296174 834195 iou-wrk-834188 0
1790391223.032053812 834188 PL-server 155
1790391223.032053812 834194 PL-server 153
1790391223.032053812 834195 iou-wrk-834188 0
1790391223.237359949 834188 PL-server 166
1790391223.237359949 834194 PL-server 165
1790391223.237359949 834195 iou-wrk-834188 0
1790391223.443135937 834188 PL-server 177
1790391223.443135937 834194 PL-server 176
1790391223.443135937 834195 iou-wrk-834188 0
1790391223.648352344 834188 PL-server 188
1790391223.648352344 834194 PL-server 185
1790391223.648352344 834195 iou-wrk-834188 0
1790391223.853676270 834188 PL-server 199
1790391223.853676270 834194 PL-server 197
1790391223.853676270 834195 iou-wrk-834188 0
1790391224.058906077 834188 PL-server 210
1790391224.058906077 834194 PL-server 207
1790391224.058906077 834195 iou-wrk-834188 0
1790391224.263295699 834188 PL-server 221
1790391224.263295699 834194 PL-server 218
1790391224.263295699 834195 iou-wrk-834188 0
1790391224.469317609 834188 PL-server 232
1790391224.469317609 834194 PL-server 229
1790391224.469317609 834195 iou-wrk-834188 0
1790391224.674899227 834188 PL-server 243
1790391224.674899227 834194 PL-server 240
1790391224.674899227 834195 iou-wrk-834188 0
1790391224.880424965 834188 PL-server 254
1790391224.880424965 834194 PL-server 251
1790391224.880424965 834195 iou-wrk-834188 0
1790391225.085492861 834188 PL-server 265
1790391225.085492861 834194 PL-server 261
1790391225.085492861 834195 iou-wrk-834188 0
1790391225.291094009 834188 PL-server 276
1790391225.291094009 834194 PL-server 272
1790391225.291094009 834195 iou-wrk-834188 0
1790391225.496151045 834188 PL-server 287
1790391225.496151045 834194 PL-server 283
1790391225.496151045 834195 iou-wrk-834188 0
1790391225.701439972 834188 PL-server 298
1790391225.701439972 834194 PL-server 294
1790391225.701439972 834195 iou-wrk-834188 0
1790391225.907019871 834188 PL-server 309
1790391225.907019871 834194 PL-server 305
1790391225.907019871 834195 iou-wrk-834188 0
1790391226.112726900 834188 PL-server 320
1790391226.112726900 834194 PL-server 315
1790391226.112726900 834195 iou-wrk-834188 0
1790391226.318639020 834188 PL-server 331
1790391226.318639020 834194 PL-server 327
1790391226.318639020 834195 iou-wrk-834188 0
1790391226.524281819 834188 PL-server 341
1790391226.524281819 834194 PL-server 336
1790391226.524281819 834195 iou-wrk-834188 0
1790391226.729158934 834188 PL-server 352
1790391226.729158934 834194 PL-server 348
1790391226.729158934 834195 iou-wrk-834188 0
1790391226.934773413 834188 PL-server 364
1790391226.934773413 834194 PL-server 358
1790391226.934773413 834195 iou-wrk-834188 0
1790391227.140193401 834188 PL-server 374
1790391227.140193401 834194 PL-server 369
1790391227.140193401 834195 iou-wrk-834188 0
1790391227.345172957 834188 PL-server 385
1790391227.345172957 834194 PL-server 379
1790391227.345172957 834195 iou-wrk-834188 0
1790391227.550373195 834188 PL-server 396
1790391227.550373195 834194 PL-server 391
1790391227.550373195 834195 iou-wrk-834188 0
1790391227.756400116 834188 PL-server 407
1790391227.756400116 834194 PL-server 402
1790391227.756400116 834195 iou-wrk-834188 0
1790391227.962081225 834188 PL-server 418
1790391227.962081225 834194 PL-server 412
1790391227.962081225 834195 iou-wrk-834188 0
1790391228.167598134 834188 PL-server 429
1790391228.167598134 834194 PL-server 423
1790391228.167598134 834195 iou-wrk-834188 0
1790391228.373045912 834188 PL-server 440
1790391228.373045912 834194 PL-server 434
1790391228.373045912 834195 iou-wrk-834188 0
1790391228.577751937 834188 PL-server 451
1790391228.577751937 834194 PL-server 445
1790391228.577751937 834195 iou-wrk-834188 0
1790391228.783714448 834188 PL-server 461
1790391228.783714448 834194 PL-server 456
1790391228.783714448 834195 iou-wrk-834188 0
1790391228.989570349 834188 PL-server 473
1790391228.989570349 834194 PL-server 467
1790391228.989570349 834195 iou-wrk-834188 0
1790391229.195423140 834188 PL-server 484
1790391229.195423140 834194 PL-server 478
1790391229.195423140 834195 iou-wrk-834188 0
1790391229.400153635 834188 PL-server 495
1790391229.400153635 834194 PL-server 488
1790391229.400153635 834195 iou-wrk-834188 0
1790391229.604850091 834188 PL-server 505
1790391229.604850091 834194 PL-server 499
1790391229.604850091 834195 iou-wrk-834188 0
1790391229.810252659 834188 PL-server 516
1790391229.810252659 834194 PL-server 510
1790391229.810252659 834195 iou-wrk-834188 0
1790391230.015107725 834188 PL-server 527
1790391230.015107725 834194 PL-server 520
1790391230.015107725 834195 iou-wrk-834188 0
1790391230.220232223 834188 PL-server 538
1790391230.220232223 834194 PL-server 530
1790391230.220232223 834195 iou-wrk-834188 0
1790391230.425890313 834188 PL-server 550
1790391230.425890313 834194 PL-server 542
1790391230.425890313 834195 iou-wrk-834188 0
1790391230.631482663 834188 PL-server 561
1790391230.631482663 834194 PL-server 553
1790391230.631482663 834195 iou-wrk-834188 0
1790391230.837012482 834188 PL-server 571
1790391230.837012482 834194 PL-server 563
1790391230.837012482 834195 iou-wrk-834188 0
1790391231.042570312 834188 PL-server 582
1790391231.042570312 834194 PL-server 574
1790391231.042570312 834195 iou-wrk-834188 0
1790391231.248048402 834188 PL-server 590
1790391231.248048402 834194 PL-server 581
1790391231.248048402 834195 iou-wrk-834188 0
