1790390947.009894183 812225 PL-server 0
1790390947.009894183 812231 PL-server 0
1790390947.009894183 812232 iou-wrk-812225 0
1790390947.215747091 812225 PL-server 11
1790390947.215747091 812231 PL-server 10
1790390947.215747091 812232 iou-wrk-812225 0
1790390947.421935000 812225 PL-server 22
1790390947.421935000 812231 PL-server 20
1790390947.421935000 812232 iou-wrk-812225 0
1790390947.627396366 812225 PL-server 34
1790390947.627396366 812231 PL-server 32
1790390947.627396366 812232 iou-wrk-812225 0
1790390947.832801012 812225 PL-server 46
1790390947.832801012 812231 PL-server 42
1790390947.832801012 812232 iou-wrk-812225 0
1790390948.038350518 812225 PL-server 57
1790390948.038350518 812231 PL-server 52
1790390948.038350518 812232 iou-wrk-812225 0
1790390948.243318543 812225 PL-server 68
1790390948.243318543 812231 PL-server 62
1790390948.243318543 812232 iou-wrk-812225 0
1790390948.448134717 812225 PL-server 79
1790390948.448134717 812231 PL-server 73
1790390948.448134717 812232 iou-wrk-812225 0
1790390948.654042325 812225 PL-server 91
1790390948.654042325 812231 PL-server 83
1790390948.654042325 812232 iou-wrk-812225 0
1790390948.858954410 812225 PL-server 102
1790390948.858954410 812231 PL-server 94
1790390948.858954410 812232 iou-wrk-812225 0
1790390949.063986815 812225 PL-server 114
1790390949.063986815 812231 PL-server 105
1790390949.063986815 812232 iou-wrk-812225 0
1790390949.268760909 812225 PL-server 124
1790390949.268760909 812231 PL-server 114
1790390949.268760909 812232 iou-wrk-812225 0
1790390949.473821404 812225 PL-server 136
1790390949.473821404 812231 PL-server 126
1790390949.473821404 812232 iou-wrk-812225 0
1790390949.679579153 812225 PL-server 147
1790390949.679579153 812231 PL-server 136
1790390949.679579153 812232 iou-wrk-812225 0
1790390949.885142030 812225 PL-server 158
1790390949.885142030 812231 PL-server 146
1790390949.885142030 812232 iou-wrk-812225 0
1790390950.090634288 812225 PL-server 170
1790390950.090634288 812231 PL-server 156
1790390950.090634288 812232 iou-wrk-812225 0
1790390950.295568283 812225 PL-server 180
1790390950.295568283 812231 PL-server 166
1790390950.295568283 812232 iou-wrk-812225 0
1790390950.501113171 812225 PL-server 192
1790390950.501113171 812231 PL-server 177
1790390950.501113171 812232 iou-wrk-812225 0
1790390950.706604299 812225 PL-server 203
1790390950.706604299 812231 PL-server 187
1790390950.706604299 812232 iou-wrk-812225 0
1790390950.911569724 812225 PL-server 213
1790390950.911569724 812231 PL-server 198
1790390950.911569724 812232 iou-wrk-812225 0
1790390951.116851201 812225 PL-server 225
1790390951.116851201 812231 PL-server 207
1790390951.116851201 812232 iou-wrk-812225 0
1790390951.322224549 812225 PL-server 236
1790390951.322224549 812231 PL-server 218
1790390951.322224549 812232 iou-wrk-812225 0
1790390951.528191179 812225 PL-server 246
1790390951.528191179 812231 PL-server 228
1790390951.528191179 812232 iou-wrk-812225 0
1790390951.733349036 812225 PL-server 258
1790390951.733349036 812231 PL-server 238
1790390951.733349036 812232 iou-wrk-812225 0
1790390951.939018585 812225 PL-server 269
1790390951.939018585 812231 PL-server 249
1790390951.939018585 812232 iou-wrk-812225 0
1790390952.144280692 812225 PL-server 280
1790390952.144280692 812231 PL-server 259
1790390952.144280692 812232 iou-wrk-812225 0
1790390952.350098452 812225 PL-server 292
1790390952.350098452 812231 PL-server 269
1790390952.350098452 812232 iou-wrk-812225 0
1790390952.555215540 812225 PL-server 303
1790390952.555215540 812231 PL-server 280
1790390952.555215540 812232 iou-wrk-812225 0
1790390952.761061100 812225 PL-server 313
1790390952.761061100 812231 PL-server 290
1790390952.761061100 812232 iou-wrk-812225 0
1790390952.966664619 812225 PL-server 325
1790390952.966664619 812231 PL-server 301
1790390952.966664619 812232 iou-wrk-812225 0
1790390953.172015067 812225 PL-server 336
1790390953.172015067 812231 PL-server 312
1790390953.172015067 812232 iou-wrk-812225 0
1790390953.377666237 812225 PL-server 348
1790390953.377666237 812231 PL-server 322
1790390953.377666237 812232 iou-wrk-812225 0
1790390953.583580588 812225 PL-server 359
1790390953.583580588 812231 PL-server 332
1790390953.583580588 812232 iou-wrk-812225 0
1790390953.788579905 812225 PL-server 370
1790390953.788579905 812231 PL-server 343
1790390953.788579905 812232 iou-wrk-812225 0
1790390953.993574792 812225 PL-server 381
1790390953.993574792 812231 PL-server 353
1790390953.993574792 812232 iou-wrk-812225 0
1790390954.198837680 812225 PL-server 392
1790390954.198837680 812231 PL-server 363
1790390954.198837680 812232 iou-wrk-812225 0
1790390954.404765052 812225 PL-server 404
1790390954.404765052 812231 PL-server 374
1790390954.404765052 812232 iou-wrk-812225 0
1790390954.610004430 812225 PL-server 415
1790390954.610004430 812231 PL-server 384
1790390954.610004430 812232 iou-wrk-812225 0
1790390954.815489390 812225 PL-server 426
1790390954.815489390 812231 PL-server 394
1790390954.815489390 812232 iou-wrk-812225 0
1790390955.020936039 812225 PL-server 437
1790390955.020936039 812231 PL-server 405
1790390955.020936039 812232 iou-wrk-812225 0
1790390955.226432199 812225 PL-server 449
1790390955.226432199 812231 PL-server 415
1790390955.226432199 812232 iou-wrk-812225 0
1790390955.431798419 812225 PL-server 460
1790390955.431798419 812231 PL-server 426
1790390955.431798419 812232 iou-wrk-812225 0
1790390955.637138748 812225 PL-server 471
1790390955.637138748 812231 PL-server 436
1790390955.637138748 812232 iou-wrk-812225 0
1790390955.842469758 812225 PL-server 482
1790390955.842469758 812231 PL-server 447
1790390955.842469758 812232 iou-wrk-812225 0
1790390956.048238039 812225 PL-server 494
1790390956.048238039 812231 PL-server 457
1790390956.048238039 812232 iou-wrk-812225 0
1790390956.253454988 812225 PL-server 505
1790390956.253454988 812231 PL-server 468
1790390956.253454988 812232 iou-wrk-812225 0
1790390956.458941279 812225 PL-server 516
1790390956.458941279 812231 PL-server 479
1790390956.458941279 812232 iou-wrk-812225 0
1790390956.664703501 812225 PL-server 528
1790390956.664703501 812231 PL-server 489
1790390956.664703501 812232 iou-wrk-812225 0
1790390956.870055990 812225 PL-server 540
1790390956.870055990 812231 PL-server 500
1790390956.870055990 812232 iou-wrk-812225 0
1790390957.075633392 812225 PL-server 551
1790390957.075633392 812231 PL-server 511
1790390957.075633392 812232 iou-wrk-812225 0
1790390957.281437934 812225 PL-server 562
1790390957.281437934 812231 PL-server 521
1790390957.281437934 812232 iou-wrk-812225 0
1790390957.487311666 812225 PL-server 573
1790390957.487311666 812231 PL-server 531
1790390957.487311666 812232 iou-wrk-812225 0
1790390957.692839008 812225 PL-server 585
1790390957.692839008 812231 PL-server 542
1790390957.692839008 812232 iou-wrk-812225 0
1790390957.898469379 812225 PL-server 596
1790390957.898469379 812231 PL-server 552
1790390957.898469379 812232 iou-wrk-812225 0
1790390958.104988375 812225 PL-server 603
1790390958.104988375 812231 PL-server 558
1790390958.104988375 812232 iou-wrk-812225 0
