1790391136.723142463 827762 PL-server 0
1790391136.723142463 827768 PL-server 0
1790391136.723142463 827769 iou-wrk-827762 0
1790391136.929848120 827762 PL-server 11
1790391136.929848120 827768 PL-server 10
1790391136.929848120 827769 iou-wrk-827762 0
1790391137.135512402 827762 PL-server 21
1790391137.135512402 827768 PL-server 20
1790391137.135512402 827769 iou-wrk-827762 0
1790391137.341358025 827762 PL-server 32
1790391137.341358025 827768 PL-server 31
1790391137.341358025 827769 iou-wrk-827762 0
1790391137.546569835 827762 PL-server 44
1790391137.546569835 827768 PL-server 41
1790391137.546569835 827769 iou-wrk-827762 0
1790391137.751800566 827762 PL-server 54
1790391137.751800566 827768 PL-server 52
1790391137.751800566 827769 iou-wrk-827762 0
1790391137.956786195 827762 PL-server 66
1790391137.956786195 827768 PL-server 63
1790391137.956786195 827769 iou-wrk-827762 0
1790391138.162443947 827762 PL-server 76
1790391138.162443947 827768 PL-server 73
1790391138.162443947 827769 iou-wrk-827762 0
1790391138.368022690 827762 PL-server 87
1790391138.368022690 827768 PL-server 84
1790391138.368022690 827769 iou-wrk-827762 0
1790391138.573359251 827762 PL-server 99
1790391138.573359251 827768 PL-server 95
1790391138.573359251 827769 iou-wrk-827762 0
1790391138.779096214 827762 PL-server 109
1790391138.779096214 827768 PL-server 105
1790391138.779096214 827769 iou-wrk-827762 0
1790391138.984777256 827762 PL-server 120
1790391138.984777256 827768 PL-server 116
1790391138.984777256 827769 iou-wrk-827762 0
1790391139.189587095 827762 PL-server 130
1790391139.189587095 827768 PL-server 125
1790391139.189587095 827769 iou-wrk-827762 0
1790391139.394756196 827762 PL-server 142
1790391139.394756196 827768 PL-server 136
1790391139.394756196 827769 iou-wrk-827762 0
1790391139.600297199 827762 PL-server 152
1790391139.600297199 827768 PL-server 147
1790391139.600297199 827769 iou-wrk-827762 0
1790391139.805920001 827762 PL-server 164
1790391139.805920001 827768 PL-server 158
1790391139.805920001 827769 iou-wrk-827762 0
1790391140.011306703 827762 PL-server 175
1790391140.011306703 827768 PL-server 168
1790391140.011306703 827769 iou-wrk-827762 0
1790391140.216229753 827762 PL-server 186
1790391140.216229753 827768 PL-server 178
1790391140.216229753 827769 iou-wrk-827762 0
1790391140.422114727 827762 PL-server 197
1790391140.422114727 827768 PL-server 189
1790391140.422114727 827769 iou-wrk-827762 0
1790391140.627615060 827762 PL-server 208
1790391140.627615060 827768 PL-server 200
1790391140.627615060 827769 iou-wrk-827762 0
1790391140.833540024 827762 PL-server 218
1790391140.833540024 827768 PL-server 210
1790391140.833540024 827769 iou-wrk-827762 0
1790391141.038466564 827762 PL-server 230
1790391141.038466564 827768 PL-server 221
1790391141.038466564 827769 iou-wrk-827762 0
1790391141.243658456 827762 PL-server 241
1790391141.243658456 827768 PL-server 231
1790391141.243658456 827769 iou-wrk-827762 0
1790391141.449547010 827762 PL-server 251
1790391141.449547010 827768 PL-server 242
1790391141.449547010 827769 iou-wrk-827762 0
1790391141.655444005 827762 PL-server 262
1790391141.655444005 827768 PL-server 252
1790391141.655444005 827769 iou-wrk-827762 0
1790391141.860756267 827762 PL-server 273
1790391141.860756267 827768 PL-server 263
1790391141.860756267 827769 iou-wrk-827762 0
1790391142.065905508 827762 PL-server 285
1790391142.065905508 827768 PL-server 273
1790391142.065905508 827769 iou-wrk-827762 0
1790391142.270764309 827762 PL-server 295
1790391142.270764309 827768 PL-server 284
1790391142.270764309 827769 iou-wrk-827762 0
1790391142.477163846 827762 PL-server 307
1790391142.477163846 827768 PL-server 295
1790391142.477163846 827769 iou-wrk-827762 0
1790391142.682150457 827762 PL-server 318
1790391142.682150457 827768 PL-server 305
1790391142.682150457 827769 iou-wrk-827762 0
1790391142.887692280 827762 PL-server 329
1790391142.887692280 827768 PL-server 315
1790391142.887692280 827769 iou-wrk-827762 0
1790391143.093576755 827762 PL-server 340
1790391143.093576755 827768 PL-server 327
1790391143.093576755 827769 iou-wrk-827762 0
1790391143.299028189 827762 PL-server 351
1790391143.299028189 827768 PL-server 337
1790391143.299028189 827769 iou-wrk-827762 0
1790391143.504548962 827762 PL-server 362
1790391143.504548962 827768 PL-server 347
1790391143.504548962 827769 iou-wrk-827762 0
1790391143.709952815 827762 PL-server 373
1790391143.709952815 827768 PL-server 358
1790391143.709952815 827769 iou-wrk-827762 0
1790391143.915519629 827762 PL-server 384
1790391143.915519629 827768 PL-server 369
1790391143.915519629 827769 iou-wrk-827762 0
1790391144.121276604 827762 PL-server 395
1790391144.121276604 827768 PL-server 379
1790391144.121276604 827769 iou-wrk-827762 0
1790391144.326595377 827762 PL-server 405
1790391144.326595377 827768 PL-server 389
1790391144.326595377 827769 iou-wrk-827762 0
1790391144.532455282 827762 PL-server 417
1790391144.532455282 827768 PL-server 400
1790391144.532455282 827769 iou-wrk-827762 0
1790391144.738014436 827762 PL-server 427
1790391144.738014436 827768 PL-server 410
1790391144.738014436 827769 iou-wrk-827762 0
1790391144.943646271 827762 PL-server 439
1790391144.943646271 827768 PL-server 421
1790391144.943646271 827769 iou-wrk-827762 0
1790391145.149445496 827762 PL-server 450
1790391145.149445496 827768 PL-server 432
1790391145.149445496 827769 iou-wrk-827762 0
1790391145.354972391 827762 PL-server 462
1790391145.354972391 827768 PL-server 443
1790391145.354972391 827769 iou-wrk-827762 0
1790391145.559675901 827762 PL-server 472
1790391145.559675901 827768 PL-server 453
1790391145.559675901 827769 iou-wrk-827762 0
1790391145.764653423 827762 PL-server 484
1790391145.764653423 827768 PL-server 464
1790391145.764653423 827769 iou-wrk-827762 0
1790391145.969934326 827762 PL-server 494
1790391145.969934326 827768 PL-server 474
1790391145.969934326 827769 iou-wrk-827762 0
1790391146.175428731 827762 PL-server 505
1790391146.175428731 827768 PL-server 485
1790391146.175428731 827769 iou-wrk-827762 0
1790391146.380730074 827762 PL-server 516
1790391146.380730074 827768 PL-server 496
1790391146.380730074 827769 iou-wrk-827762 0
1790391146.586135838 827762 PL-server 527
1790391146.586135838 827768 PL-server 506
1790391146.586135838 827769 iou-wrk-827762 0
1790391146.791578992 827762 PL-server 539
1790391146.791578992 827768 PL-server 517
1790391146.791578992 827769 iou-wrk-827762 0
1790391146.997647890 827762 PL-server 550
1790391146.997647890 827768 PL-server 528
1790391146.997647890 827769 iou-wrk-827762 0
1790391147.202616702 827762 PL-server 561
1790391147.202616702 827768 PL-server 539
1790391147.202616702 827769 iou-wrk-827762 0
1790391147.408221517 827762 PL-server 572
1790391147.408221517 827768 PL-server 549
1790391147.408221517 827769 iou-wrk-827762 0
1790391147.613488901 827762 PL-server 583
1790391147.613488901 827768 PL-server 560
1790391147.613488901 827769 iou-wrk-827762 0
1790391147.819540998 827762 PL-server 590
1790391147.819540998 827768 PL-server 566
1790391147.819540998 827769 iou-wrk-827762 0
