1790391203.787495635 833142 PL-server 0
1790391203.787495635 833148 PL-server 0
1790391203.787495635 833149 iou-wrk-833142 0
1790391203.993619109 833142 PL-server 10
1790391203.993619109 833148 PL-server 11
1790391203.993619109 833149 iou-wrk-833142 0
1790391204.199599553 833142 PL-server 20
1790391204.199599553 833148 PL-server 21
1790391204.199599553 833149 iou-wrk-833142 0
1790391204.404947965 833142 PL-server 30
1790391204.404947965 833148 PL-server 32
1790391204.404947965 833149 iou-wrk-833142 0
1790391204.610004435 833142 PL-server 40
1790391204.610004435 833148 PL-server 43
1790391204.610004435 833149 iou-wrk-833142 0
1790391204.815192326 833142 PL-server 50
1790391204.815192326 833148 PL-server 53
1790391204.815192326 833149 iou-wrk-833142 0
1790391205.019815584 833142 PL-server 60
1790391205.019815584 833148 PL-server 65
1790391205.019815584 833149 iou-wrk-833142 0
1790391205.225474757 833142 PL-server 71
1790391205.225474757 833148 PL-server 76
1790391205.225474757 833149 iou-wrk-833142 0
1790391205.431238430 833142 PL-server 81
1790391205.431238430 833148 PL-server 87
1790391205.431238430 833149 iou-wrk-833142 0
1790391205.636856093 833142 PL-server 91
1790391205.636856093 833148 PL-server 99
1790391205.636856093 833149 iou-wrk-833142 0
1790391205.842449566 833142 PL-server 102
1790391205.842449566 833148 PL-server 110
1790391205.842449566 833149 iou-wrk-833142 0
1790391206.047152325 833142 PL-server 112
1790391206.047152325 833148 PL-server 120
1790391206.047152325 833149 iou-wrk-833142 0
1790391206.252191005 833142 PL-server 123
1790391206.252191005 833148 PL-server 132
1790391206.252191005 833149 iou-wrk-833142 0
1790391206.457914069 833142 PL-server 132
1790391206.457914069 833148 PL-server 142
1790391206.457914069 833149 iou-wrk-833142 0
1790391206.663300271 833142 PL-server 142
1790391206.663300271 833148 PL-server 154
1790391206.663300271 833149 iou-wrk-833142 0
1790391206.869208396 833142 PL-server 154
1790391206.869208396 833148 PL-server 164
1790391206.869208396 833149 iou-wrk-833142 0
1790391207.074670688 833142 PL-server 164
1790391207.074670688 833148 PL-server 175
1790391207.074670688 833149 iou-wrk-833142 0
1790391207.279542878 833142 PL-server 173
1790391207.279542878 833148 PL-server 186
1790391207.279542878 833149 iou-wrk-833142 0
1790391207.484104557 833142 PL-server 184
1790391207.484104557 833148 PL-server 197
1790391207.484104557 833149 iou-wrk-833142 0
1790391207.689601390 833142 PL-server 194
1790391207.689601390 833148 PL-server 208
1790391207.689601390 833149 iou-wrk-833142 0
1790391207.895087393 833142 PL-server 204
1790391207.895087393 833148 PL-server 218
1790391207.895087393 833149 iou-wrk-833142 0
1790391208.099999483 833142 PL-server 215
1790391208.099999483 833148 PL-server 229
1790391208.099999483 833149 iou-wrk-833142 0
1790391208.305098465 833142 PL-server 225
1790391208.305098465 833148 PL-server 240
1790391208.305098465 833149 iou-wrk-833142 0
1790391208.510489327 833142 PL-server 235
1790391208.510489327 833148 PL-server 251
1790391208.510489327 833149 iou-wrk-833142 0
1790391208.715747809 833142 PL-server 245
1790391208.715747809 833148 PL-server 262
1790391208.715747809 833149 iou-wrk-833142 0
1790391208.921279483 833142 PL-server 255
1790391208.921279483 833148 PL-server 272
1790391208.921279483 833149 iou-wrk-833142 0
1790391209.126262164 833142 PL-server 266
1790391209.126262164 833148 PL-server 284
1790391209.126262164 833149 iou-wrk-833142 0
1790391209.331934408 833142 PL-server 276
1790391209.331934408 833148 PL-server 294
1790391209.331934408 833149 iou-wrk-833142 0
1790391209.536810519 833142 PL-server 286
1790391209.536810519 833148 PL-server 306
1790391209.536810519 833149 iou-wrk-833142 0
1790391209.741598129 833142 PL-server 297
1790391209.741598129 833148 PL-server 317
1790391209.741598129 833149 iou-wrk-833142 0
1790391209.947129203 833142 PL-server 307
1790391209.947129203 833148 PL-server 328
1790391209.947129203 833149 iou-wrk-833142 0
1790391210.153512951 833142 PL-server 318
1790391210.153512951 833148 PL-server 340
1790391210.153512951 833149 iou-wrk-833142 0
1790391210.359178715 833142 PL-server 328
1790391210.359178715 833148 PL-server 351
1790391210.359178715 833149 iou-wrk-833142 0
1790391210.564340717 833142 PL-server 338
1790391210.564340717 833148 PL-server 361
1790391210.564340717 833149 iou-wrk-833142 0
1790391210.770009042 833142 PL-server 348
1790391210.770009042 833148 PL-server 373
1790391210.770009042 833149 iou-wrk-833142 0
1790391210.975317325 833142 PL-server 359
1790391210.975317325 833148 PL-server 384
1790391210.975317325 833149 iou-wrk-833142 0
1790391211.180816909 833142 PL-server 369
1790391211.180816909 833148 PL-server 395
1790391211.180816909 833149 iou-wrk-833142 0
1790391211.386709805 833142 PL-server 380
1790391211.386709805 833148 PL-server 406
1790391211.386709805 833149 iou-wrk-833142 0
1790391211.592555951 833142 PL-server 390
1790391211.592555951 833148 PL-server 418
1790391211.592555951 833149 iou-wrk-833142 0
1790391211.797772073 833142 PL-server 401
1790391211.797772073 833148 PL-server 429
1790391211.797772073 833149 iou-wrk-833142 0
1790391212.004004561 833142 PL-server 411
1790391212.004004561 833148 PL-server 441
1790391212.004004561 833149 iou-wrk-833142 0
1790391212.210490540 833142 PL-server 421
1790391212.210490540 833148 PL-server 451
1790391212.210490540 833149 iou-wrk-833142 0
1790391212.415973234 833142 PL-server 431
1790391212.415973234 833148 PL-server 462
1790391212.415973234 833149 iou-wrk-833142 0
1790391212.621484058 833142 PL-server 441
1790391212.621484058 833148 PL-server 473
1790391212.621484058 833149 iou-wrk-833142 0
1790391212.827229634 833142 PL-server 452
1790391212.827229634 833148 PL-server 484
1790391212.827229634 833149 iou-wrk-833142 0
1790391213.032832769 833142 PL-server 462
1790391213.032832769 833148 PL-server 494
1790391213.032832769 833149 iou-wrk-833142 0
1790391213.238218113 833142 PL-server 472
1790391213.238218113 833148 PL-server 506
1790391213.238218113 833149 iou-wrk-833142 0
1790391213.443803528 833142 PL-server 482
1790391213.443803528 833148 PL-server 517
1790391213.443803528 833149 iou-wrk-833142 0
1790391213.649065012 833142 PL-server 493
1790391213.649065012 833148 PL-server 528
1790391213.649065012 833149 iou-wrk-833142 0
1790391213.853878073 833142 PL-server 503
1790391213.853878073 833148 PL-server 539
1790391213.853878073 833149 iou-wrk-833142 0
1790391214.059621189 833142 PL-server 513
1790391214.059621189 833148 PL-server 551
1790391214.059621189 833149 iou-wrk-833142 0
1790391214.265592526 833142 PL-server 524
1790391214.265592526 833148 PL-server 561
1790391214.265592526 833149 iou-wrk-833142 0
1790391214.471662554 833142 PL-server 533
1790391214.471662554 833148 PL-server 573
1790391214.471662554 833149 iou-wrk-833142 0
1790391214.676614976 833142 PL-server 544
1790391214.676614976 833148 PL-server 583
1790391214.676614976 833149 iou-wrk-833142 0
1790391214.882438692 833142 PL-server 550
1790391214.882438692 833148 PL-server 590
1790391214.882438692 833149 iou-wrk-833142 0
