1790391583.364488732 864063 PL-server 0
1790391583.364488732 864069 PL-server 0
1790391583.364488732 864070 iou-wrk-864063 0
1790391583.570796725 864063 PL-server 11
1790391583.570796725 864069 PL-server 10
1790391583.570796725 864070 iou-wrk-864063 0
1790391583.776202783 864063 PL-server 23
1790391583.776202783 864069 PL-server 21
1790391583.776202783 864070 iou-wrk-864063 0
1790391583.980855918 864063 PL-server 35
1790391583.980855918 864069 PL-server 32
1790391583.980855918 864070 iou-wrk-864063 0
1790391584.185245681 864063 PL-server 48
1790391584.185245681 864069 PL-server 43
1790391584.185245681 864070 iou-wrk-864063 0
1790391584.389838196 864063 PL-server 59
1790391584.389838196 864069 PL-server 53
1790391584.389838196 864070 iou-wrk-864063 0
1790391584.594079828 864063 PL-server 71
1790391584.594079828 864069 PL-server 64
1790391584.594079828 864070 iou-wrk-864063 0
1790391584.798532472 864063 PL-server 83
1790391584.798532472 864069 PL-server 75
1790391584.798532472 864070 iou-wrk-864063 0
1790391585.004051621 864063 PL-server 96
1790391585.004051621 864069 PL-server 87
1790391585.004051621 864070 iou-wrk-864063 0
1790391585.208821907 864063 PL-server 107
1790391585.208821907 864069 PL-server 98
1790391585.208821907 864070 iou-wrk-864063 0
1790391585.413412571 864063 PL-server 118
1790391585.413412571 864069 PL-server 109
1790391585.413412571 864070 iou-wrk-864063 0
1790391585.617778445 864063 PL-server 131
1790391585.617778445 864069 PL-server 121
1790391585.617778445 864070 iou-wrk-864063 0
1790391585.822233259 864063 PL-server 143
1790391585.822233259 864069 PL-server 132
1790391585.822233259 864070 iou-wrk-864063 0
1790391586.026377301 864063 PL-server 155
1790391586.026377301 864069 PL-server 142
1790391586.026377301 864070 iou-wrk-864063 0
1790391586.231848840 864063 PL-server 168
1790391586.231848840 864069 PL-server 155
1790391586.231848840 864070 iou-wrk-864063 0
1790391586.436560826 864063 PL-server 180
1790391586.436560826 864069 PL-server 166
1790391586.436560826 864070 iou-wrk-864063 0
1790391586.640964889 864063 PL-server 192
1790391586.640964889 864069 PL-server 176
1790391586.640964889 864070 iou-wrk-864063 0
1790391586.845826055 864063 PL-server 204
1790391586.845826055 864069 PL-server 188
1790391586.845826055 864070 iou-wrk-864063 0
1790391587.050899743 864063 PL-server 217
1790391587.050899743 864069 PL-server 199
1790391587.050899743 864070 iou-wrk-864063 0
1790391587.256028370 864063 PL-server 229
1790391587.256028370 864069 PL-server 210
1790391587.256028370 864070 iou-wrk-864063 0
1790391587.460421094 864063 PL-server 241
1790391587.460421094 864069 PL-server 221
1790391587.460421094 864070 iou-wrk-864063 0
1790391587.664779858 864063 PL-server 253
1790391587.664779858 864069 PL-server 232
1790391587.664779858 864070 iou-wrk-864063 0
1790391587.869278172 864063 PL-server 265
1790391587.869278172 864069 PL-server 243
1790391587.869278172 864070 iou-wrk-864063 0
1790391588.074122939 864063 PL-server 277
1790391588.074122939 864069 PL-server 255
1790391588.074122939 864070 iou-wrk-864063 0
1790391588.279074425 864063 PL-server 289
1790391588.279074425 864069 PL-server 266
1790391588.279074425 864070 iou-wrk-864063 0
1790391588.483291418 864063 PL-server 301
1790391588.483291418 864069 PL-server 277
1790391588.483291418 864070 iou-wrk-864063 0
1790391588.687629962 864063 PL-server 313
1790391588.687629962 864069 PL-server 288
1790391588.687629962 864070 iou-wrk-864063 0
1790391588.892174917 864063 PL-server 326
1790391588.892174917 864069 PL-server 300
1790391588.892174917 864070 iou-wrk-864063 0
1790391589.098054158 864063 PL-server 338
1790391589.098054158 864069 PL-server 312
1790391589.098054158 864070 iou-wrk-864063 0
1790391589.302703804 864063 PL-server 350
1790391589.302703804 864069 PL-server 322
1790391589.302703804 864070 iou-wrk-864063 0
1790391589.507321829 864063 PL-server 362
1790391589.507321829 864069 PL-server 334
1790391589.507321829 864070 iou-wrk-864063 0
1790391589.712510427 864063 PL-server 374
1790391589.712510427 864069 PL-server 345
1790391589.712510427 864070 iou-wrk-864063 0
1790391589.917323444 864063 PL-server 387
1790391589.917323444 864069 PL-server 356
1790391589.917323444 864070 iou-wrk-864063 0
1790391590.122713473 864063 PL-server 399
1790391590.122713473 864069 PL-server 367
1790391590.122713473 864070 iou-wrk-864063 0
1790391590.327696410 864063 PL-server 410
1790391590.327696410 864069 PL-server 378
1790391590.327696410 864070 iou-wrk-864063 0
1790391590.532796668 864063 PL-server 423
1790391590.532796668 864069 PL-server 390
1790391590.532796668 864070 iou-wrk-864063 0
1790391590.737770345 864063 PL-server 435
1790391590.737770345 864069 PL-server 401
1790391590.737770345 864070 iou-wrk-864063 0
1790391590.942793123 864063 PL-server 446
1790391590.942793123 864069 PL-server 412
1790391590.942793123 864070 iou-wrk-864063 0
1790391591.147353018 864063 PL-server 458
1790391591.147353018 864069 PL-server 423
1790391591.147353018 864070 iou-wrk-864063 0
1790391591.352336965 864063 PL-server 471
1790391591.352336965 864069 PL-server 435
1790391591.352336965 864070 iou-wrk-864063 0
1790391591.558620149 864063 PL-server 482
1790391591.558620149 864069 PL-server 446
1790391591.558620149 864070 iou-wrk-864063 0
1790391591.764434491 864063 PL-server 494
1790391591.764434491 864069 PL-server 456
1790391591.764434491 864070 iou-wrk-864063 0
1790391591.969115957 864063 PL-server 507
1790391591.969115957 864069 PL-server 467
1790391591.969115957 864070 iou-wrk-864063 0
1790391592.174615347 864063 PL-server 517
1790391592.174615347 864069 PL-server 478
1790391592.174615347 864070 iou-wrk-864063 0
1790391592.379663464 864063 PL-server 530
1790391592.379663464 864069 PL-server 488
1790391592.379663464 864070 iou-wrk-864063 0
1790391592.584917093 864063 PL-server 541
1790391592.584917093 864069 PL-server 499
1790391592.584917093 864070 iou-wrk-864063 0
1790391592.790532004 864063 PL-server 552
1790391592.790532004 864069 PL-server 510
1790391592.790532004 864070 iou-wrk-864063 0
1790391592.996075324 864063 PL-server 565
1790391592.996075324 864069 PL-server 521
1790391592.996075324 864070 iou-wrk-864063 0
1790391593.201149482 864063 PL-server 576
1790391593.201149482 864069 PL-server 532
1790391593.201149482 864070 iou-wrk-864063 0
1790391593.405967249 864063 PL-server 588
1790391593.405967249 864069 PL-server 542
1790391593.405967249 864070 iou-wrk-864063 0
1790391593.610980207 864063 PL-server 600
1790391593.610980207 864069 PL-server 553
1790391593.610980207 864070 iou-wrk-864063 0
1790391593.815832444 864063 PL-server 611
1790391593.815832444 864069 PL-server 564
1790391593.815832444 864070 iou-wrk-864063 0
1790391594.021092183 864063 PL-server 623
1790391594.021092183 864069 PL-server 574
1790391594.021092183 864070 iou-wrk-864063 0
1790391594.226055071 864063 PL-server 634
1790391594.226055071 864069 PL-server 586
1790391594.226055071 864070 iou-wrk-864063 0
1790391594.430971898 864063 PL-server 643
1790391594.430971898 864069 PL-server 593
1790391594.430971898 864070 iou-wrk-864063 0
