1790391638.971101767 868171 PA-server 0
1790391638.971101767 868177 PA-server 0
1790391638.971101767 868178 iou-wrk-868171 0
1790391639.177342157 868171 PA-server 3
1790391639.177342157 868177 PA-server 1
1790391639.177342157 868178 iou-wrk-868171 0
1790391639.177342157 868232 iou-wrk-868177 0
1790391639.384634182 868171 PA-server 8
1790391639.384634182 868177 PA-server 1
1790391639.384634182 868178 iou-wrk-868171 0
1790391639.384634182 868232 iou-wrk-868177 0
1790391639.591180044 868171 PA-server 12
1790391639.591180044 868177 PA-server 3
1790391639.591180044 868178 iou-wrk-868171 0
1790391639.591180044 868232 iou-wrk-868177 0
1790391639.798246127 868171 PA-server 16
1790391639.798246127 868177 PA-server 4
1790391639.798246127 868178 iou-wrk-868171 0
1790391639.798246127 868232 iou-wrk-868177 0
1790391640.004915720 868171 PA-server 20
1790391640.004915720 868177 PA-server 5
1790391640.004915720 868178 iou-wrk-868171 0
1790391640.004915720 868232 iou-wrk-868177 0
1790391640.211472471 868171 PA-server 24
1790391640.211472471 868177 PA-server 7
1790391640.211472471 868178 iou-wrk-868171 0
1790391640.211472471 868232 iou-wrk-868177 0
1790391640.418299304 868171 PA-server 28
1790391640.418299304 868177 PA-server 8
1790391640.418299304 868178 iou-wrk-868171 0
1790391640.418299304 868232 iou-wrk-868177 0
1790391640.625005616 868171 PA-server 32
1790391640.625005616 868177 PA-server 9
1790391640.625005616 868178 iou-wrk-868171 0
1790391640.625005616 868232 iou-wrk-868177 0
1790391640.831829439 868171 PA-server 36
1790391640.831829439 868177 PA-server 10
1790391640.831829439 868178 iou-wrk-868171 0
1790391640.831829439 868232 iou-wrk-868177 0
1790391641.038508122 868171 PA-server 40
1790391641.038508122 868177 PA-server 11
1790391641.038508122 868178 iou-wrk-868171 0
1790391641.038508122 868232 iou-wrk-868177 0
1790391641.245301374 868171 PA-server 44
1790391641.245301374 868177 PA-server 13
1790391641.245301374 868178 iou-wrk-868171 0
1790391641.245301374 868232 iou-wrk-868177 0
1790391641.452554160 868171 PA-server 48
1790391641.452554160 868177 PA-server 14
1790391641.452554160 868178 iou-wrk-868171 0
1790391641.452554160 868232 iou-wrk-868177 0
1790391641.659437503 868171 PA-server 52
1790391641.659437503 868177 PA-server 15
1790391641.659437503 868178 iou-wrk-868171 0
1790391641.659437503 868232 iou-wrk-868177 0
1790391641.866506267 868171 PA-server 57
1790391641.866506267 868177 PA-server 16
1790391641.866506267 868178 iou-wrk-868171 0
1790391641.866506267 868232 iou-wrk-868177 0
1790391642.073514961 868171 PA-server 60
1790391642.073514961 868177 PA-server 17
1790391642.073514961 868178 iou-wrk-868171 0
1790391642.073514961 868232 iou-wrk-868177 0
1790391642.280474195 868171 PA-server 64
1790391642.280474195 868177 PA-server 19
1790391642.280474195 868178 iou-wrk-868171 0
1790391642.280474195 868232 iou-wrk-868177 0
1790391642.487463049 868171 PA-server 68
1790391642.487463049 868177 PA-server 20
1790391642.487463049 868178 iou-wrk-868171 0
1790391642.487463049 868232 iou-wrk-868177 0
1790391642.694201052 868171 PA-server 72
1790391642.694201052 868177 PA-server 21
1790391642.694201052 868178 iou-wrk-868171 0
1790391642.694201052 868232 iou-wrk-868177 0
1790391642.901206946 868171 PA-server 76
1790391642.901206946 868177 PA-server 22
1790391642.901206946 868178 iou-wrk-868171 0
1790391642.901206946 868232 iou-wrk-868177 0
1790391643.108300761 868171 PA-server 80
1790391643.108300761 868177 PA-server 23
1790391643.108300761 868178 iou-wrk-868171 0
1790391643.108300761 868232 iou-wrk-868177 0
1790391643.315281275 868171 PA-server 84
1790391643.315281275 868177 PA-server 25
1790391643.315281275 868178 iou-wrk-868171 0
1790391643.315281275 868232 iou-wrk-868177 0
1790391643.522225589 868171 PA-server 89
1790391643.522225589 868177 PA-server 26
1790391643.522225589 868178 iou-wrk-868171 0
1790391643.522225589 868232 iou-wrk-868177 0
1790391643.729334883 868171 PA-server 93
1790391643.729334883 868177 PA-server 27
1790391643.729334883 868178 iou-wrk-868171 0
1790391643.729334883 868232 iou-wrk-868177 0
1790391643.936652479 868171 PA-server 97
1790391643.936652479 868177 PA-server 29
1790391643.936652479 868178 iou-wrk-868171 0
1790391643.936652479 868232 iou-wrk-868177 0
1790391644.143924995 868171 PA-server 100
1790391644.143924995 868177 PA-server 30
1790391644.143924995 868178 iou-wrk-868171 0
1790391644.143924995 868232 iou-wrk-868177 0
1790391644.350896429 868171 PA-server 105
1790391644.350896429 868177 PA-server 31
1790391644.350896429 868178 iou-wrk-868171 0
1790391644.350896429 868232 iou-wrk-868177 0
1790391644.558061714 868171 PA-server 109
1790391644.558061714 868177 PA-server 33
1790391644.558061714 868178 iou-wrk-868171 0
1790391644.558061714 868232 iou-wrk-868177 0
1790391644.765349040 868171 PA-server 114
1790391644.765349040 868177 PA-server 33
1790391644.765349040 868178 iou-wrk-868171 0
1790391644.765349040 868232 iou-wrk-868177 0
1790391644.972241834 868171 PA-server 118
1790391644.972241834 868177 PA-server 35
1790391644.972241834 868178 iou-wrk-868171 0
1790391644.972241834 868232 iou-wrk-868177 0
1790391645.179215038 868171 PA-server 121
1790391645.179215038 868177 PA-server 36
1790391645.179215038 868178 iou-wrk-868171 0
1790391645.179215038 868232 iou-wrk-868177 0
1790391645.386016321 868171 PA-server 125
1790391645.386016321 868177 PA-server 37
1790391645.386016321 868178 iou-wrk-868171 0
1790391645.386016321 868232 iou-wrk-868177 0
1790391645.593132656 868171 PA-server 130
1790391645.593132656 868177 PA-server 39
1790391645.593132656 868178 iou-wrk-868171 0
1790391645.593132656 868232 iou-wrk-868177 0
1790391645.800397122 868171 PA-server 134
1790391645.800397122 868177 PA-server 40
1790391645.800397122 868178 iou-wrk-868171 0
1790391645.800397122 868232 iou-wrk-868177 0
1790391646.007262786 868171 PA-server 138
1790391646.007262786 868177 PA-server 40
1790391646.007262786 868178 iou-wrk-868171 0
1790391646.007262786 868232 iou-wrk-868177 0
1790391646.214564302 868171 PA-server 141
1790391646.214564302 868177 PA-server 42
1790391646.214564302 868178 iou-wrk-868171 0
1790391646.214564302 868232 iou-wrk-868177 0
1790391646.421599667 868171 PA-server 146
1790391646.421599667 868177 PA-server 43
1790391646.421599667 868178 iou-wrk-868171 0
1790391646.421599667 868232 iou-wrk-868177 0
1790391646.628579591 868171 PA-server 150
1790391646.628579591 868177 PA-server 45
1790391646.628579591 868178 iou-wrk-868171 0
1790391646.628579591 868232 iou-wrk-868177 0
1790391646.835513495 868171 PA-server 154
1790391646.835513495 868177 PA-server 46
1790391646.835513495 868178 iou-wrk-868171 0
1790391646.835513495 868232 iou-wrk-868177 0
1790391647.042579340 868171 PA-server 159
1790391647.042579340 868177 PA-server 47
1790391647.042579340 868178 iou-wrk-868171 0
1790391647.042579340 868232 iou-wrk-868177 0
1790391647.249515715 868171 PA-server 162
1790391647.249515715 868177 PA-server 48
1790391647.249515715 868178 iou-wrk-868171 0
1790391647.249515715 868232 iou-wrk-868177 0
1790391647.456783371 868171 PA-server 166
1790391647.456783371 868177 PA-server 49
1790391647.456783371 868178 iou-wrk-868171 0
1790391647.456783371 868232 iou-wrk-868177 0
1790391647.663605295 868171 PA-server 170
1790391647.663605295 868177 PA-server 50
1790391647.663605295 868178 iou-wrk-868171 0
1790391647.663605295 868232 iou-wrk-868177 0
1790391647.870650919 868171 PA-server 175
1790391647.870650919 868177 PA-server 52
1790391647.870650919 868178 iou-wrk-868171 0
1790391647.870650919 868232 iou-wrk-868177 0
1790391648.077616524 868171 PA-server 179
1790391648.077616524 868177 PA-server 53
1790391648.077616524 868178 iou-wrk-868171 0
1790391648.077616524 868232 iou-wrk-868177 0
1790391648.284685039 868171 PA-server 182
1790391648.284685039 868177 PA-server 55
1790391648.284685039 868178 iou-wrk-868171 0
1790391648.284685039 868232 iou-wrk-868177 0
1790391648.491789625 868171 PA-server 186
1790391648.491789625 868177 PA-server 55
1790391648.491789625 868178 iou-wrk-868171 0
1790391648.491789625 868232 iou-wrk-868177 0
1790391648.698523598 868171 PA-server 191
1790391648.698523598 868177 PA-server 56
1790391648.698523598 868178 iou-wrk-868171 0
1790391648.698523598 868232 iou-wrk-868177 0
1790391648.905444872 868171 PA-server 195
1790391648.905444872 868177 PA-server 58
1790391648.905444872 868178 iou-wrk-868171 0
1790391648.905444872 868232 iou-wrk-868177 0
1790391649.112288907 868171 PA-server 199
1790391649.112288907 868177 PA-server 59
1790391649.112288907 868178 iou-wrk-868171 0
1790391649.112288907 868232 iou-wrk-868177 0
1790391649.319322172 868171 PA-server 203
1790391649.319322172 868177 PA-server 60
1790391649.319322172 868178 iou-wrk-868171 0
1790391649.319322172 868232 iou-wrk-868177 0
1790391649.526772839 868171 PA-server 207
1790391649.526772839 868177 PA-server 62
1790391649.526772839 868178 iou-wrk-868171 0
1790391649.526772839 868232 iou-wrk-868177 0
1790391649.733664693 868171 PA-server 211
1790391649.733664693 868177 PA-server 63
1790391649.733664693 868178 iou-wrk-868171 0
1790391649.733664693 868232 iou-wrk-868177 0
1790391649.940604778 868171 PA-server 215
1790391649.940604778 868177 PA-server 64
1790391649.940604778 868178 iou-wrk-868171 0
1790391649.940604778 868232 iou-wrk-868177 0
1790391650.147539062 868171 PA-server 219
1790391650.147539062 868177 PA-server 65
1790391650.147539062 868178 iou-wrk-868171 0
1790391650.147539062 868232 iou-wrk-868177 0
1790391650.354514687 868171 PA-server 223
1790391650.354514687 868177 PA-server 66
1790391650.354514687 868178 iou-wrk-868171 0
1790391650.354514687 868232 iou-wrk-868177 0
1790391650.561491852 868171 PA-server 228
1790391650.561491852 868177 PA-server 68
1790391650.561491852 868178 iou-wrk-868171 0
1790391650.561491852 868232 iou-wrk-868177 0
1790391650.768441347 868171 PA-server 231
1790391650.768441347 868177 PA-server 69
1790391650.768441347 868178 iou-wrk-868171 0
1790391650.768441347 868232 iou-wrk-868177 0
1790391650.975313681 868171 PA-server 235
1790391650.975313681 868177 PA-server 70
1790391650.975313681 868178 iou-wrk-868171 0
1790391650.975313681 868232 iou-wrk-868177 0
