1790391544.003740475 860678 PA-server 0
1790391544.003740475 860684 PA-server 0
1790391544.003740475 860685 iou-wrk-860678 0
1790391544.209305169 860678 PA-server 19
1790391544.209305169 860684 PA-server 5
1790391544.209305169 860685 iou-wrk-860678 0
1790391544.209305169 860739 iou-wrk-860684 0
1790391544.415785937 860678 PA-server 39
1790391544.415785937 860684 PA-server 9
1790391544.415785937 860685 iou-wrk-860678 0
1790391544.415785937 860739 iou-wrk-860684 0
1790391544.622905858 860678 PA-server 60
1790391544.622905858 860684 PA-server 14
1790391544.622905858 860685 iou-wrk-860678 0
1790391544.622905858 860739 iou-wrk-860684 0
1790391544.829282246 860678 PA-server 80
1790391544.829282246 860684 PA-server 19
1790391544.829282246 860685 iou-wrk-860678 0
1790391544.829282246 860739 iou-wrk-860684 0
1790391545.036352087 860678 PA-server 100
1790391545.036352087 860684 PA-server 24
1790391545.036352087 860685 iou-wrk-860678 0
1790391545.036352087 860739 iou-wrk-860684 0
1790391545.243571729 860678 PA-server 121
1790391545.243571729 860684 PA-server 29
1790391545.243571729 860685 iou-wrk-860678 0
1790391545.243571729 860739 iou-wrk-860684 0
1790391545.450215639 860678 PA-server 141
1790391545.450215639 860684 PA-server 34
1790391545.450215639 860685 iou-wrk-860678 0
1790391545.450215639 860739 iou-wrk-860684 0
1790391545.656910518 860678 PA-server 161
1790391545.656910518 860684 PA-server 38
1790391545.656910518 860685 iou-wrk-860678 0
1790391545.656910518 860739 iou-wrk-860684 0
1790391545.863516247 860678 PA-server 182
1790391545.863516247 860684 PA-server 44
1790391545.863516247 860685 iou-wrk-860678 0
1790391545.863516247 860739 iou-wrk-860684 0
1790391546.070931420 860678 PA-server 202
1790391546.070931420 860684 PA-server 49
1790391546.070931420 860685 iou-wrk-860678 0
1790391546.070931420 860739 iou-wrk-860684 0
1790391546.277537279 860678 PA-server 223
1790391546.277537279 860684 PA-server 54
1790391546.277537279 860685 iou-wrk-860678 0
1790391546.277537279 860739 iou-wrk-860684 0
1790391546.484229389 860678 PA-server 243
1790391546.484229389 860684 PA-server 58
1790391546.484229389 860685 iou-wrk-860678 0
1790391546.484229389 860739 iou-wrk-860684 0
1790391546.690566687 860678 PA-server 263
1790391546.690566687 860684 PA-server 64
1790391546.690566687 860685 iou-wrk-860678 0
1790391546.690566687 860739 iou-wrk-860684 0
1790391546.897318816 860678 PA-server 284
1790391546.897318816 860684 PA-server 69
1790391546.897318816 860685 iou-wrk-860678 0
1790391546.897318816 860739 iou-wrk-860684 0
1790391547.103696634 860678 PA-server 304
1790391547.103696634 860684 PA-server 74
1790391547.103696634 860685 iou-wrk-860678 0
1790391547.103696634 860739 iou-wrk-860684 0
1790391547.311010407 860678 PA-server 324
1790391547.311010407 860684 PA-server 79
1790391547.311010407 860685 iou-wrk-860678 0
1790391547.311010407 860739 iou-wrk-860684 0
1790391547.517834098 860678 PA-server 345
1790391547.517834098 860684 PA-server 84
1790391547.517834098 860685 iou-wrk-860678 0
1790391547.517834098 860739 iou-wrk-860684 0
1790391547.724736609 860678 PA-server 365
1790391547.724736609 860684 PA-server 90
1790391547.724736609 860685 iou-wrk-860678 0
1790391547.724736609 860739 iou-wrk-860684 0
1790391547.932173672 860678 PA-server 385
1790391547.932173672 860684 PA-server 94
1790391547.932173672 860685 iou-wrk-860678 0
1790391547.932173672 860739 iou-wrk-860684 0
1790391548.139284684 860678 PA-server 406
1790391548.139284684 860684 PA-server 99
1790391548.139284684 860685 iou-wrk-860678 0
1790391548.139284684 860739 iou-wrk-860684 0
1790391548.346349086 860678 PA-server 427
1790391548.346349086 860684 PA-server 104
1790391548.346349086 860685 iou-wrk-860678 0
1790391548.346349086 860739 iou-wrk-860684 0
1790391548.553555238 860678 PA-server 447
1790391548.553555238 860684 PA-server 110
1790391548.553555238 860685 iou-wrk-860678 0
1790391548.553555238 860739 iou-wrk-860684 0
1790391548.761050302 860678 PA-server 467
1790391548.761050302 860684 PA-server 114
1790391548.761050302 860685 iou-wrk-860678 0
1790391548.761050302 860739 iou-wrk-860684 0
1790391548.967742962 860678 PA-server 488
1790391548.967742962 860684 PA-server 119
1790391548.967742962 860685 iou-wrk-860678 0
1790391548.967742962 860739 iou-wrk-860684 0
1790391549.174315981 860678 PA-server 508
1790391549.174315981 860684 PA-server 124
1790391549.174315981 860685 iou-wrk-860678 0
1790391549.174315981 860739 iou-wrk-860684 0
1790391549.381495404 860678 PA-server 528
1790391549.381495404 860684 PA-server 130
1790391549.381495404 860685 iou-wrk-860678 0
1790391549.381495404 860739 iou-wrk-860684 0
1790391549.588060713 860678 PA-server 548
1790391549.588060713 860684 PA-server 135
1790391549.588060713 860685 iou-wrk-860678 0
1790391549.588060713 860739 iou-wrk-860684 0
1790391549.794017949 860678 PA-server 569
1790391549.794017949 860684 PA-server 139
1790391549.794017949 860685 iou-wrk-860678 0
1790391549.794017949 860739 iou-wrk-860684 0
1790391550.001286812 860678 PA-server 589
1790391550.001286812 860684 PA-server 144
1790391550.001286812 860685 iou-wrk-860678 0
1790391550.001286812 860739 iou-wrk-860684 0
1790391550.208458395 860678 PA-server 610
1790391550.208458395 860684 PA-server 149
1790391550.208458395 860685 iou-wrk-860678 0
1790391550.208458395 860739 iou-wrk-860684 0
1790391550.415947399 860678 PA-server 630
1790391550.415947399 860684 PA-server 154
1790391550.415947399 860685 iou-wrk-860678 0
1790391550.415947399 860739 iou-wrk-860684 0
1790391550.622680759 860678 PA-server 651
1790391550.622680759 860684 PA-server 159
1790391550.622680759 860685 iou-wrk-860678 0
1790391550.622680759 860739 iou-wrk-860684 0
1790391550.829156809 860678 PA-server 670
1790391550.829156809 860684 PA-server 163
1790391550.829156809 860685 iou-wrk-860678 0
1790391550.829156809 860739 iou-wrk-860684 0
1790391551.035856679 860678 PA-server 691
1790391551.035856679 860684 PA-server 169
1790391551.035856679 860685 iou-wrk-860678 0
1790391551.035856679 860739 iou-wrk-860684 0
1790391551.242956161 860678 PA-server 712
1790391551.242956161 860684 PA-server 174
1790391551.242956161 860685 iou-wrk-860678 0
1790391551.242956161 860739 iou-wrk-860684 0
1790391551.450017733 860678 PA-server 732
1790391551.450017733 860684 PA-server 179
1790391551.450017733 860685 iou-wrk-860678 0
1790391551.450017733 860739 iou-wrk-860684 0
1790391551.656706604 860678 PA-server 752
1790391551.656706604 860684 PA-server 184
1790391551.656706604 860685 iou-wrk-860678 0
1790391551.656706604 860739 iou-wrk-860684 0
1790391551.863759416 860678 PA-server 773
1790391551.863759416 860684 PA-server 189
1790391551.863759416 860685 iou-wrk-860678 0
1790391551.863759416 860739 iou-wrk-860684 0
1790391552.070180845 860678 PA-server 793
1790391552.070180845 860684 PA-server 193
1790391552.070180845 860685 iou-wrk-860678 0
1790391552.070180845 860739 iou-wrk-860684 0
1790391552.277007356 860678 PA-server 813
1790391552.277007356 860684 PA-server 198
1790391552.277007356 860685 iou-wrk-860678 0
1790391552.277007356 860739 iou-wrk-860684 0
1790391552.484274139 860678 PA-server 833
1790391552.484274139 860684 PA-server 204
1790391552.484274139 860685 iou-wrk-860678 0
1790391552.484274139 860739 iou-wrk-860684 0
1790391552.691193441 860678 PA-server 854
1790391552.691193441 860684 PA-server 209
1790391552.691193441 860685 iou-wrk-860678 0
1790391552.691193441 860739 iou-wrk-860684 0
1790391552.898079722 860678 PA-server 875
1790391552.898079722 860684 PA-server 214
1790391552.898079722 860685 iou-wrk-860678 0
1790391552.898079722 860739 iou-wrk-860684 0
1790391553.104562942 860678 PA-server 895
1790391553.104562942 860684 PA-server 219
1790391553.104562942 860685 iou-wrk-860678 0
1790391553.104562942 860739 iou-wrk-860684 0
1790391553.311832125 860678 PA-server 916
1790391553.311832125 860684 PA-server 224
1790391553.311832125 860685 iou-wrk-860678 0
1790391553.311832125 860739 iou-wrk-860684 0
1790391553.518453945 860678 PA-server 935
1790391553.518453945 860684 PA-server 229
1790391553.518453945 860685 iou-wrk-860678 0
1790391553.518453945 860739 iou-wrk-860684 0
1790391553.725064645 860678 PA-server 956
1790391553.725064645 860684 PA-server 234
1790391553.725064645 860685 iou-wrk-860678 0
1790391553.725064645 860739 iou-wrk-860684 0
1790391553.932112998 860678 PA-server 976
1790391553.932112998 860684 PA-server 239
1790391553.932112998 860685 iou-wrk-860678 0
1790391553.932112998 860739 iou-wrk-860684 0
1790391554.138372176 860678 PA-server 997
1790391554.138372176 860684 PA-server 244
1790391554.138372176 860685 iou-wrk-860678 0
1790391554.138372176 860739 iou-wrk-860684 0
1790391554.345223548 860678 PA-server 1017
1790391554.345223548 860684 PA-server 249
1790391554.345223548 860685 iou-wrk-860678 0
1790391554.345223548 860739 iou-wrk-860684 0
1790391554.552359621 860678 PA-server 1037
1790391554.552359621 860684 PA-server 253
1790391554.552359621 860685 iou-wrk-860678 0
1790391554.552359621 860739 iou-wrk-860684 0
1790391554.759115962 860678 PA-server 1057
1790391554.759115962 860684 PA-server 258
1790391554.759115962 860685 iou-wrk-860678 0
1790391554.759115962 860739 iou-wrk-860684 0
1790391554.966298355 860678 PA-server 1077
1790391554.966298355 860684 PA-server 264
1790391554.966298355 860685 iou-wrk-860678 0
1790391554.966298355 860739 iou-wrk-860684 0
1790391555.173037786 860678 PA-server 1083
1790391555.173037786 860684 PA-server 265
1790391555.173037786 860685 iou-wrk-860678 0
1790391555.173037786 860739 iou-wrk-860684 0
1790391555.380658092 860678 PA-server 1083
1790391555.380658092 860684 PA-server 266
1790391555.380658092 860685 iou-wrk-860678 0
1790391555.380658092 860739 iou-wrk-860684 0
