1790391080.545918255 823061 PL-server 0
1790391080.545918255 823067 PL-server 0
1790391080.545918255 823068 iou-wrk-823061 0
1790391080.751919339 823061 PL-server 12
1790391080.751919339 823067 PL-server 11
1790391080.751919339 823068 iou-wrk-823061 0
1790391080.957791963 823061 PL-server 24
1790391080.957791963 823067 PL-server 23
1790391080.957791963 823068 iou-wrk-823061 0
1790391081.163382635 823061 PL-server 37
1790391081.163382635 823067 PL-server 35
1790391081.163382635 823068 iou-wrk-823061 0
1790391081.368442875 823061 PL-server 50
1790391081.368442875 823067 PL-server 47
1790391081.368442875 823068 iou-wrk-823061 0
1790391081.573596206 823061 PL-server 62
1790391081.573596206 823067 PL-server 59
1790391081.573596206 823068 iou-wrk-823061 0
1790391081.777969943 823061 PL-server 74
1790391081.777969943 823067 PL-server 70
1790391081.777969943 823068 iou-wrk-823061 0
1790391081.982439711 823061 PL-server 86
1790391081.982439711 823067 PL-server 81
1790391081.982439711 823068 iou-wrk-823061 0
1790391082.187423051 823061 PL-server 97
1790391082.187423051 823067 PL-server 93
1790391082.187423051 823068 iou-wrk-823061 0
1790391082.392139460 823061 PL-server 109
1790391082.392139460 823067 PL-server 104
1790391082.392139460 823068 iou-wrk-823061 0
1790391082.596713049 823061 PL-server 121
1790391082.596713049 823067 PL-server 115
1790391082.596713049 823068 iou-wrk-823061 0
1790391082.801323627 823061 PL-server 133
1790391082.801323627 823067 PL-server 126
1790391082.801323627 823068 iou-wrk-823061 0
1790391083.005746625 823061 PL-server 145
1790391083.005746625 823067 PL-server 138
1790391083.005746625 823068 iou-wrk-823061 0
1790391083.210831876 823061 PL-server 157
1790391083.210831876 823067 PL-server 149
1790391083.210831876 823068 iou-wrk-823061 0
1790391083.415248374 823061 PL-server 169
1790391083.415248374 823067 PL-server 161
1790391083.415248374 823068 iou-wrk-823061 0
1790391083.621262720 823061 PL-server 182
1790391083.621262720 823067 PL-server 172
1790391083.621262720 823068 iou-wrk-823061 0
1790391083.825935209 823061 PL-server 193
1790391083.825935209 823067 PL-server 183
1790391083.825935209 823068 iou-wrk-823061 0
1790391084.030930030 823061 PL-server 205
1790391084.030930030 823067 PL-server 195
1790391084.030930030 823068 iou-wrk-823061 0
1790391084.235234288 823061 PL-server 218
1790391084.235234288 823067 PL-server 206
1790391084.235234288 823068 iou-wrk-823061 0
1790391084.440498510 823061 PL-server 229
1790391084.440498510 823067 PL-server 217
1790391084.440498510 823068 iou-wrk-823061 0
1790391084.645926393 823061 PL-server 242
1790391084.645926393 823067 PL-server 229
1790391084.645926393 823068 iou-wrk-823061 0
1790391084.850266561 823061 PL-server 254
1790391084.850266561 823067 PL-server 240
1790391084.850266561 823068 iou-wrk-823061 0
1790391085.054773560 823061 PL-server 267
1790391085.054773560 823067 PL-server 251
1790391085.054773560 823068 iou-wrk-823061 0
1790391085.259989992 823061 PL-server 279
1790391085.259989992 823067 PL-server 263
1790391085.259989992 823068 iou-wrk-823061 0
1790391085.464441161 823061 PL-server 291
1790391085.464441161 823067 PL-server 275
1790391085.464441161 823068 iou-wrk-823061 0
1790391085.669251722 823061 PL-server 304
1790391085.669251722 823067 PL-server 286
1790391085.669251722 823068 iou-wrk-823061 0
1790391085.873799301 823061 PL-server 316
1790391085.873799301 823067 PL-server 297
1790391085.873799301 823068 iou-wrk-823061 0
1790391086.078152310 823061 PL-server 328
1790391086.078152310 823067 PL-server 308
1790391086.078152310 823068 iou-wrk-823061 0
1790391086.282631839 823061 PL-server 340
1790391086.282631839 823067 PL-server 321
1790391086.282631839 823068 iou-wrk-823061 0
1790391086.487126059 823061 PL-server 353
1790391086.487126059 823067 PL-server 332
1790391086.487126059 823068 iou-wrk-823061 0
1790391086.691510078 823061 PL-server 365
1790391086.691510078 823067 PL-server 343
1790391086.691510078 823068 iou-wrk-823061 0
1790391086.896482730 823061 PL-server 377
1790391086.896482730 823067 PL-server 355
1790391086.896482730 823068 iou-wrk-823061 0
1790391087.101743923 823061 PL-server 389
1790391087.101743923 823067 PL-server 366
1790391087.101743923 823068 iou-wrk-823061 0
1790391087.306575274 823061 PL-server 401
1790391087.306575274 823067 PL-server 376
1790391087.306575274 823068 iou-wrk-823061 0
1790391087.511786707 823061 PL-server 413
1790391087.511786707 823067 PL-server 387
1790391087.511786707 823068 iou-wrk-823061 0
1790391087.716740099 823061 PL-server 424
1790391087.716740099 823067 PL-server 399
1790391087.716740099 823068 iou-wrk-823061 0
1790391087.921790832 823061 PL-server 436
1790391087.921790832 823067 PL-server 409
1790391087.921790832 823068 iou-wrk-823061 0
1790391088.126442253 823061 PL-server 448
1790391088.126442253 823067 PL-server 420
1790391088.126442253 823068 iou-wrk-823061 0
1790391088.330758272 823061 PL-server 460
1790391088.330758272 823067 PL-server 432
1790391088.330758272 823068 iou-wrk-823061 0
1790391088.535119782 823061 PL-server 471
1790391088.535119782 823067 PL-server 443
1790391088.535119782 823068 iou-wrk-823061 0
1790391088.739951374 823061 PL-server 484
1790391088.739951374 823067 PL-server 454
1790391088.739951374 823068 iou-wrk-823061 0
1790391088.945121057 823061 PL-server 496
1790391088.945121057 823067 PL-server 466
1790391088.945121057 823068 iou-wrk-823061 0
1790391089.149718258 823061 PL-server 508
1790391089.149718258 823067 PL-server 476
1790391089.149718258 823068 iou-wrk-823061 0
1790391089.355410294 823061 PL-server 520
1790391089.355410294 823067 PL-server 487
1790391089.355410294 823068 iou-wrk-823061 0
1790391089.561136790 823061 PL-server 531
1790391089.561136790 823067 PL-server 498
1790391089.561136790 823068 iou-wrk-823061 0
1790391089.766666395 823061 PL-server 542
1790391089.766666395 823067 PL-server 508
1790391089.766666395 823068 iou-wrk-823061 0
1790391089.972265041 823061 PL-server 553
1790391089.972265041 823067 PL-server 520
1790391089.972265041 823068 iou-wrk-823061 0
1790391090.177373064 823061 PL-server 565
1790391090.177373064 823067 PL-server 531
1790391090.177373064 823068 iou-wrk-823061 0
1790391090.382958410 823061 PL-server 577
1790391090.382958410 823067 PL-server 541
1790391090.382958410 823068 iou-wrk-823061 0
1790391090.588448606 823061 PL-server 588
1790391090.588448606 823067 PL-server 552
1790391090.588448606 823068 iou-wrk-823061 0
1790391090.793366749 823061 PL-server 601
1790391090.793366749 823067 PL-server 563
1790391090.793366749 823068 iou-wrk-823061 0
1790391090.999082695 823061 PL-server 612
1790391090.999082695 823067 PL-server 574
1790391090.999082695 823068 iou-wrk-823061 0
1790391091.204604561 823061 PL-server 624
1790391091.204604561 823067 PL-server 585
1790391091.204604561 823068 iou-wrk-823061 0
1790391091.409469234 823061 PL-server 635
1790391091.409469234 823067 PL-server 595
1790391091.409469234 823068 iou-wrk-823061 0
1790391091.615133740 823061 PL-server 644
1790391091.615133740 823067 PL-server 603
1790391091.615133740 823068 iou-wrk-823061 0
