1790391231.512524767 835194 PA-server 0
1790391231.512524767 835200 PA-server 0
1790391231.512524767 835201 iou-wrk-835194 0
1790391231.719244942 835194 PA-server 13
1790391231.719244942 835200 PA-server 13
1790391231.719244942 835201 iou-wrk-835194 0
1790391231.925073903 835194 PA-server 27
1790391231.925073903 835200 PA-server 26
1790391231.925073903 835201 iou-wrk-835194 0
1790391232.130430032 835194 PA-server 40
1790391232.130430032 835200 PA-server 38
1790391232.130430032 835201 iou-wrk-835194 0
1790391232.335202449 835194 PA-server 54
1790391232.335202449 835200 PA-server 52
1790391232.335202449 835201 iou-wrk-835194 0
1790391232.539450873 835194 PA-server 68
1790391232.539450873 835200 PA-server 66
1790391232.539450873 835201 iou-wrk-835194 0
1790391232.743824297 835194 PA-server 81
1790391232.743824297 835200 PA-server 78
1790391232.743824297 835201 iou-wrk-835194 0
1790391232.948430293 835194 PA-server 95
1790391232.948430293 835200 PA-server 92
1790391232.948430293 835201 iou-wrk-835194 0
1790391233.152973459 835194 PA-server 109
1790391233.152973459 835200 PA-server 105
1790391233.152973459 835201 iou-wrk-835194 0
1790391233.357272373 835194 PA-server 123
1790391233.357272373 835200 PA-server 118
1790391233.357272373 835201 iou-wrk-835194 0
1790391233.561969500 835194 PA-server 137
1790391233.561969500 835200 PA-server 131
1790391233.561969500 835201 iou-wrk-835194 0
1790391233.766207164 835194 PA-server 150
1790391233.766207164 835200 PA-server 144
1790391233.766207164 835201 iou-wrk-835194 0
1790391233.970563319 835194 PA-server 164
1790391233.970563319 835200 PA-server 157
1790391233.970563319 835201 iou-wrk-835194 0
1790391234.175137575 835194 PA-server 178
1790391234.175137575 835200 PA-server 171
1790391234.175137575 835201 iou-wrk-835194 0
1790391234.379585361 835194 PA-server 191
1790391234.379585361 835200 PA-server 183
1790391234.379585361 835201 iou-wrk-835194 0
1790391234.584057836 835194 PA-server 206
1790391234.584057836 835200 PA-server 197
1790391234.584057836 835201 iou-wrk-835194 0
1790391234.788825873 835194 PA-server 220
1790391234.788825873 835200 PA-server 210
1790391234.788825873 835201 iou-wrk-835194 0
1790391234.993156378 835194 PA-server 233
1790391234.993156378 835200 PA-server 223
1790391234.993156378 835201 iou-wrk-835194 0
1790391235.197365273 835194 PA-server 247
1790391235.197365273 835200 PA-server 237
1790391235.197365273 835201 iou-wrk-835194 0
1790391235.401497697 835194 PA-server 260
1790391235.401497697 835200 PA-server 249
1790391235.401497697 835201 iou-wrk-835194 0
1790391235.605863373 835194 PA-server 274
1790391235.605863373 835200 PA-server 262
1790391235.605863373 835201 iou-wrk-835194 0
1790391235.810272658 835194 PA-server 288
1790391235.810272658 835200 PA-server 276
1790391235.810272658 835201 iou-wrk-835194 0
1790391236.014784364 835194 PA-server 302
1790391236.014784364 835200 PA-server 289
1790391236.014784364 835201 iou-wrk-835194 0
1790391236.219005829 835194 PA-server 316
1790391236.219005829 835200 PA-server 302
1790391236.219005829 835201 iou-wrk-835194 0
1790391236.423545476 835194 PA-server 330
1790391236.423545476 835200 PA-server 316
1790391236.423545476 835201 iou-wrk-835194 0
1790391236.628179003 835194 PA-server 344
1790391236.628179003 835200 PA-server 329
1790391236.628179003 835201 iou-wrk-835194 0
1790391236.832495638 835194 PA-server 358
1790391236.832495638 835200 PA-server 343
1790391236.832495638 835201 iou-wrk-835194 0
1790391237.038539612 835194 PA-server 375
1790391237.038539612 835200 PA-server 360
1790391237.038539612 835201 iou-wrk-835194 0
1790391237.244035903 835194 PA-server 388
1790391237.244035903 835200 PA-server 373
1790391237.244035903 835201 iou-wrk-835194 0
1790391237.448645020 835194 PA-server 402
1790391237.448645020 835200 PA-server 387
1790391237.448645020 835201 iou-wrk-835194 0
1790391237.654060181 835194 PA-server 419
1790391237.654060181 835200 PA-server 402
1790391237.654060181 835201 iou-wrk-835194 0
1790391237.860299156 835194 PA-server 433
1790391237.860299156 835200 PA-server 416
1790391237.860299156 835201 iou-wrk-835194 0
1790391238.065523776 835194 PA-server 449
1790391238.065523776 835200 PA-server 433
1790391238.065523776 835201 iou-wrk-835194 0
1790391238.271247909 835194 PA-server 464
1790391238.271247909 835200 PA-server 447
1790391238.271247909 835201 iou-wrk-835194 0
1790391238.476084197 835194 PA-server 480
1790391238.476084197 835200 PA-server 463
1790391238.476084197 835201 iou-wrk-835194 0
1790391238.681077996 835194 PA-server 494
1790391238.681077996 835200 PA-server 477
1790391238.681077996 835201 iou-wrk-835194 0
1790391238.886564038 835194 PA-server 508
1790391238.886564038 835200 PA-server 489
1790391238.886564038 835201 iou-wrk-835194 0
1790391239.091439476 835194 PA-server 521
1790391239.091439476 835200 PA-server 502
1790391239.091439476 835201 iou-wrk-835194 0
1790391239.296285265 835194 PA-server 535
1790391239.296285265 835200 PA-server 517
1790391239.296285265 835201 iou-wrk-835194 0
1790391239.501756687 835194 PA-server 549
1790391239.501756687 835200 PA-server 530
1790391239.501756687 835201 iou-wrk-835194 0
1790391239.706602295 835194 PA-server 563
1790391239.706602295 835200 PA-server 544
1790391239.706602295 835201 iou-wrk-835194 0
1790391239.911636525 835194 PA-server 577
1790391239.911636525 835200 PA-server 556
1790391239.911636525 835201 iou-wrk-835194 0
1790391240.116406934 835194 PA-server 591
1790391240.116406934 835200 PA-server 570
1790391240.116406934 835201 iou-wrk-835194 0
1790391240.320849581 835194 PA-server 605
1790391240.320849581 835200 PA-server 583
1790391240.320849581 835201 iou-wrk-835194 0
1790391240.526032361 835194 PA-server 618
1790391240.526032361 835200 PA-server 596
1790391240.526032361 835201 iou-wrk-835194 0
1790391240.730293698 835194 PA-server 635
1790391240.730293698 835200 PA-server 611
1790391240.730293698 835201 iou-wrk-835194 0
1790391240.934918075 835194 PA-server 648
1790391240.934918075 835200 PA-server 625
1790391240.934918075 835201 iou-wrk-835194 0
1790391241.139610394 835194 PA-server 661
1790391241.139610394 835200 PA-server 638
1790391241.139610394 835201 iou-wrk-835194 0
1790391241.344400433 835194 PA-server 675
1790391241.344400433 835200 PA-server 651
1790391241.344400433 835201 iou-wrk-835194 0
1790391241.548747710 835194 PA-server 689
1790391241.548747710 835200 PA-server 664
1790391241.548747710 835201 iou-wrk-835194 0
1790391241.753515539 835194 PA-server 703
1790391241.753515539 835200 PA-server 677
1790391241.753515539 835201 iou-wrk-835194 0
1790391241.959873755 835194 PA-server 717
1790391241.959873755 835200 PA-server 691
1790391241.959873755 835201 iou-wrk-835194 0
1790391242.164211282 835194 PA-server 731
1790391242.164211282 835200 PA-server 704
1790391242.164211282 835201 iou-wrk-835194 0
1790391242.369036252 835194 PA-server 745
1790391242.369036252 835200 PA-server 717
1790391242.369036252 835201 iou-wrk-835194 0
1790391242.573950552 835194 PA-server 755
1790391242.573950552 835200 PA-server 727
1790391242.573950552 835201 iou-wrk-835194 0
1790391242.780113707 835194 PA-server 755
1790391242.780113707 835200 PA-server 728
1790391242.780113707 835201 iou-wrk-835194 0
