1790391734.389788235 875672 WSL-server 0
1790391734.389788235 875678 WSL-server 0
1790391734.389788235 875679 iou-wrk-875672 0
1790391734.596598778 875672 WSL-server 13
1790391734.596598778 875678 WSL-server 13
1790391734.596598778 875679 iou-wrk-875672 0
1790391734.802448407 875672 WSL-server 27
1790391734.802448407 875678 WSL-server 26
1790391734.802448407 875679 iou-wrk-875672 0
1790391735.007557231 875672 WSL-server 40
1790391735.007557231 875678 WSL-server 41
1790391735.007557231 875679 iou-wrk-875672 0
1790391735.212371325 875672 WSL-server 55
1790391735.212371325 875678 WSL-server 55
1790391735.212371325 875679 iou-wrk-875672 0
1790391735.417402479 875672 WSL-server 68
1790391735.417402479 875678 WSL-server 68
1790391735.417402479 875679 iou-wrk-875672 0
1790391735.622826326 875672 WSL-server 83
1790391735.622826326 875678 WSL-server 82
1790391735.622826326 875679 iou-wrk-875672 0
1790391735.827828710 875672 WSL-server 97
1790391735.827828710 875678 WSL-server 96
1790391735.827828710 875679 iou-wrk-875672 0
1790391736.033206846 875672 WSL-server 111
1790391736.033206846 875678 WSL-server 111
1790391736.033206846 875679 iou-wrk-875672 0
1790391736.238153600 875672 WSL-server 124
1790391736.238153600 875678 WSL-server 125
1790391736.238153600 875679 iou-wrk-875672 0
1790391736.443199565 875672 WSL-server 138
1790391736.443199565 875678 WSL-server 138
1790391736.443199565 875679 iou-wrk-875672 0
1790391736.648335740 875672 WSL-server 153
1790391736.648335740 875678 WSL-server 152
1790391736.648335740 875679 iou-wrk-875672 0
1790391736.852868562 875672 WSL-server 167
1790391736.852868562 875678 WSL-server 167
1790391736.852868562 875679 iou-wrk-875672 0
1790391737.057290004 875672 WSL-server 181
1790391737.057290004 875678 WSL-server 180
1790391737.057290004 875679 iou-wrk-875672 0
1790391737.262855771 875672 WSL-server 195
1790391737.262855771 875678 WSL-server 194
1790391737.262855771 875679 iou-wrk-875672 0
1790391737.467934896 875672 WSL-server 209
1790391737.467934896 875678 WSL-server 208
1790391737.467934896 875679 iou-wrk-875672 0
1790391737.672826260 875672 WSL-server 223
1790391737.672826260 875678 WSL-server 222
1790391737.672826260 875679 iou-wrk-875672 0
1790391737.877963755 875672 WSL-server 237
1790391737.877963755 875678 WSL-server 236
1790391737.877963755 875679 iou-wrk-875672 0
1790391738.083260341 875672 WSL-server 251
1790391738.083260341 875678 WSL-server 249
1790391738.083260341 875679 iou-wrk-875672 0
1790391738.288053765 875672 WSL-server 265
1790391738.288053765 875678 WSL-server 264
1790391738.288053765 875679 iou-wrk-875672 0
1790391738.492883859 875672 WSL-server 279
1790391738.492883859 875678 WSL-server 277
1790391738.492883859 875679 iou-wrk-875672 0
1790391738.698195765 875672 WSL-server 292
1790391738.698195765 875678 WSL-server 291
1790391738.698195765 875679 iou-wrk-875672 0
1790391738.903770382 875672 WSL-server 307
1790391738.903770382 875678 WSL-server 305
1790391738.903770382 875679 iou-wrk-875672 0
1790391739.109261240 875672 WSL-server 320
1790391739.109261240 875678 WSL-server 319
1790391739.109261240 875679 iou-wrk-875672 0
1790391739.314437975 875672 WSL-server 335
1790391739.314437975 875678 WSL-server 333
1790391739.314437975 875679 iou-wrk-875672 0
1790391739.519472240 875672 WSL-server 349
1790391739.519472240 875678 WSL-server 347
1790391739.519472240 875679 iou-wrk-875672 0
1790391739.724473935 875672 WSL-server 363
1790391739.724473935 875678 WSL-server 361
1790391739.724473935 875679 iou-wrk-875672 0
1790391739.929627910 875672 WSL-server 377
1790391739.929627910 875678 WSL-server 374
1790391739.929627910 875679 iou-wrk-875672 0
1790391740.134672985 875672 WSL-server 391
1790391740.134672985 875678 WSL-server 389
1790391740.134672985 875679 iou-wrk-875672 0
1790391740.340577295 875672 WSL-server 404
1790391740.340577295 875678 WSL-server 403
1790391740.340577295 875679 iou-wrk-875672 0
1790391740.545924211 875672 WSL-server 419
1790391740.545924211 875678 WSL-server 416
1790391740.545924211 875679 iou-wrk-875672 0
1790391740.751179277 875672 WSL-server 433
1790391740.751179277 875678 WSL-server 431
1790391740.751179277 875679 iou-wrk-875672 0
1790391740.956665065 875672 WSL-server 447
1790391740.956665065 875678 WSL-server 444
1790391740.956665065 875679 iou-wrk-875672 0
1790391741.161585769 875672 WSL-server 461
1790391741.161585769 875678 WSL-server 458
1790391741.161585769 875679 iou-wrk-875672 0
1790391741.366752575 875672 WSL-server 475
1790391741.366752575 875678 WSL-server 472
1790391741.366752575 875679 iou-wrk-875672 0
1790391741.571391888 875672 WSL-server 489
1790391741.571391888 875678 WSL-server 486
1790391741.571391888 875679 iou-wrk-875672 0
1790391741.776621714 875672 WSL-server 503
1790391741.776621714 875678 WSL-server 500
1790391741.776621714 875679 iou-wrk-875672 0
1790391741.981771180 875672 WSL-server 518
1790391741.981771180 875678 WSL-server 513
1790391741.981771180 875679 iou-wrk-875672 0
1790391742.187484289 875672 WSL-server 531
1790391742.187484289 875678 WSL-server 527
1790391742.187484289 875679 iou-wrk-875672 0
1790391742.392883766 875672 WSL-server 545
1790391742.392883766 875678 WSL-server 541
1790391742.392883766 875679 iou-wrk-875672 0
1790391742.598734205 875672 WSL-server 559
1790391742.598734205 875678 WSL-server 555
1790391742.598734205 875679 iou-wrk-875672 0
1790391742.804863646 875672 WSL-server 573
1790391742.804863646 875678 WSL-server 569
1790391742.804863646 875679 iou-wrk-875672 0
1790391743.010121782 875672 WSL-server 587
1790391743.010121782 875678 WSL-server 583
1790391743.010121782 875679 iou-wrk-875672 0
1790391743.215622350 875672 WSL-server 601
1790391743.215622350 875678 WSL-server 597
1790391743.215622350 875679 iou-wrk-875672 0
1790391743.420616405 875672 WSL-server 615
1790391743.420616405 875678 WSL-server 611
1790391743.420616405 875679 iou-wrk-875672 0
1790391743.626164833 875672 WSL-server 629
1790391743.626164833 875678 WSL-server 625
1790391743.626164833 875679 iou-wrk-875672 0
1790391743.831209938 875672 WSL-server 643
1790391743.831209938 875678 WSL-server 639
1790391743.831209938 875679 iou-wrk-875672 0
1790391744.035850341 875672 WSL-server 657
1790391744.035850341 875678 WSL-server 652
1790391744.035850341 875679 iou-wrk-875672 0
1790391744.241573930 875672 WSL-server 671
1790391744.241573930 875678 WSL-server 667
1790391744.241573930 875679 iou-wrk-875672 0
1790391744.447221799 875672 WSL-server 685
1790391744.447221799 875678 WSL-server 681
1790391744.447221799 875679 iou-wrk-875672 0
1790391744.652141934 875672 WSL-server 699
1790391744.652141934 875678 WSL-server 694
1790391744.652141934 875679 iou-wrk-875672 0
1790391744.857924333 875672 WSL-server 713
1790391744.857924333 875678 WSL-server 708
1790391744.857924333 875679 iou-wrk-875672 0
1790391745.063417461 875672 WSL-server 727
1790391745.063417461 875678 WSL-server 723
1790391745.063417461 875679 iou-wrk-875672 0
1790391745.269112139 875672 WSL-server 741
1790391745.269112139 875678 WSL-server 736
1790391745.269112139 875679 iou-wrk-875672 0
1790391745.474682248 875672 WSL-server 750
1790391745.474682248 875678 WSL-server 746
1790391745.474682248 875679 iou-wrk-875672 0
