1790391029.909147173 818840 PL-server 0
1790391029.909147173 818846 PL-server 0
1790391029.909147173 818847 iou-wrk-818840 0
1790391030.114398094 818840 PL-server 10
1790391030.114398094 818846 PL-server 10
1790391030.114398094 818847 iou-wrk-818840 0
1790391030.320030228 818840 PL-server 22
1790391030.320030228 818846 PL-server 21
1790391030.320030228 818847 iou-wrk-818840 0
1790391030.524783827 818840 PL-server 33
1790391030.524783827 818846 PL-server 31
1790391030.524783827 818847 iou-wrk-818840 0
1790391030.730176409 818840 PL-server 44
1790391030.730176409 818846 PL-server 41
1790391030.730176409 818847 iou-wrk-818840 0
1790391030.935201150 818840 PL-server 55
1790391030.935201150 818846 PL-server 52
1790391030.935201150 818847 iou-wrk-818840 0
1790391031.140432972 818840 PL-server 67
1790391031.140432972 818846 PL-server 62
1790391031.140432972 818847 iou-wrk-818840 0
1790391031.345607203 818840 PL-server 79
1790391031.345607203 818846 PL-server 73
1790391031.345607203 818847 iou-wrk-818840 0
1790391031.551463088 818840 PL-server 90
1790391031.551463088 818846 PL-server 83
1790391031.551463088 818847 iou-wrk-818840 0
1790391031.756577919 818840 PL-server 101
1790391031.756577919 818846 PL-server 94
1790391031.756577919 818847 iou-wrk-818840 0
1790391031.962088122 818840 PL-server 112
1790391031.962088122 818846 PL-server 104
1790391031.962088122 818847 iou-wrk-818840 0
1790391032.168075308 818840 PL-server 123
1790391032.168075308 818846 PL-server 115
1790391032.168075308 818847 iou-wrk-818840 0
1790391032.373078879 818840 PL-server 134
1790391032.373078879 818846 PL-server 125
1790391032.373078879 818847 iou-wrk-818840 0
1790391032.578525372 818840 PL-server 146
1790391032.578525372 818846 PL-server 137
1790391032.578525372 818847 iou-wrk-818840 0
1790391032.783903845 818840 PL-server 157
1790391032.783903845 818846 PL-server 147
1790391032.783903845 818847 iou-wrk-818840 0
1790391032.989585449 818840 PL-server 169
1790391032.989585449 818846 PL-server 157
1790391032.989585449 818847 iou-wrk-818840 0
1790391033.195097743 818840 PL-server 180
1790391033.195097743 818846 PL-server 168
1790391033.195097743 818847 iou-wrk-818840 0
1790391033.400602717 818840 PL-server 192
1790391033.400602717 818846 PL-server 179
1790391033.400602717 818847 iou-wrk-818840 0
1790391033.605862490 818840 PL-server 203
1790391033.605862490 818846 PL-server 189
1790391033.605862490 818847 iou-wrk-818840 0
1790391033.811145313 818840 PL-server 214
1790391033.811145313 818846 PL-server 200
1790391033.811145313 818847 iou-wrk-818840 0
1790391034.016276975 818840 PL-server 225
1790391034.016276975 818846 PL-server 210
1790391034.016276975 818847 iou-wrk-818840 0
1790391034.221279167 818840 PL-server 236
1790391034.221279167 818846 PL-server 220
1790391034.221279167 818847 iou-wrk-818840 0
1790391034.427035363 818840 PL-server 248
1790391034.427035363 818846 PL-server 230
1790391034.427035363 818847 iou-wrk-818840 0
1790391034.631940934 818840 PL-server 259
1790391034.631940934 818846 PL-server 241
1790391034.631940934 818847 iou-wrk-818840 0
1790391034.837625459 818840 PL-server 271
1790391034.837625459 818846 PL-server 252
1790391034.837625459 818847 iou-wrk-818840 0
1790391035.043120094 818840 PL-server 283
1790391035.043120094 818846 PL-server 263
1790391035.043120094 818847 iou-wrk-818840 0
1790391035.249098580 818840 PL-server 293
1790391035.249098580 818846 PL-server 274
1790391035.249098580 818847 iou-wrk-818840 0
1790391035.454165903 818840 PL-server 305
1790391035.454165903 818846 PL-server 284
1790391035.454165903 818847 iou-wrk-818840 0
1790391035.659869329 818840 PL-server 316
1790391035.659869329 818846 PL-server 294
1790391035.659869329 818847 iou-wrk-818840 0
1790391035.865148252 818840 PL-server 327
1790391035.865148252 818846 PL-server 305
1790391035.865148252 818847 iou-wrk-818840 0
1790391036.070828968 818840 PL-server 339
1790391036.070828968 818846 PL-server 315
1790391036.070828968 818847 iou-wrk-818840 0
1790391036.276212803 818840 PL-server 350
1790391036.276212803 818846 PL-server 326
1790391036.276212803 818847 iou-wrk-818840 0
1790391036.482269810 818840 PL-server 362
1790391036.482269810 818846 PL-server 336
1790391036.482269810 818847 iou-wrk-818840 0
1790391036.687770165 818840 PL-server 373
1790391036.687770165 818846 PL-server 347
1790391036.687770165 818847 iou-wrk-818840 0
1790391036.893406821 818840 PL-server 384
1790391036.893406821 818846 PL-server 357
1790391036.893406821 818847 iou-wrk-818840 0
1790391037.098151503 818840 PL-server 396
1790391037.098151503 818846 PL-server 368
1790391037.098151503 818847 iou-wrk-818840 0
1790391037.303130786 818840 PL-server 407
1790391037.303130786 818846 PL-server 379
1790391037.303130786 818847 iou-wrk-818840 0
1790391037.507787108 818840 PL-server 419
1790391037.507787108 818846 PL-server 389
1790391037.507787108 818847 iou-wrk-818840 0
1790391037.713487514 818840 PL-server 430
1790391037.713487514 818846 PL-server 400
1790391037.713487514 818847 iou-wrk-818840 0
1790391037.918429657 818840 PL-server 441
1790391037.918429657 818846 PL-server 411
1790391037.918429657 818847 iou-wrk-818840 0
1790391038.124067673 818840 PL-server 452
1790391038.124067673 818846 PL-server 421
1790391038.124067673 818847 iou-wrk-818840 0
1790391038.329497939 818840 PL-server 464
1790391038.329497939 818846 PL-server 431
1790391038.329497939 818847 iou-wrk-818840 0
1790391038.535509187 818840 PL-server 475
1790391038.535509187 818846 PL-server 442
1790391038.535509187 818847 iou-wrk-818840 0
1790391038.740472120 818840 PL-server 486
1790391038.740472120 818846 PL-server 452
1790391038.740472120 818847 iou-wrk-818840 0
1790391038.945057422 818840 PL-server 497
1790391038.945057422 818846 PL-server 462
1790391038.945057422 818847 iou-wrk-818840 0
1790391039.150561748 818840 PL-server 509
1790391039.150561748 818846 PL-server 473
1790391039.150561748 818847 iou-wrk-818840 0
1790391039.355456662 818840 PL-server 519
1790391039.355456662 818846 PL-server 484
1790391039.355456662 818847 iou-wrk-818840 0
1790391039.561045799 818840 PL-server 531
1790391039.561045799 818846 PL-server 494
1790391039.561045799 818847 iou-wrk-818840 0
1790391039.766322724 818840 PL-server 542
1790391039.766322724 818846 PL-server 505
1790391039.766322724 818847 iou-wrk-818840 0
1790391039.971138397 818840 PL-server 554
1790391039.971138397 818846 PL-server 516
1790391039.971138397 818847 iou-wrk-818840 0
1790391040.175678299 818840 PL-server 565
1790391040.175678299 818846 PL-server 526
1790391040.175678299 818847 iou-wrk-818840 0
1790391040.380303122 818840 PL-server 576
1790391040.380303122 818846 PL-server 536
1790391040.380303122 818847 iou-wrk-818840 0
1790391040.584765924 818840 PL-server 587
1790391040.584765924 818846 PL-server 547
1790391040.584765924 818847 iou-wrk-818840 0
1790391040.789369437 818840 PL-server 599
1790391040.789369437 818846 PL-server 557
1790391040.789369437 818847 iou-wrk-818840 0
1790391040.995261725 818840 PL-server 605
1790391040.995261725 818846 PL-server 564
1790391040.995261725 818847 iou-wrk-818840 0
