1790390963.382427885 813246 PL-server 0
1790390963.382427885 813252 PL-server 0
1790390963.382427885 813253 iou-wrk-813246 0
1790390963.588483571 813246 PL-server 10
1790390963.588483571 813252 PL-server 9
1790390963.588483571 813253 iou-wrk-813246 0
1790390963.794736978 813246 PL-server 22
1790390963.794736978 813252 PL-server 21
1790390963.794736978 813253 iou-wrk-813246 0
1790390964.000769774 813246 PL-server 34
1790390964.000769774 813252 PL-server 32
1790390964.000769774 813253 iou-wrk-813246 0
1790390964.206577320 813246 PL-server 45
1790390964.206577320 813252 PL-server 43
1790390964.206577320 813253 iou-wrk-813246 0
1790390964.412209314 813246 PL-server 57
1790390964.412209314 813252 PL-server 54
1790390964.412209314 813253 iou-wrk-813246 0
1790390964.617635848 813246 PL-server 69
1790390964.617635848 813252 PL-server 66
1790390964.617635848 813253 iou-wrk-813246 0
1790390964.823154623 813246 PL-server 81
1790390964.823154623 813252 PL-server 77
1790390964.823154623 813253 iou-wrk-813246 0
1790390965.028102655 813246 PL-server 92
1790390965.028102655 813252 PL-server 88
1790390965.028102655 813253 iou-wrk-813246 0
1790390965.234202802 813246 PL-server 103
1790390965.234202802 813252 PL-server 99
1790390965.234202802 813253 iou-wrk-813246 0
1790390965.439309085 813246 PL-server 116
1790390965.439309085 813252 PL-server 110
1790390965.439309085 813253 iou-wrk-813246 0
1790390965.644969670 813246 PL-server 127
1790390965.644969670 813252 PL-server 120
1790390965.644969670 813253 iou-wrk-813246 0
1790390965.850213654 813246 PL-server 137
1790390965.850213654 813252 PL-server 131
1790390965.850213654 813253 iou-wrk-813246 0
1790390966.054898095 813246 PL-server 149
1790390966.054898095 813252 PL-server 142
1790390966.054898095 813253 iou-wrk-813246 0
1790390966.260733452 813246 PL-server 161
1790390966.260733452 813252 PL-server 153
1790390966.260733452 813253 iou-wrk-813246 0
1790390966.466079246 813246 PL-server 171
1790390966.466079246 813252 PL-server 164
1790390966.466079246 813253 iou-wrk-813246 0
1790390966.671326731 813246 PL-server 182
1790390966.671326731 813252 PL-server 175
1790390966.671326731 813253 iou-wrk-813246 0
1790390966.876190233 813246 PL-server 194
1790390966.876190233 813252 PL-server 186
1790390966.876190233 813253 iou-wrk-813246 0
1790390967.081632098 813246 PL-server 206
1790390967.081632098 813252 PL-server 197
1790390967.081632098 813253 iou-wrk-813246 0
1790390967.286879813 813246 PL-server 217
1790390967.286879813 813252 PL-server 207
1790390967.286879813 813253 iou-wrk-813246 0
1790390967.491733266 813246 PL-server 228
1790390967.491733266 813252 PL-server 219
1790390967.491733266 813253 iou-wrk-813246 0
1790390967.697224401 813246 PL-server 240
1790390967.697224401 813252 PL-server 229
1790390967.697224401 813253 iou-wrk-813246 0
1790390967.902599346 813246 PL-server 250
1790390967.902599346 813252 PL-server 240
1790390967.902599346 813253 iou-wrk-813246 0
1790390968.107821651 813246 PL-server 262
1790390968.107821651 813252 PL-server 251
1790390968.107821651 813253 iou-wrk-813246 0
1790390968.313344177 813246 PL-server 273
1790390968.313344177 813252 PL-server 261
1790390968.313344177 813253 iou-wrk-813246 0
1790390968.519344285 813246 PL-server 284
1790390968.519344285 813252 PL-server 272
1790390968.519344285 813253 iou-wrk-813246 0
1790390968.724464550 813246 PL-server 296
1790390968.724464550 813252 PL-server 284
1790390968.724464550 813253 iou-wrk-813246 0
1790390968.930443248 813246 PL-server 306
1790390968.930443248 813252 PL-server 294
1790390968.930443248 813253 iou-wrk-813246 0
1790390969.135752993 813246 PL-server 318
1790390969.135752993 813252 PL-server 305
1790390969.135752993 813253 iou-wrk-813246 0
1790390969.340552357 813246 PL-server 329
1790390969.340552357 813252 PL-server 315
1790390969.340552357 813253 iou-wrk-813246 0
1790390969.545949163 813246 PL-server 341
1790390969.545949163 813252 PL-server 327
1790390969.545949163 813253 iou-wrk-813246 0
1790390969.752148533 813246 PL-server 352
1790390969.752148533 813252 PL-server 338
1790390969.752148533 813253 iou-wrk-813246 0
1790390969.957249157 813246 PL-server 363
1790390969.957249157 813252 PL-server 348
1790390969.957249157 813253 iou-wrk-813246 0
1790390970.162551973 813246 PL-server 375
1790390970.162551973 813252 PL-server 359
1790390970.162551973 813253 iou-wrk-813246 0
1790390970.367747409 813246 PL-server 386
1790390970.367747409 813252 PL-server 370
1790390970.367747409 813253 iou-wrk-813246 0
1790390970.573774668 813246 PL-server 397
1790390970.573774668 813252 PL-server 381
1790390970.573774668 813253 iou-wrk-813246 0
1790390970.779371396 813246 PL-server 409
1790390970.779371396 813252 PL-server 392
1790390970.779371396 813253 iou-wrk-813246 0
1790390970.984920093 813246 PL-server 420
1790390970.984920093 813252 PL-server 402
1790390970.984920093 813253 iou-wrk-813246 0
1790390971.190195609 813246 PL-server 430
1790390971.190195609 813252 PL-server 413
1790390971.190195609 813253 iou-wrk-813246 0
1790390971.395661517 813246 PL-server 441
1790390971.395661517 813252 PL-server 424
1790390971.395661517 813253 iou-wrk-813246 0
1790390971.601964187 813246 PL-server 452
1790390971.601964187 813252 PL-server 435
1790390971.601964187 813253 iou-wrk-813246 0
1790390971.807966497 813246 PL-server 465
1790390971.807966497 813252 PL-server 445
1790390971.807966497 813253 iou-wrk-813246 0
1790390972.013453254 813246 PL-server 476
1790390972.013453254 813252 PL-server 457
1790390972.013453254 813253 iou-wrk-813246 0
1790390972.219141383 813246 PL-server 487
1790390972.219141383 813252 PL-server 468
1790390972.219141383 813253 iou-wrk-813246 0
1790390972.424528850 813246 PL-server 498
1790390972.424528850 813252 PL-server 479
1790390972.424528850 813253 iou-wrk-813246 0
1790390972.629699567 813246 PL-server 509
1790390972.629699567 813252 PL-server 490
1790390972.629699567 813253 iou-wrk-813246 0
1790390972.834428012 813246 PL-server 521
1790390972.834428012 813252 PL-server 501
1790390972.834428012 813253 iou-wrk-813246 0
1790390973.040003800 813246 PL-server 532
1790390973.040003800 813252 PL-server 511
1790390973.040003800 813253 iou-wrk-813246 0
1790390973.245135217 813246 PL-server 544
1790390973.245135217 813252 PL-server 522
1790390973.245135217 813253 iou-wrk-813246 0
1790390973.450997027 813246 PL-server 555
1790390973.450997027 813252 PL-server 533
1790390973.450997027 813253 iou-wrk-813246 0
1790390973.656506125 813246 PL-server 567
1790390973.656506125 813252 PL-server 544
1790390973.656506125 813253 iou-wrk-813246 0
1790390973.862700146 813246 PL-server 578
1790390973.862700146 813252 PL-server 555
1790390973.862700146 813253 iou-wrk-813246 0
1790390974.068627947 813246 PL-server 590
1790390974.068627947 813252 PL-server 567
1790390974.068627947 813253 iou-wrk-813246 0
1790390974.273464812 813246 PL-server 601
1790390974.273464812 813252 PL-server 578
1790390974.273464812 813253 iou-wrk-813246 0
1790390974.479270223 813246 PL-server 607
1790390974.479270223 813252 PL-server 585
1790390974.479270223 813253 iou-wrk-813246 0
