1790391488.361793745 856593 PA-server 0
1790391488.361793745 856599 PA-server 0
1790391488.361793745 856600 iou-wrk-856593 0
1790391488.568043663 856593 PA-server 13
1790391488.568043663 856599 PA-server 13
1790391488.568043663 856600 iou-wrk-856593 0
1790391488.773851089 856593 PA-server 27
1790391488.773851089 856599 PA-server 27
1790391488.773851089 856600 iou-wrk-856593 0
1790391488.978792201 856593 PA-server 42
1790391488.978792201 856599 PA-server 40
1790391488.978792201 856600 iou-wrk-856593 0
1790391489.183485612 856593 PA-server 56
1790391489.183485612 856599 PA-server 55
1790391489.183485612 856600 iou-wrk-856593 0
1790391489.387952932 856593 PA-server 70
1790391489.387952932 856599 PA-server 68
1790391489.387952932 856600 iou-wrk-856593 0
1790391489.593635197 856593 PA-server 86
1790391489.593635197 856599 PA-server 84
1790391489.593635197 856600 iou-wrk-856593 0
1790391489.799554024 856593 PA-server 100
1790391489.799554024 856599 PA-server 97
1790391489.799554024 856600 iou-wrk-856593 0
1790391490.005653952 856593 PA-server 113
1790391490.005653952 856599 PA-server 111
1790391490.005653952 856600 iou-wrk-856593 0
1790391490.210916606 856593 PA-server 127
1790391490.210916606 856599 PA-server 124
1790391490.210916606 856600 iou-wrk-856593 0
1790391490.415300435 856593 PA-server 141
1790391490.415300435 856599 PA-server 137
1790391490.415300435 856600 iou-wrk-856593 0
1790391490.620484889 856593 PA-server 155
1790391490.620484889 856599 PA-server 151
1790391490.620484889 856600 iou-wrk-856593 0
1790391490.825246200 856593 PA-server 168
1790391490.825246200 856599 PA-server 163
1790391490.825246200 856600 iou-wrk-856593 0
1790391491.030443653 856593 PA-server 182
1790391491.030443653 856599 PA-server 177
1790391491.030443653 856600 iou-wrk-856593 0
1790391491.235920478 856593 PA-server 195
1790391491.235920478 856599 PA-server 189
1790391491.235920478 856600 iou-wrk-856593 0
1790391491.441391003 856593 PA-server 209
1790391491.441391003 856599 PA-server 203
1790391491.441391003 856600 iou-wrk-856593 0
1790391491.646719317 856593 PA-server 223
1790391491.646719317 856599 PA-server 216
1790391491.646719317 856600 iou-wrk-856593 0
1790391491.851414619 856593 PA-server 236
1790391491.851414619 856599 PA-server 229
1790391491.851414619 856600 iou-wrk-856593 0
1790391492.056156410 856593 PA-server 250
1790391492.056156410 856599 PA-server 243
1790391492.056156410 856600 iou-wrk-856593 0
1790391492.262151608 856593 PA-server 263
1790391492.262151608 856599 PA-server 256
1790391492.262151608 856600 iou-wrk-856593 0
1790391492.467186351 856593 PA-server 277
1790391492.467186351 856599 PA-server 269
1790391492.467186351 856600 iou-wrk-856593 0
1790391492.671660921 856593 PA-server 290
1790391492.671660921 856599 PA-server 281
1790391492.671660921 856600 iou-wrk-856593 0
1790391492.876953685 856593 PA-server 304
1790391492.876953685 856599 PA-server 294
1790391492.876953685 856600 iou-wrk-856593 0
1790391493.082727062 856593 PA-server 318
1790391493.082727062 856599 PA-server 308
1790391493.082727062 856600 iou-wrk-856593 0
1790391493.287850756 856593 PA-server 332
1790391493.287850756 856599 PA-server 321
1790391493.287850756 856600 iou-wrk-856593 0
1790391493.492583727 856593 PA-server 345
1790391493.492583727 856599 PA-server 334
1790391493.492583727 856600 iou-wrk-856593 0
1790391493.697901552 856593 PA-server 358
1790391493.697901552 856599 PA-server 348
1790391493.697901552 856600 iou-wrk-856593 0
1790391493.903171636 856593 PA-server 372
1790391493.903171636 856599 PA-server 361
1790391493.903171636 856600 iou-wrk-856593 0
1790391494.108243539 856593 PA-server 386
1790391494.108243539 856599 PA-server 374
1790391494.108243539 856600 iou-wrk-856593 0
1790391494.313310023 856593 PA-server 399
1790391494.313310023 856599 PA-server 387
1790391494.313310023 856600 iou-wrk-856593 0
1790391494.518130975 856593 PA-server 413
1790391494.518130975 856599 PA-server 400
1790391494.518130975 856600 iou-wrk-856593 0
1790391494.724108833 856593 PA-server 426
1790391494.724108833 856599 PA-server 414
1790391494.724108833 856600 iou-wrk-856593 0
1790391494.929263827 856593 PA-server 440
1790391494.929263827 856599 PA-server 427
1790391494.929263827 856600 iou-wrk-856593 0
1790391495.134710282 856593 PA-server 453
1790391495.134710282 856599 PA-server 440
1790391495.134710282 856600 iou-wrk-856593 0
1790391495.340072497 856593 PA-server 467
1790391495.340072497 856599 PA-server 453
1790391495.340072497 856600 iou-wrk-856593 0
1790391495.544919670 856593 PA-server 480
1790391495.544919670 856599 PA-server 466
1790391495.544919670 856600 iou-wrk-856593 0
1790391495.749655192 856593 PA-server 494
1790391495.749655192 856599 PA-server 479
1790391495.749655192 856600 iou-wrk-856593 0
1790391495.955525299 856593 PA-server 508
1790391495.955525299 856599 PA-server 492
1790391495.955525299 856600 iou-wrk-856593 0
1790391496.161122726 856593 PA-server 521
1790391496.161122726 856599 PA-server 505
1790391496.161122726 856600 iou-wrk-856593 0
1790391496.366251740 856593 PA-server 535
1790391496.366251740 856599 PA-server 518
1790391496.366251740 856600 iou-wrk-856593 0
1790391496.571384784 856593 PA-server 549
1790391496.571384784 856599 PA-server 532
1790391496.571384784 856600 iou-wrk-856593 0
1790391496.776711209 856593 PA-server 562
1790391496.776711209 856599 PA-server 545
1790391496.776711209 856600 iou-wrk-856593 0
1790391496.981775153 856593 PA-server 576
1790391496.981775153 856599 PA-server 559
1790391496.981775153 856600 iou-wrk-856593 0
1790391497.187076448 856593 PA-server 589
1790391497.187076448 856599 PA-server 572
1790391497.187076448 856600 iou-wrk-856593 0
1790391497.392550484 856593 PA-server 604
1790391497.392550484 856599 PA-server 585
1790391497.392550484 856600 iou-wrk-856593 0
1790391497.597181806 856593 PA-server 617
1790391497.597181806 856599 PA-server 597
1790391497.597181806 856600 iou-wrk-856593 0
1790391497.801721457 856593 PA-server 630
1790391497.801721457 856599 PA-server 611
1790391497.801721457 856600 iou-wrk-856593 0
1790391498.007342134 856593 PA-server 644
1790391498.007342134 856599 PA-server 623
1790391498.007342134 856600 iou-wrk-856593 0
1790391498.212505788 856593 PA-server 658
1790391498.212505788 856599 PA-server 636
1790391498.212505788 856600 iou-wrk-856593 0
1790391498.417359531 856593 PA-server 671
1790391498.417359531 856599 PA-server 649
1790391498.417359531 856600 iou-wrk-856593 0
1790391498.623394480 856593 PA-server 685
1790391498.623394480 856599 PA-server 663
1790391498.623394480 856600 iou-wrk-856593 0
1790391498.829665610 856593 PA-server 699
1790391498.829665610 856599 PA-server 676
1790391498.829665610 856600 iou-wrk-856593 0
1790391499.034870165 856593 PA-server 712
1790391499.034870165 856599 PA-server 689
1790391499.034870165 856600 iou-wrk-856593 0
1790391499.240498812 856593 PA-server 726
1790391499.240498812 856599 PA-server 704
1790391499.240498812 856600 iou-wrk-856593 0
1790391499.446358280 856593 PA-server 734
1790391499.446358280 856599 PA-server 712
1790391499.446358280 856600 iou-wrk-856593 0
