1790391611.044566347 866106 PA-server 0
1790391611.044566347 866112 PA-server 0
1790391611.044566347 866113 iou-wrk-866106 0
1790391611.250778593 866106 PA-server 19
1790391611.250778593 866112 PA-server 4
1790391611.250778593 866113 iou-wrk-866106 0
1790391611.455586172 866106 PA-server 39
1790391611.455586172 866112 PA-server 9
1790391611.455586172 866113 iou-wrk-866106 0
1790391611.660324211 866106 PA-server 59
1790391611.660324211 866112 PA-server 15
1790391611.660324211 866113 iou-wrk-866106 0
1790391611.865221770 866106 PA-server 79
1790391611.865221770 866112 PA-server 20
1790391611.865221770 866113 iou-wrk-866106 0
1790391612.070054729 866106 PA-server 100
1790391612.070054729 866112 PA-server 27
1790391612.070054729 866113 iou-wrk-866106 0
1790391612.275707803 866106 PA-server 120
1790391612.275707803 866112 PA-server 33
1790391612.275707803 866113 iou-wrk-866106 0
1790391612.481309776 866106 PA-server 140
1790391612.481309776 866112 PA-server 38
1790391612.481309776 866113 iou-wrk-866106 0
1790391612.686429717 866106 PA-server 160
1790391612.686429717 866112 PA-server 42
1790391612.686429717 866113 iou-wrk-866106 0
1790391612.892014700 866106 PA-server 180
1790391612.892014700 866112 PA-server 48
1790391612.892014700 866113 iou-wrk-866106 0
1790391613.097140401 866106 PA-server 201
1790391613.097140401 866112 PA-server 53
1790391613.097140401 866113 iou-wrk-866106 0
1790391613.302235792 866106 PA-server 221
1790391613.302235792 866112 PA-server 58
1790391613.302235792 866113 iou-wrk-866106 0
1790391613.507373623 866106 PA-server 242
1790391613.507373623 866112 PA-server 63
1790391613.507373623 866113 iou-wrk-866106 0
1790391613.713153127 866106 PA-server 261
1790391613.713153127 866112 PA-server 68
1790391613.713153127 866113 iou-wrk-866106 0
1790391613.918500069 866106 PA-server 282
1790391613.918500069 866112 PA-server 73
1790391613.918500069 866113 iou-wrk-866106 0
1790391614.123379159 866106 PA-server 301
1790391614.123379159 866112 PA-server 78
1790391614.123379159 866113 iou-wrk-866106 0
1790391614.327806457 866106 PA-server 322
1790391614.327806457 866112 PA-server 83
1790391614.327806457 866113 iou-wrk-866106 0
1790391614.533341740 866106 PA-server 342
1790391614.533341740 866112 PA-server 88
1790391614.533341740 866113 iou-wrk-866106 0
1790391614.739071114 866106 PA-server 362
1790391614.739071114 866112 PA-server 93
1790391614.739071114 866113 iou-wrk-866106 0
1790391614.944130635 866106 PA-server 382
1790391614.944130635 866112 PA-server 97
1790391614.944130635 866113 iou-wrk-866106 0
1790391615.149391987 866106 PA-server 403
1790391615.149391987 866112 PA-server 103
1790391615.149391987 866113 iou-wrk-866106 0
1790391615.355479863 866106 PA-server 424
1790391615.355479863 866112 PA-server 108
1790391615.355479863 866113 iou-wrk-866106 0
1790391615.561035256 866106 PA-server 444
1790391615.561035256 866112 PA-server 113
1790391615.561035256 866113 iou-wrk-866106 0
1790391615.767245013 866106 PA-server 464
1790391615.767245013 866112 PA-server 119
1790391615.767245013 866113 iou-wrk-866106 0
1790391615.973477000 866106 PA-server 484
1790391615.973477000 866112 PA-server 124
1790391615.973477000 866113 iou-wrk-866106 0
1790391616.179055173 866106 PA-server 504
1790391616.179055173 866112 PA-server 128
1790391616.179055173 866113 iou-wrk-866106 0
1790391616.384759188 866106 PA-server 525
1790391616.384759188 866112 PA-server 134
1790391616.384759188 866113 iou-wrk-866106 0
1790391616.590535522 866106 PA-server 545
1790391616.590535522 866112 PA-server 139
1790391616.590535522 866113 iou-wrk-866106 0
1790391616.796127356 866106 PA-server 565
1790391616.796127356 866112 PA-server 144
1790391616.796127356 866113 iou-wrk-866106 0
1790391617.001621849 866106 PA-server 585
1790391617.001621849 866112 PA-server 149
1790391617.001621849 866113 iou-wrk-866106 0
1790391617.206566870 866106 PA-server 606
1790391617.206566870 866112 PA-server 154
1790391617.206566870 866113 iou-wrk-866106 0
1790391617.412086453 866106 PA-server 626
1790391617.412086453 866112 PA-server 160
1790391617.412086453 866113 iou-wrk-866106 0
1790391617.617571867 866106 PA-server 646
1790391617.617571867 866112 PA-server 164
1790391617.617571867 866113 iou-wrk-866106 0
1790391617.822211426 866106 PA-server 667
1790391617.822211426 866112 PA-server 169
1790391617.822211426 866113 iou-wrk-866106 0
1790391618.027372277 866106 PA-server 686
1790391618.027372277 866112 PA-server 174
1790391618.027372277 866113 iou-wrk-866106 0
1790391618.232306488 866106 PA-server 706
1790391618.232306488 866112 PA-server 179
1790391618.232306488 866113 iou-wrk-866106 0
1790391618.437678771 866106 PA-server 727
1790391618.437678771 866112 PA-server 185
1790391618.437678771 866113 iou-wrk-866106 0
1790391618.643167184 866106 PA-server 747
1790391618.643167184 866112 PA-server 190
1790391618.643167184 866113 iou-wrk-866106 0
1790391618.849235521 866106 PA-server 768
1790391618.849235521 866112 PA-server 196
1790391618.849235521 866113 iou-wrk-866106 0
1790391619.055346997 866106 PA-server 788
1790391619.055346997 866112 PA-server 201
1790391619.055346997 866113 iou-wrk-866106 0
1790391619.261257763 866106 PA-server 808
1790391619.261257763 866112 PA-server 205
1790391619.261257763 866113 iou-wrk-866106 0
1790391619.467234089 866106 PA-server 828
1790391619.467234089 866112 PA-server 211
1790391619.467234089 866113 iou-wrk-866106 0
1790391619.672339311 866106 PA-server 848
1790391619.672339311 866112 PA-server 216
1790391619.672339311 866113 iou-wrk-866106 0
1790391619.878625718 866106 PA-server 868
1790391619.878625718 866112 PA-server 221
1790391619.878625718 866113 iou-wrk-866106 0
1790391620.083742770 866106 PA-server 889
1790391620.083742770 866112 PA-server 226
1790391620.083742770 866113 iou-wrk-866106 0
1790391620.288867652 866106 PA-server 910
1790391620.288867652 866112 PA-server 231
1790391620.288867652 866113 iou-wrk-866106 0
1790391620.494310776 866106 PA-server 929
1790391620.494310776 866112 PA-server 237
1790391620.494310776 866113 iou-wrk-866106 0
1790391620.699035735 866106 PA-server 949
1790391620.699035735 866112 PA-server 242
1790391620.699035735 866113 iou-wrk-866106 0
1790391620.904575949 866106 PA-server 970
1790391620.904575949 866112 PA-server 247
1790391620.904575949 866113 iou-wrk-866106 0
1790391621.109606081 866106 PA-server 990
1790391621.109606081 866112 PA-server 252
1790391621.109606081 866113 iou-wrk-866106 0
1790391621.315702648 866106 PA-server 1010
1790391621.315702648 866112 PA-server 257
1790391621.315702648 866113 iou-wrk-866106 0
1790391621.521876005 866106 PA-server 1030
1790391621.521876005 866112 PA-server 262
1790391621.521876005 866113 iou-wrk-866106 0
1790391621.727530430 866106 PA-server 1051
1790391621.727530430 866112 PA-server 267
1790391621.727530430 866113 iou-wrk-866106 0
1790391621.933037594 866106 PA-server 1071
1790391621.933037594 866112 PA-server 272
1790391621.933037594 866113 iou-wrk-866106 0
1790391622.137926935 866106 PA-server 1084
1790391622.137926935 866112 PA-server 276
1790391622.137926935 866113 iou-wrk-866106 0
1790391622.342800365 866106 PA-server 1084
1790391622.342800365 866112 PA-server 276
1790391622.342800365 866113 iou-wrk-866106 0
