1790391164.444532665 829808 WSL-server 0
1790391164.444532665 829814 WSL-server 0
1790391164.444532665 829815 iou-wrk-829808 0
1790391164.650139706 829808 WSL-server 15
1790391164.650139706 829814 WSL-server 15
1790391164.650139706 829815 iou-wrk-829808 0
1790391164.650139706 829865 iou-wrk-829814 0
1790391164.856063818 829808 WSL-server 29
1790391164.856063818 829814 WSL-server 28
1790391164.856063818 829815 iou-wrk-829808 0
1790391164.856063818 829865 iou-wrk-829814 0
1790391165.062322462 829808 WSL-server 46
1790391165.062322462 829814 WSL-server 45
1790391165.062322462 829815 iou-wrk-829808 0
1790391165.062322462 829865 iou-wrk-829814 0
1790391165.269618240 829808 WSL-server 61
1790391165.269618240 829814 WSL-server 60
1790391165.269618240 829815 iou-wrk-829808 0
1790391165.269618240 829865 iou-wrk-829814 0
1790391165.475565903 829808 WSL-server 76
1790391165.475565903 829814 WSL-server 75
1790391165.475565903 829815 iou-wrk-829808 0
1790391165.475565903 829865 iou-wrk-829814 0
1790391165.680917183 829808 WSL-server 91
1790391165.680917183 829814 WSL-server 90
1790391165.680917183 829815 iou-wrk-829808 0
1790391165.680917183 829865 iou-wrk-829814 0
1790391165.886456994 829808 WSL-server 106
1790391165.886456994 829814 WSL-server 104
1790391165.886456994 829815 iou-wrk-829808 0
1790391165.886456994 829865 iou-wrk-829814 0
1790391166.091588842 829808 WSL-server 120
1790391166.091588842 829814 WSL-server 119
1790391166.091588842 829815 iou-wrk-829808 0
1790391166.091588842 829865 iou-wrk-829814 0
1790391166.298281159 829808 WSL-server 136
1790391166.298281159 829814 WSL-server 135
1790391166.298281159 829815 iou-wrk-829808 0
1790391166.298281159 829865 iou-wrk-829814 0
1790391166.505399447 829808 WSL-server 153
1790391166.505399447 829814 WSL-server 151
1790391166.505399447 829815 iou-wrk-829808 0
1790391166.505399447 829865 iou-wrk-829814 0
1790391166.710981538 829808 WSL-server 169
1790391166.710981538 829814 WSL-server 167
1790391166.710981538 829815 iou-wrk-829808 0
1790391166.710981538 829865 iou-wrk-829814 0
1790391166.918339777 829808 WSL-server 183
1790391166.918339777 829814 WSL-server 181
1790391166.918339777 829815 iou-wrk-829808 0
1790391166.918339777 829865 iou-wrk-829814 0
1790391167.123737548 829808 WSL-server 198
1790391167.123737548 829814 WSL-server 195
1790391167.123737548 829815 iou-wrk-829808 0
1790391167.123737548 829865 iou-wrk-829814 0
1790391167.329609080 829808 WSL-server 213
1790391167.329609080 829814 WSL-server 210
1790391167.329609080 829815 iou-wrk-829808 0
1790391167.329609080 829865 iou-wrk-829814 0
1790391167.535006251 829808 WSL-server 228
1790391167.535006251 829814 WSL-server 226
1790391167.535006251 829815 iou-wrk-829808 0
1790391167.535006251 829865 iou-wrk-829814 0
1790391167.740274091 829808 WSL-server 243
1790391167.740274091 829814 WSL-server 240
1790391167.740274091 829815 iou-wrk-829808 0
1790391167.740274091 829865 iou-wrk-829814 0
1790391167.945875533 829808 WSL-server 257
1790391167.945875533 829814 WSL-server 255
1790391167.945875533 829815 iou-wrk-829808 0
1790391167.945875533 829865 iou-wrk-829814 0
1790391168.151852476 829808 WSL-server 272
1790391168.151852476 829814 WSL-server 270
1790391168.151852476 829815 iou-wrk-829808 0
1790391168.151852476 829865 iou-wrk-829814 0
1790391168.357518808 829808 WSL-server 287
1790391168.357518808 829814 WSL-server 284
1790391168.357518808 829815 iou-wrk-829808 0
1790391168.357518808 829865 iou-wrk-829814 0
1790391168.563003880 829808 WSL-server 302
1790391168.563003880 829814 WSL-server 298
1790391168.563003880 829815 iou-wrk-829808 0
1790391168.563003880 829865 iou-wrk-829814 0
1790391168.768688202 829808 WSL-server 318
1790391168.768688202 829814 WSL-server 314
1790391168.768688202 829815 iou-wrk-829808 0
1790391168.768688202 829865 iou-wrk-829814 0
1790391168.975932482 829808 WSL-server 332
1790391168.975932482 829814 WSL-server 328
1790391168.975932482 829815 iou-wrk-829808 0
1790391168.975932482 829865 iou-wrk-829814 0
1790391169.183124531 829808 WSL-server 348
1790391169.183124531 829814 WSL-server 342
1790391169.183124531 829815 iou-wrk-829808 0
1790391169.183124531 829865 iou-wrk-829814 0
1790391169.390181780 829808 WSL-server 362
1790391169.390181780 829814 WSL-server 357
1790391169.390181780 829815 iou-wrk-829808 0
1790391169.390181780 829865 iou-wrk-829814 0
1790391169.597163978 829808 WSL-server 376
1790391169.597163978 829814 WSL-server 372
1790391169.597163978 829815 iou-wrk-829808 0
1790391169.597163978 829865 iou-wrk-829814 0
1790391169.803154202 829808 WSL-server 392
1790391169.803154202 829814 WSL-server 387
1790391169.803154202 829815 iou-wrk-829808 0
1790391169.803154202 829865 iou-wrk-829814 0
1790391170.009900070 829808 WSL-server 406
1790391170.009900070 829814 WSL-server 401
1790391170.009900070 829815 iou-wrk-829808 0
1790391170.009900070 829865 iou-wrk-829814 0
1790391170.216583767 829808 WSL-server 421
1790391170.216583767 829814 WSL-server 415
1790391170.216583767 829815 iou-wrk-829808 0
1790391170.216583767 829865 iou-wrk-829814 0
1790391170.423625296 829808 WSL-server 437
1790391170.423625296 829814 WSL-server 430
1790391170.423625296 829815 iou-wrk-829808 0
1790391170.423625296 829865 iou-wrk-829814 0
1790391170.630265393 829808 WSL-server 451
1790391170.630265393 829814 WSL-server 444
1790391170.630265393 829815 iou-wrk-829808 0
1790391170.630265393 829865 iou-wrk-829814 0
1790391170.837159632 829808 WSL-server 466
1790391170.837159632 829814 WSL-server 459
1790391170.837159632 829815 iou-wrk-829808 0
1790391170.837159632 829865 iou-wrk-829814 0
1790391171.043865779 829808 WSL-server 480
1790391171.043865779 829814 WSL-server 473
1790391171.043865779 829815 iou-wrk-829808 0
1790391171.043865779 829865 iou-wrk-829814 0
1790391171.250344676 829808 WSL-server 495
1790391171.250344676 829814 WSL-server 488
1790391171.250344676 829815 iou-wrk-829808 0
1790391171.250344676 829865 iou-wrk-829814 0
1790391171.456148240 829808 WSL-server 510
1790391171.456148240 829814 WSL-server 503
1790391171.456148240 829815 iou-wrk-829808 0
1790391171.456148240 829865 iou-wrk-829814 0
1790391171.662135404 829808 WSL-server 525
1790391171.662135404 829814 WSL-server 517
1790391171.662135404 829815 iou-wrk-829808 0
1790391171.662135404 829865 iou-wrk-829814 0
1790391171.868713172 829808 WSL-server 540
1790391171.868713172 829814 WSL-server 532
1790391171.868713172 829815 iou-wrk-829808 0
1790391171.868713172 829865 iou-wrk-829814 0
1790391172.076278313 829808 WSL-server 555
1790391172.076278313 829814 WSL-server 547
1790391172.076278313 829815 iou-wrk-829808 0
1790391172.076278313 829865 iou-wrk-829814 0
1790391172.283075432 829808 WSL-server 570
1790391172.283075432 829814 WSL-server 561
1790391172.283075432 829815 iou-wrk-829808 0
1790391172.283075432 829865 iou-wrk-829814 0
1790391172.489953511 829808 WSL-server 585
1790391172.489953511 829814 WSL-server 576
1790391172.489953511 829815 iou-wrk-829808 0
1790391172.489953511 829865 iou-wrk-829814 0
1790391172.696160497 829808 WSL-server 600
1790391172.696160497 829814 WSL-server 590
1790391172.696160497 829815 iou-wrk-829808 0
1790391172.696160497 829865 iou-wrk-829814 0
1790391172.903460838 829808 WSL-server 614
1790391172.903460838 829814 WSL-server 605
1790391172.903460838 829815 iou-wrk-829808 0
1790391172.903460838 829865 iou-wrk-829814 0
1790391173.109298362 829808 WSL-server 629
1790391173.109298362 829814 WSL-server 620
1790391173.109298362 829815 iou-wrk-829808 0
1790391173.109298362 829865 iou-wrk-829814 0
1790391173.315687689 829808 WSL-server 644
1790391173.315687689 829814 WSL-server 634
1790391173.315687689 829815 iou-wrk-829808 0
1790391173.315687689 829865 iou-wrk-829814 0
1790391173.521764275 829808 WSL-server 659
1790391173.521764275 829814 WSL-server 648
1790391173.521764275 829815 iou-wrk-829808 0
1790391173.521764275 829865 iou-wrk-829814 0
1790391173.728261082 829808 WSL-server 674
1790391173.728261082 829814 WSL-server 662
1790391173.728261082 829815 iou-wrk-829808 0
1790391173.728261082 829865 iou-wrk-829814 0
1790391173.935006841 829808 WSL-server 689
1790391173.935006841 829814 WSL-server 676
1790391173.935006841 829815 iou-wrk-829808 0
1790391173.935006841 829865 iou-wrk-829814 0
1790391174.141324818 829808 WSL-server 704
1790391174.141324818 829814 WSL-server 692
1790391174.141324818 829815 iou-wrk-829808 0
1790391174.141324818 829865 iou-wrk-829814 0
1790391174.348027436 829808 WSL-server 718
1790391174.348027436 829814 WSL-server 706
1790391174.348027436 829815 iou-wrk-829808 0
1790391174.348027436 829865 iou-wrk-829814 0
1790391174.554704965 829808 WSL-server 733
1790391174.554704965 829814 WSL-server 720
1790391174.554704965 829815 iou-wrk-829808 0
1790391174.554704965 829865 iou-wrk-829814 0
1790391174.760614380 829808 WSL-server 748
1790391174.760614380 829814 WSL-server 735
1790391174.760614380 829815 iou-wrk-829808 0
1790391174.760614380 829865 iou-wrk-829814 0
1790391174.967306309 829808 WSL-server 763
1790391174.967306309 829814 WSL-server 750
1790391174.967306309 829815 iou-wrk-829808 0
1790391174.967306309 829865 iou-wrk-829814 0
1790391175.173301315 829808 WSL-server 778
1790391175.173301315 829814 WSL-server 765
1790391175.173301315 829815 iou-wrk-829808 0
1790391175.173301315 829865 iou-wrk-829814 0
1790391175.380077014 829808 WSL-server 792
1790391175.380077014 829814 WSL-server 779
1790391175.380077014 829815 iou-wrk-829808 0
1790391175.380077014 829865 iou-wrk-829814 0
1790391175.585834119 829808 WSL-server 798
1790391175.585834119 829814 WSL-server 784
1790391175.585834119 829815 iou-wrk-829808 0
1790391175.585834119 829865 iou-wrk-829814 0
