1790391789.802911316 879771 PL-server 0
1790391789.802911316 879777 PL-server 0
1790391789.802911316 879778 iou-wrk-879771 0
1790391790.009216422 879771 PL-server 11
1790391790.009216422 879777 PL-server 10
1790391790.009216422 879778 iou-wrk-879771 0
1790391790.213884320 879771 PL-server 23
1790391790.213884320 879777 PL-server 21
1790391790.213884320 879778 iou-wrk-879771 0
1790391790.418333967 879771 PL-server 34
1790391790.418333967 879777 PL-server 31
1790391790.418333967 879778 iou-wrk-879771 0
1790391790.622721333 879771 PL-server 46
1790391790.622721333 879777 PL-server 43
1790391790.622721333 879778 iou-wrk-879771 0
1790391790.827278140 879771 PL-server 57
1790391790.827278140 879777 PL-server 54
1790391790.827278140 879778 iou-wrk-879771 0
1790391791.031683797 879771 PL-server 69
1790391791.031683797 879777 PL-server 64
1790391791.031683797 879778 iou-wrk-879771 0
1790391791.236427555 879771 PL-server 81
1790391791.236427555 879777 PL-server 74
1790391791.236427555 879778 iou-wrk-879771 0
1790391791.441165043 879771 PL-server 93
1790391791.441165043 879777 PL-server 85
1790391791.441165043 879778 iou-wrk-879771 0
1790391791.645883182 879771 PL-server 104
1790391791.645883182 879777 PL-server 96
1790391791.645883182 879778 iou-wrk-879771 0
1790391791.850776351 879771 PL-server 116
1790391791.850776351 879777 PL-server 108
1790391791.850776351 879778 iou-wrk-879771 0
1790391792.055220418 879771 PL-server 128
1790391792.055220418 879777 PL-server 119
1790391792.055220418 879778 iou-wrk-879771 0
1790391792.260510169 879771 PL-server 140
1790391792.260510169 879777 PL-server 130
1790391792.260510169 879778 iou-wrk-879771 0
1790391792.465649720 879771 PL-server 151
1790391792.465649720 879777 PL-server 140
1790391792.465649720 879778 iou-wrk-879771 0
1790391792.670261237 879771 PL-server 163
1790391792.670261237 879777 PL-server 151
1790391792.670261237 879778 iou-wrk-879771 0
1790391792.875387628 879771 PL-server 175
1790391792.875387628 879777 PL-server 162
1790391792.875387628 879778 iou-wrk-879771 0
1790391793.080007486 879771 PL-server 186
1790391793.080007486 879777 PL-server 173
1790391793.080007486 879778 iou-wrk-879771 0
1790391793.284970895 879771 PL-server 198
1790391793.284970895 879777 PL-server 184
1790391793.284970895 879778 iou-wrk-879771 0
1790391793.490006965 879771 PL-server 210
1790391793.490006965 879777 PL-server 195
1790391793.490006965 879778 iou-wrk-879771 0
1790391793.695426328 879771 PL-server 222
1790391793.695426328 879777 PL-server 206
1790391793.695426328 879778 iou-wrk-879771 0
1790391793.900213456 879771 PL-server 235
1790391793.900213456 879777 PL-server 218
1790391793.900213456 879778 iou-wrk-879771 0
1790391794.105401777 879771 PL-server 247
1790391794.105401777 879777 PL-server 229
1790391794.105401777 879778 iou-wrk-879771 0
1790391794.309737694 879771 PL-server 259
1790391794.309737694 879777 PL-server 239
1790391794.309737694 879778 iou-wrk-879771 0
1790391794.514936735 879771 PL-server 270
1790391794.514936735 879777 PL-server 250
1790391794.514936735 879778 iou-wrk-879771 0
1790391794.719637543 879771 PL-server 281
1790391794.719637543 879777 PL-server 262
1790391794.719637543 879778 iou-wrk-879771 0
1790391794.924620513 879771 PL-server 293
1790391794.924620513 879777 PL-server 273
1790391794.924620513 879778 iou-wrk-879771 0
1790391795.129222171 879771 PL-server 305
1790391795.129222171 879777 PL-server 283
1790391795.129222171 879778 iou-wrk-879771 0
1790391795.333435107 879771 PL-server 316
1790391795.333435107 879777 PL-server 293
1790391795.333435107 879778 iou-wrk-879771 0
1790391795.537954925 879771 PL-server 328
1790391795.537954925 879777 PL-server 304
1790391795.537954925 879778 iou-wrk-879771 0
1790391795.743154546 879771 PL-server 339
1790391795.743154546 879777 PL-server 316
1790391795.743154546 879778 iou-wrk-879771 0
1790391795.948882329 879771 PL-server 352
1790391795.948882329 879777 PL-server 327
1790391795.948882329 879778 iou-wrk-879771 0
1790391796.154572483 879771 PL-server 363
1790391796.154572483 879777 PL-server 338
1790391796.154572483 879778 iou-wrk-879771 0
1790391796.359076991 879771 PL-server 375
1790391796.359076991 879777 PL-server 349
1790391796.359076991 879778 iou-wrk-879771 0
1790391796.563474038 879771 PL-server 387
1790391796.563474038 879777 PL-server 360
1790391796.563474038 879778 iou-wrk-879771 0
1790391796.768243447 879771 PL-server 399
1790391796.768243447 879777 PL-server 371
1790391796.768243447 879778 iou-wrk-879771 0
1790391796.974099971 879771 PL-server 412
1790391796.974099971 879777 PL-server 383
1790391796.974099971 879778 iou-wrk-879771 0
1790391797.179522144 879771 PL-server 424
1790391797.179522144 879777 PL-server 394
1790391797.179522144 879778 iou-wrk-879771 0
1790391797.384084382 879771 PL-server 436
1790391797.384084382 879777 PL-server 405
1790391797.384084382 879778 iou-wrk-879771 0
1790391797.588669260 879771 PL-server 447
1790391797.588669260 879777 PL-server 416
1790391797.588669260 879778 iou-wrk-879771 0
1790391797.793432419 879771 PL-server 459
1790391797.793432419 879777 PL-server 427
1790391797.793432419 879778 iou-wrk-879771 0
1790391797.999070802 879771 PL-server 471
1790391797.999070802 879777 PL-server 438
1790391797.999070802 879778 iou-wrk-879771 0
1790391798.204351434 879771 PL-server 483
1790391798.204351434 879777 PL-server 449
1790391798.204351434 879778 iou-wrk-879771 0
1790391798.408891192 879771 PL-server 494
1790391798.408891192 879777 PL-server 459
1790391798.408891192 879778 iou-wrk-879771 0
1790391798.613531901 879771 PL-server 506
1790391798.613531901 879777 PL-server 470
1790391798.613531901 879778 iou-wrk-879771 0
1790391798.818046148 879771 PL-server 518
1790391798.818046148 879777 PL-server 481
1790391798.818046148 879778 iou-wrk-879771 0
1790391799.022472096 879771 PL-server 529
1790391799.022472096 879777 PL-server 492
1790391799.022472096 879778 iou-wrk-879771 0
1790391799.227519586 879771 PL-server 541
1790391799.227519586 879777 PL-server 502
1790391799.227519586 879778 iou-wrk-879771 0
1790391799.431987314 879771 PL-server 553
1790391799.431987314 879777 PL-server 513
1790391799.431987314 879778 iou-wrk-879771 0
1790391799.636445842 879771 PL-server 565
1790391799.636445842 879777 PL-server 524
1790391799.636445842 879778 iou-wrk-879771 0
1790391799.841610073 879771 PL-server 577
1790391799.841610073 879777 PL-server 534
1790391799.841610073 879778 iou-wrk-879771 0
1790391800.046632994 879771 PL-server 589
1790391800.046632994 879777 PL-server 545
1790391800.046632994 879778 iou-wrk-879771 0
1790391800.251438243 879771 PL-server 600
1790391800.251438243 879777 PL-server 556
1790391800.251438243 879778 iou-wrk-879771 0
1790391800.455969811 879771 PL-server 612
1790391800.455969811 879777 PL-server 567
1790391800.455969811 879778 iou-wrk-879771 0
1790391800.661596545 879771 PL-server 624
1790391800.661596545 879777 PL-server 578
1790391800.661596545 879778 iou-wrk-879771 0
1790391800.866818646 879771 PL-server 633
1790391800.866818646 879777 PL-server 586
1790391800.866818646 879778 iou-wrk-879771 0
