1790391410.307323633 849909 PL-server 0
1790391410.307323633 849915 PL-server 0
1790391410.307323633 849916 iou-wrk-849909 0
1790391410.513314676 849909 PL-server 9
1790391410.513314676 849915 PL-server 0
1790391410.513314676 849916 iou-wrk-849909 0
1790391410.513314676 849968 iou-wrk-849915 0
1790391410.721178920 849909 PL-server 21
1790391410.721178920 849915 PL-server 0
1790391410.721178920 849916 iou-wrk-849909 0
1790391410.721178920 849968 iou-wrk-849915 0
1790391410.928147708 849909 PL-server 31
1790391410.928147708 849915 PL-server 0
1790391410.928147708 849916 iou-wrk-849909 0
1790391410.928147708 849968 iou-wrk-849915 0
1790391411.135175657 849909 PL-server 43
1790391411.135175657 849915 PL-server 0
1790391411.135175657 849916 iou-wrk-849909 0
1790391411.135175657 849968 iou-wrk-849915 0
1790391411.341962464 849909 PL-server 54
1790391411.341962464 849915 PL-server 0
1790391411.341962464 849916 iou-wrk-849909 0
1790391411.341962464 849968 iou-wrk-849915 0
1790391411.548870863 849909 PL-server 65
1790391411.548870863 849915 PL-server 0
1790391411.548870863 849916 iou-wrk-849909 0
1790391411.548870863 849968 iou-wrk-849915 0
1790391411.755915302 849909 PL-server 76
1790391411.755915302 849915 PL-server 0
1790391411.755915302 849916 iou-wrk-849909 0
1790391411.755915302 849968 iou-wrk-849915 0
1790391411.962853520 849909 PL-server 87
1790391411.962853520 849915 PL-server 0
1790391411.962853520 849916 iou-wrk-849909 0
1790391411.962853520 849968 iou-wrk-849915 0
1790391412.169889898 849909 PL-server 98
1790391412.169889898 849915 PL-server 0
1790391412.169889898 849916 iou-wrk-849909 0
1790391412.169889898 849968 iou-wrk-849915 0
1790391412.376605435 849909 PL-server 109
1790391412.376605435 849915 PL-server 0
1790391412.376605435 849916 iou-wrk-849909 0
1790391412.376605435 849968 iou-wrk-849915 0
1790391412.583328563 849909 PL-server 120
1790391412.583328563 849915 PL-server 0
1790391412.583328563 849916 iou-wrk-849909 0
1790391412.583328563 849968 iou-wrk-849915 0
1790391412.789856579 849909 PL-server 132
1790391412.789856579 849915 PL-server 0
1790391412.789856579 849916 iou-wrk-849909 0
1790391412.789856579 849968 iou-wrk-849915 0
1790391412.997034668 849909 PL-server 143
1790391412.997034668 849915 PL-server 0
1790391412.997034668 849916 iou-wrk-849909 0
1790391412.997034668 849968 iou-wrk-849915 0
1790391413.204061767 849909 PL-server 154
1790391413.204061767 849915 PL-server 0
1790391413.204061767 849916 iou-wrk-849909 0
1790391413.204061767 849968 iou-wrk-849915 0
1790391413.410509093 849909 PL-server 164
1790391413.410509093 849915 PL-server 0
1790391413.410509093 849916 iou-wrk-849909 0
1790391413.410509093 849968 iou-wrk-849915 0
1790391413.617549671 849909 PL-server 175
1790391413.617549671 849915 PL-server 0
1790391413.617549671 849916 iou-wrk-849909 0
1790391413.617549671 849968 iou-wrk-849915 0
1790391413.824248979 849909 PL-server 186
1790391413.824248979 849915 PL-server 0
1790391413.824248979 849916 iou-wrk-849909 0
1790391413.824248979 849968 iou-wrk-849915 0
1790391414.030827785 849909 PL-server 197
1790391414.030827785 849915 PL-server 0
1790391414.030827785 849916 iou-wrk-849909 0
1790391414.030827785 849968 iou-wrk-849915 0
1790391414.237532793 849909 PL-server 208
1790391414.237532793 849915 PL-server 0
1790391414.237532793 849916 iou-wrk-849909 0
1790391414.237532793 849968 iou-wrk-849915 0
1790391414.444660402 849909 PL-server 219
1790391414.444660402 849915 PL-server 0
1790391414.444660402 849916 iou-wrk-849909 0
1790391414.444660402 849968 iou-wrk-849915 0
1790391414.651250759 849909 PL-server 230
1790391414.651250759 849915 PL-server 0
1790391414.651250759 849916 iou-wrk-849909 0
1790391414.651250759 849968 iou-wrk-849915 0
1790391414.858246828 849909 PL-server 241
1790391414.858246828 849915 PL-server 0
1790391414.858246828 849916 iou-wrk-849909 0
1790391414.858246828 849968 iou-wrk-849915 0
1790391415.065234626 849909 PL-server 251
1790391415.065234626 849915 PL-server 0
1790391415.065234626 849916 iou-wrk-849909 0
1790391415.065234626 849968 iou-wrk-849915 0
1790391415.272176055 849909 PL-server 263
1790391415.272176055 849915 PL-server 0
1790391415.272176055 849916 iou-wrk-849909 0
1790391415.272176055 849968 iou-wrk-849915 0
1790391415.478864563 849909 PL-server 274
1790391415.478864563 849915 PL-server 0
1790391415.478864563 849916 iou-wrk-849909 0
1790391415.478864563 849968 iou-wrk-849915 0
1790391415.685712221 849909 PL-server 284
1790391415.685712221 849915 PL-server 0
1790391415.685712221 849916 iou-wrk-849909 0
1790391415.685712221 849968 iou-wrk-849915 0
1790391415.892623850 849909 PL-server 296
1790391415.892623850 849915 PL-server 0
1790391415.892623850 849916 iou-wrk-849909 0
1790391415.892623850 849968 iou-wrk-849915 0
1790391416.099327247 849909 PL-server 307
1790391416.099327247 849915 PL-server 0
1790391416.099327247 849916 iou-wrk-849909 0
1790391416.099327247 849968 iou-wrk-849915 0
1790391416.306080925 849909 PL-server 318
1790391416.306080925 849915 PL-server 0
1790391416.306080925 849916 iou-wrk-849909 0
1790391416.306080925 849968 iou-wrk-849915 0
1790391416.512203800 849909 PL-server 329
1790391416.512203800 849915 PL-server 0
1790391416.512203800 849916 iou-wrk-849909 0
1790391416.512203800 849968 iou-wrk-849915 0
1790391416.719232349 849909 PL-server 339
1790391416.719232349 849915 PL-server 0
1790391416.719232349 849916 iou-wrk-849909 0
1790391416.719232349 849968 iou-wrk-849915 0
1790391416.926515040 849909 PL-server 351
1790391416.926515040 849915 PL-server 0
1790391416.926515040 849916 iou-wrk-849909 0
1790391416.926515040 849968 iou-wrk-849915 0
1790391417.133463139 849909 PL-server 362
1790391417.133463139 849915 PL-server 0
1790391417.133463139 849916 iou-wrk-849909 0
1790391417.133463139 849968 iou-wrk-849915 0
1790391417.340532489 849909 PL-server 372
1790391417.340532489 849915 PL-server 0
1790391417.340532489 849916 iou-wrk-849909 0
1790391417.340532489 849968 iou-wrk-849915 0
1790391417.547670489 849909 PL-server 383
1790391417.547670489 849915 PL-server 0
1790391417.547670489 849916 iou-wrk-849909 0
1790391417.547670489 849968 iou-wrk-849915 0
1790391417.754539498 849909 PL-server 395
1790391417.754539498 849915 PL-server 1
1790391417.754539498 849916 iou-wrk-849909 0
1790391417.754539498 849968 iou-wrk-849915 0
1790391417.961369246 849909 PL-server 405
1790391417.961369246 849915 PL-server 1
1790391417.961369246 849916 iou-wrk-849909 0
1790391417.961369246 849968 iou-wrk-849915 0
1790391418.168158585 849909 PL-server 416
1790391418.168158585 849915 PL-server 1
1790391418.168158585 849916 iou-wrk-849909 0
1790391418.168158585 849968 iou-wrk-849915 0
1790391418.374821053 849909 PL-server 427
1790391418.374821053 849915 PL-server 1
1790391418.374821053 849916 iou-wrk-849909 0
1790391418.374821053 849968 iou-wrk-849915 0
1790391418.581761252 849909 PL-server 438
1790391418.581761252 849915 PL-server 1
1790391418.581761252 849916 iou-wrk-849909 0
1790391418.581761252 849968 iou-wrk-849915 0
1790391418.789460315 849909 PL-server 449
1790391418.789460315 849915 PL-server 1
1790391418.789460315 849916 iou-wrk-849909 0
1790391418.789460315 849968 iou-wrk-849915 0
1790391418.995940242 849909 PL-server 460
1790391418.995940242 849915 PL-server 1
1790391418.995940242 849916 iou-wrk-849909 0
1790391418.995940242 849968 iou-wrk-849915 0
1790391419.202899191 849909 PL-server 471
1790391419.202899191 849915 PL-server 1
1790391419.202899191 849916 iou-wrk-849909 0
1790391419.202899191 849968 iou-wrk-849915 0
1790391419.409926571 849909 PL-server 482
1790391419.409926571 849915 PL-server 1
1790391419.409926571 849916 iou-wrk-849909 0
1790391419.409926571 849968 iou-wrk-849915 0
1790391419.616916131 849909 PL-server 494
1790391419.616916131 849915 PL-server 1
1790391419.616916131 849916 iou-wrk-849909 0
1790391419.616916131 849968 iou-wrk-849915 0
1790391419.824024391 849909 PL-server 504
1790391419.824024391 849915 PL-server 1
1790391419.824024391 849916 iou-wrk-849909 0
1790391419.824024391 849968 iou-wrk-849915 0
1790391420.031033501 849909 PL-server 515
1790391420.031033501 849915 PL-server 1
1790391420.031033501 849916 iou-wrk-849909 0
1790391420.031033501 849968 iou-wrk-849915 0
1790391420.237619059 849909 PL-server 526
1790391420.237619059 849915 PL-server 1
1790391420.237619059 849916 iou-wrk-849909 0
1790391420.237619059 849968 iou-wrk-849915 0
1790391420.444638469 849909 PL-server 537
1790391420.444638469 849915 PL-server 1
1790391420.444638469 849916 iou-wrk-849909 0
1790391420.444638469 849968 iou-wrk-849915 0
1790391420.651457378 849909 PL-server 548
1790391420.651457378 849915 PL-server 1
1790391420.651457378 849916 iou-wrk-849909 0
1790391420.651457378 849968 iou-wrk-849915 0
1790391420.858476468 849909 PL-server 559
1790391420.858476468 849915 PL-server 1
1790391420.858476468 849916 iou-wrk-849909 0
1790391420.858476468 849968 iou-wrk-849915 0
1790391421.065989201 849909 PL-server 570
1790391421.065989201 849915 PL-server 1
1790391421.065989201 849916 iou-wrk-849909 0
1790391421.065989201 849968 iou-wrk-849915 0
1790391421.272942241 849909 PL-server 581
1790391421.272942241 849915 PL-server 1
1790391421.272942241 849916 iou-wrk-849909 0
1790391421.272942241 849968 iou-wrk-849915 0
