1790391840.559173677 884381 PA-server 0
1790391840.559173677 884387 PA-server 0
1790391840.559173677 884388 iou-wrk-884381 0
1790391840.764528842 884381 PA-server 3
1790391840.764528842 884387 PA-server 10
1790391840.764528842 884388 iou-wrk-884381 0
1790391840.970554732 884381 PA-server 6
1790391840.970554732 884387 PA-server 21
1790391840.970554732 884388 iou-wrk-884381 0
1790391841.176028138 884381 PA-server 9
1790391841.176028138 884387 PA-server 31
1790391841.176028138 884388 iou-wrk-884381 0
1790391841.381370624 884381 PA-server 13
1790391841.381370624 884387 PA-server 43
1790391841.381370624 884388 iou-wrk-884381 0
1790391841.586669679 884381 PA-server 16
1790391841.586669679 884387 PA-server 54
1790391841.586669679 884388 iou-wrk-884381 0
1790391841.792053595 884381 PA-server 19
1790391841.792053595 884387 PA-server 66
1790391841.792053595 884388 iou-wrk-884381 0
1790391841.997287950 884381 PA-server 23
1790391841.997287950 884387 PA-server 76
1790391841.997287950 884388 iou-wrk-884381 0
1790391842.202643406 884381 PA-server 26
1790391842.202643406 884387 PA-server 87
1790391842.202643406 884388 iou-wrk-884381 0
1790391842.408371604 884381 PA-server 30
1790391842.408371604 884387 PA-server 98
1790391842.408371604 884388 iou-wrk-884381 0
1790391842.613884881 884381 PA-server 33
1790391842.613884881 884387 PA-server 109
1790391842.613884881 884388 iou-wrk-884381 0
1790391842.819378438 884381 PA-server 36
1790391842.819378438 884387 PA-server 121
1790391842.819378438 884388 iou-wrk-884381 0
1790391843.025018295 884381 PA-server 40
1790391843.025018295 884387 PA-server 132
1790391843.025018295 884388 iou-wrk-884381 0
1790391843.230794653 884381 PA-server 43
1790391843.230794653 884387 PA-server 143
1790391843.230794653 884388 iou-wrk-884381 0
1790391843.435774387 884381 PA-server 47
1790391843.435774387 884387 PA-server 154
1790391843.435774387 884388 iou-wrk-884381 0
1790391843.641115463 884381 PA-server 50
1790391843.641115463 884387 PA-server 165
1790391843.641115463 884388 iou-wrk-884381 0
1790391843.846213218 884381 PA-server 53
1790391843.846213218 884387 PA-server 176
1790391843.846213218 884388 iou-wrk-884381 0
1790391844.051337473 884381 PA-server 57
1790391844.051337473 884387 PA-server 188
1790391844.051337473 884388 iou-wrk-884381 0
1790391844.256783149 884381 PA-server 60
1790391844.256783149 884387 PA-server 199
1790391844.256783149 884388 iou-wrk-884381 0
1790391844.462181206 884381 PA-server 63
1790391844.462181206 884387 PA-server 210
1790391844.462181206 884388 iou-wrk-884381 0
1790391844.667769463 884381 PA-server 67
1790391844.667769463 884387 PA-server 221
1790391844.667769463 884388 iou-wrk-884381 0
1790391844.872648647 884381 PA-server 70
1790391844.872648647 884387 PA-server 232
1790391844.872648647 884388 iou-wrk-884381 0
1790391845.078326394 884381 PA-server 73
1790391845.078326394 884387 PA-server 243
1790391845.078326394 884388 iou-wrk-884381 0
1790391845.284171633 884381 PA-server 77
1790391845.284171633 884387 PA-server 254
1790391845.284171633 884388 iou-wrk-884381 0
1790391845.490017342 884381 PA-server 80
1790391845.490017342 884387 PA-server 266
1790391845.490017342 884388 iou-wrk-884381 0
1790391845.695254077 884381 PA-server 83
1790391845.695254077 884387 PA-server 276
1790391845.695254077 884388 iou-wrk-884381 0
1790391845.901019456 884381 PA-server 87
1790391845.901019456 884387 PA-server 287
1790391845.901019456 884388 iou-wrk-884381 0
1790391846.106760424 884381 PA-server 90
1790391846.106760424 884387 PA-server 298
1790391846.106760424 884388 iou-wrk-884381 0
1790391846.312190601 884381 PA-server 94
1790391846.312190601 884387 PA-server 310
1790391846.312190601 884388 iou-wrk-884381 0
1790391846.517371726 884381 PA-server 97
1790391846.517371726 884387 PA-server 320
1790391846.517371726 884388 iou-wrk-884381 0
1790391846.722567021 884381 PA-server 101
1790391846.722567021 884387 PA-server 331
1790391846.722567021 884388 iou-wrk-884381 0
1790391846.928106058 884381 PA-server 103
1790391846.928106058 884387 PA-server 343
1790391846.928106058 884388 iou-wrk-884381 0
1790391847.133516275 884381 PA-server 107
1790391847.133516275 884387 PA-server 353
1790391847.133516275 884388 iou-wrk-884381 0
1790391847.339093743 884381 PA-server 110
1790391847.339093743 884387 PA-server 365
1790391847.339093743 884388 iou-wrk-884381 0
1790391847.544332568 884381 PA-server 114
1790391847.544332568 884387 PA-server 376
1790391847.544332568 884388 iou-wrk-884381 0
1790391847.749943196 884381 PA-server 117
1790391847.749943196 884387 PA-server 387
1790391847.749943196 884388 iou-wrk-884381 0
1790391847.955591654 884381 PA-server 121
1790391847.955591654 884387 PA-server 398
1790391847.955591654 884388 iou-wrk-884381 0
1790391848.161110971 884381 PA-server 124
1790391848.161110971 884387 PA-server 410
1790391848.161110971 884388 iou-wrk-884381 0
1790391848.366520368 884381 PA-server 128
1790391848.366520368 884387 PA-server 420
1790391848.366520368 884388 iou-wrk-884381 0
1790391848.572239746 884381 PA-server 130
1790391848.572239746 884387 PA-server 431
1790391848.572239746 884388 iou-wrk-884381 0
1790391848.778309076 884381 PA-server 134
1790391848.778309076 884387 PA-server 443
1790391848.778309076 884388 iou-wrk-884381 0
1790391848.984218285 884381 PA-server 137
1790391848.984218285 884387 PA-server 454
1790391848.984218285 884388 iou-wrk-884381 0
1790391849.190056405 884381 PA-server 141
1790391849.190056405 884387 PA-server 465
1790391849.190056405 884388 iou-wrk-884381 0
1790391849.395563272 884381 PA-server 144
1790391849.395563272 884387 PA-server 476
1790391849.395563272 884388 iou-wrk-884381 0
1790391849.600968649 884381 PA-server 147
1790391849.600968649 884387 PA-server 487
1790391849.600968649 884388 iou-wrk-884381 0
1790391849.806316315 884381 PA-server 151
1790391849.806316315 884387 PA-server 498
1790391849.806316315 884388 iou-wrk-884381 0
1790391850.011232969 884381 PA-server 154
1790391850.011232969 884387 PA-server 508
1790391850.011232969 884388 iou-wrk-884381 0
1790391850.217061088 884381 PA-server 157
1790391850.217061088 884387 PA-server 520
1790391850.217061088 884388 iou-wrk-884381 0
1790391850.422372695 884381 PA-server 161
1790391850.422372695 884387 PA-server 531
1790391850.422372695 884388 iou-wrk-884381 0
1790391850.628242704 884381 PA-server 164
1790391850.628242704 884387 PA-server 542
1790391850.628242704 884388 iou-wrk-884381 0
1790391850.833851692 884381 PA-server 167
1790391850.833851692 884387 PA-server 553
1790391850.833851692 884388 iou-wrk-884381 0
1790391851.039270409 884381 PA-server 171
1790391851.039270409 884387 PA-server 564
1790391851.039270409 884388 iou-wrk-884381 0
1790391851.245020227 884381 PA-server 174
1790391851.245020227 884387 PA-server 575
1790391851.245020227 884388 iou-wrk-884381 0
1790391851.450289423 884381 PA-server 177
1790391851.450289423 884387 PA-server 586
1790391851.450289423 884388 iou-wrk-884381 0
1790391851.655618420 884381 PA-server 179
1790391851.655618420 884387 PA-server 593
1790391851.655618420 884388 iou-wrk-884381 0
