1790391651.241352385 869532 PL-server 0
1790391651.241352385 869538 PL-server 0
1790391651.241352385 869539 iou-wrk-869532 0
1790391651.446946963 869532 PL-server 11
1790391651.446946963 869538 PL-server 10
1790391651.446946963 869539 iou-wrk-869532 0
1790391651.652513941 869532 PL-server 23
1790391651.652513941 869538 PL-server 21
1790391651.652513941 869539 iou-wrk-869532 0
1790391651.857066374 869532 PL-server 36
1790391651.857066374 869538 PL-server 32
1790391651.857066374 869539 iou-wrk-869532 0
1790391652.062868643 869532 PL-server 48
1790391652.062868643 869538 PL-server 44
1790391652.062868643 869539 iou-wrk-869532 0
1790391652.267267965 869532 PL-server 59
1790391652.267267965 869538 PL-server 55
1790391652.267267965 869539 iou-wrk-869532 0
1790391652.471777058 869532 PL-server 72
1790391652.471777058 869538 PL-server 65
1790391652.471777058 869539 iou-wrk-869532 0
1790391652.676476651 869532 PL-server 83
1790391652.676476651 869538 PL-server 77
1790391652.676476651 869539 iou-wrk-869532 0
1790391652.881084874 869532 PL-server 95
1790391652.881084874 869538 PL-server 88
1790391652.881084874 869539 iou-wrk-869532 0
1790391653.085610887 869532 PL-server 107
1790391653.085610887 869538 PL-server 99
1790391653.085610887 869539 iou-wrk-869532 0
1790391653.289933429 869532 PL-server 118
1790391653.289933429 869538 PL-server 110
1790391653.289933429 869539 iou-wrk-869532 0
1790391653.494251341 869532 PL-server 130
1790391653.494251341 869538 PL-server 121
1790391653.494251341 869539 iou-wrk-869532 0
1790391653.698556923 869532 PL-server 142
1790391653.698556923 869538 PL-server 131
1790391653.698556923 869539 iou-wrk-869532 0
1790391653.903109316 869532 PL-server 153
1790391653.903109316 869538 PL-server 142
1790391653.903109316 869539 iou-wrk-869532 0
1790391654.107910550 869532 PL-server 165
1790391654.107910550 869538 PL-server 152
1790391654.107910550 869539 iou-wrk-869532 0
1790391654.312066381 869532 PL-server 177
1790391654.312066381 869538 PL-server 163
1790391654.312066381 869539 iou-wrk-869532 0
1790391654.516928976 869532 PL-server 188
1790391654.516928976 869538 PL-server 174
1790391654.516928976 869539 iou-wrk-869532 0
1790391654.721751391 869532 PL-server 200
1790391654.721751391 869538 PL-server 186
1790391654.721751391 869539 iou-wrk-869532 0
1790391654.926163833 869532 PL-server 211
1790391654.926163833 869538 PL-server 196
1790391654.926163833 869539 iou-wrk-869532 0
1790391655.130509585 869532 PL-server 222
1790391655.130509585 869538 PL-server 207
1790391655.130509585 869539 iou-wrk-869532 0
1790391655.335350650 869532 PL-server 235
1790391655.335350650 869538 PL-server 218
1790391655.335350650 869539 iou-wrk-869532 0
1790391655.539571992 869532 PL-server 246
1790391655.539571992 869538 PL-server 229
1790391655.539571992 869539 iou-wrk-869532 0
1790391655.744114485 869532 PL-server 258
1790391655.744114485 869538 PL-server 240
1790391655.744114485 869539 iou-wrk-869532 0
1790391655.949050150 869532 PL-server 269
1790391655.949050150 869538 PL-server 251
1790391655.949050150 869539 iou-wrk-869532 0
1790391656.154064806 869532 PL-server 282
1790391656.154064806 869538 PL-server 262
1790391656.154064806 869539 iou-wrk-869532 0
1790391656.359076201 869532 PL-server 292
1790391656.359076201 869538 PL-server 272
1790391656.359076201 869539 iou-wrk-869532 0
1790391656.564617810 869532 PL-server 304
1790391656.564617810 869538 PL-server 283
1790391656.564617810 869539 iou-wrk-869532 0
1790391656.770267349 869532 PL-server 317
1790391656.770267349 869538 PL-server 295
1790391656.770267349 869539 iou-wrk-869532 0
1790391656.975920768 869532 PL-server 329
1790391656.975920768 869538 PL-server 307
1790391656.975920768 869539 iou-wrk-869532 0
1790391657.180663042 869532 PL-server 341
1790391657.180663042 869538 PL-server 317
1790391657.180663042 869539 iou-wrk-869532 0
1790391657.385033565 869532 PL-server 352
1790391657.385033565 869538 PL-server 328
1790391657.385033565 869539 iou-wrk-869532 0
1790391657.589679939 869532 PL-server 364
1790391657.589679939 869538 PL-server 339
1790391657.589679939 869539 iou-wrk-869532 0
1790391657.794061732 869532 PL-server 376
1790391657.794061732 869538 PL-server 349
1790391657.794061732 869539 iou-wrk-869532 0
1790391657.999009877 869532 PL-server 388
1790391657.999009877 869538 PL-server 360
1790391657.999009877 869539 iou-wrk-869532 0
1790391658.203577651 869532 PL-server 399
1790391658.203577651 869538 PL-server 371
1790391658.203577651 869539 iou-wrk-869532 0
1790391658.408792038 869532 PL-server 411
1790391658.408792038 869538 PL-server 381
1790391658.408792038 869539 iou-wrk-869532 0
1790391658.613170750 869532 PL-server 422
1790391658.613170750 869538 PL-server 393
1790391658.613170750 869539 iou-wrk-869532 0
1790391658.818381658 869532 PL-server 434
1790391658.818381658 869538 PL-server 404
1790391658.818381658 869539 iou-wrk-869532 0
1790391659.022766320 869532 PL-server 446
1790391659.022766320 869538 PL-server 415
1790391659.022766320 869539 iou-wrk-869532 0
1790391659.227316194 869532 PL-server 457
1790391659.227316194 869538 PL-server 425
1790391659.227316194 869539 iou-wrk-869532 0
1790391659.432113649 869532 PL-server 469
1790391659.432113649 869538 PL-server 436
1790391659.432113649 869539 iou-wrk-869532 0
1790391659.637004255 869532 PL-server 481
1790391659.637004255 869538 PL-server 447
1790391659.637004255 869539 iou-wrk-869532 0
1790391659.841308797 869532 PL-server 492
1790391659.841308797 869538 PL-server 458
1790391659.841308797 869539 iou-wrk-869532 0
1790391660.046049202 869532 PL-server 504
1790391660.046049202 869538 PL-server 469
1790391660.046049202 869539 iou-wrk-869532 0
1790391660.250549015 869532 PL-server 516
1790391660.250549015 869538 PL-server 480
1790391660.250549015 869539 iou-wrk-869532 0
1790391660.455308700 869532 PL-server 528
1790391660.455308700 869538 PL-server 490
1790391660.455308700 869539 iou-wrk-869532 0
1790391660.659760934 869532 PL-server 539
1790391660.659760934 869538 PL-server 501
1790391660.659760934 869539 iou-wrk-869532 0
1790391660.864550239 869532 PL-server 550
1790391660.864550239 869538 PL-server 512
1790391660.864550239 869539 iou-wrk-869532 0
1790391661.069043462 869532 PL-server 562
1790391661.069043462 869538 PL-server 523
1790391661.069043462 869539 iou-wrk-869532 0
1790391661.273413795 869532 PL-server 574
1790391661.273413795 869538 PL-server 533
1790391661.273413795 869539 iou-wrk-869532 0
1790391661.478703083 869532 PL-server 586
1790391661.478703083 869538 PL-server 544
1790391661.478703083 869539 iou-wrk-869532 0
1790391661.684142532 869532 PL-server 598
1790391661.684142532 869538 PL-server 555
1790391661.684142532 869539 iou-wrk-869532 0
1790391661.888973457 869532 PL-server 610
1790391661.888973457 869538 PL-server 566
1790391661.888973457 869539 iou-wrk-869532 0
1790391662.093428151 869532 PL-server 622
1790391662.093428151 869538 PL-server 578
1790391662.093428151 869539 iou-wrk-869532 0
1790391662.298268156 869532 PL-server 631
1790391662.298268156 869538 PL-server 586
1790391662.298268156 869539 iou-wrk-869532 0
