1790391041.260028781 819995 PA-server 0
1790391041.260028781 820001 PA-server 0
1790391041.260028781 820002 iou-wrk-819995 0
1790391041.466046110 819995 PA-server 14
1790391041.466046110 820001 PA-server 4
1790391041.466046110 820002 iou-wrk-819995 0
1790391041.672041900 819995 PA-server 30
1790391041.672041900 820001 PA-server 9
1790391041.672041900 820002 iou-wrk-819995 0
1790391041.877258945 819995 PA-server 45
1790391041.877258945 820001 PA-server 14
1790391041.877258945 820002 iou-wrk-819995 0
1790391042.082392071 819995 PA-server 61
1790391042.082392071 820001 PA-server 18
1790391042.082392071 820002 iou-wrk-819995 0
1790391042.287510177 819995 PA-server 76
1790391042.287510177 820001 PA-server 23
1790391042.287510177 820002 iou-wrk-819995 0
1790391042.492349771 819995 PA-server 91
1790391042.492349771 820001 PA-server 27
1790391042.492349771 820002 iou-wrk-819995 0
1790391042.697902439 819995 PA-server 106
1790391042.697902439 820001 PA-server 31
1790391042.697902439 820002 iou-wrk-819995 0
1790391042.903720078 819995 PA-server 121
1790391042.903720078 820001 PA-server 36
1790391042.903720078 820002 iou-wrk-819995 0
1790391043.108680923 819995 PA-server 137
1790391043.108680923 820001 PA-server 41
1790391043.108680923 820002 iou-wrk-819995 0
1790391043.314108011 819995 PA-server 152
1790391043.314108011 820001 PA-server 46
1790391043.314108011 820002 iou-wrk-819995 0
1790391043.520094030 819995 PA-server 168
1790391043.520094030 820001 PA-server 50
1790391043.520094030 820002 iou-wrk-819995 0
1790391043.725303297 819995 PA-server 183
1790391043.725303297 820001 PA-server 55
1790391043.725303297 820002 iou-wrk-819995 0
1790391043.931216767 819995 PA-server 199
1790391043.931216767 820001 PA-server 60
1790391043.931216767 820002 iou-wrk-819995 0
1790391044.136533184 819995 PA-server 213
1790391044.136533184 820001 PA-server 64
1790391044.136533184 820002 iou-wrk-819995 0
1790391044.342761315 819995 PA-server 228
1790391044.342761315 820001 PA-server 69
1790391044.342761315 820002 iou-wrk-819995 0
1790391044.548667525 819995 PA-server 244
1790391044.548667525 820001 PA-server 74
1790391044.548667525 820002 iou-wrk-819995 0
1790391044.754147053 819995 PA-server 259
1790391044.754147053 820001 PA-server 78
1790391044.754147053 820002 iou-wrk-819995 0
1790391044.959411791 819995 PA-server 275
1790391044.959411791 820001 PA-server 83
1790391044.959411791 820002 iou-wrk-819995 0
1790391045.164216616 819995 PA-server 290
1790391045.164216616 820001 PA-server 88
1790391045.164216616 820002 iou-wrk-819995 0
1790391045.369549544 819995 PA-server 305
1790391045.369549544 820001 PA-server 92
1790391045.369549544 820002 iou-wrk-819995 0
1790391045.574890922 819995 PA-server 321
1790391045.574890922 820001 PA-server 97
1790391045.574890922 820002 iou-wrk-819995 0
1790391045.780310310 819995 PA-server 336
1790391045.780310310 820001 PA-server 101
1790391045.780310310 820002 iou-wrk-819995 0
1790391045.985949669 819995 PA-server 351
1790391045.985949669 820001 PA-server 106
1790391045.985949669 820002 iou-wrk-819995 0
1790391046.190857906 819995 PA-server 366
1790391046.190857906 820001 PA-server 110
1790391046.190857906 820002 iou-wrk-819995 0
1790391046.395836323 819995 PA-server 381
1790391046.395836323 820001 PA-server 115
1790391046.395836323 820002 iou-wrk-819995 0
1790391046.601460052 819995 PA-server 397
1790391046.601460052 820001 PA-server 120
1790391046.601460052 820002 iou-wrk-819995 0
1790391046.806615789 819995 PA-server 412
1790391046.806615789 820001 PA-server 125
1790391046.806615789 820002 iou-wrk-819995 0
1790391047.012252099 819995 PA-server 427
1790391047.012252099 820001 PA-server 130
1790391047.012252099 820002 iou-wrk-819995 0
1790391047.218217800 819995 PA-server 443
1790391047.218217800 820001 PA-server 134
1790391047.218217800 820002 iou-wrk-819995 0
1790391047.422920026 819995 PA-server 458
1790391047.422920026 820001 PA-server 139
1790391047.422920026 820002 iou-wrk-819995 0
1790391047.628161975 819995 PA-server 473
1790391047.628161975 820001 PA-server 144
1790391047.628161975 820002 iou-wrk-819995 0
1790391047.833278802 819995 PA-server 489
1790391047.833278802 820001 PA-server 149
1790391047.833278802 820002 iou-wrk-819995 0
1790391048.038635201 819995 PA-server 505
1790391048.038635201 820001 PA-server 153
1790391048.038635201 820002 iou-wrk-819995 0
1790391048.243565138 819995 PA-server 519
1790391048.243565138 820001 PA-server 158
1790391048.243565138 820002 iou-wrk-819995 0
1790391048.449149219 819995 PA-server 535
1790391048.449149219 820001 PA-server 163
1790391048.449149219 820002 iou-wrk-819995 0
1790391048.654304617 819995 PA-server 550
1790391048.654304617 820001 PA-server 167
1790391048.654304617 820002 iou-wrk-819995 0
1790391048.859446205 819995 PA-server 565
1790391048.859446205 820001 PA-server 172
1790391048.859446205 820002 iou-wrk-819995 0
1790391049.064035301 819995 PA-server 580
1790391049.064035301 820001 PA-server 177
1790391049.064035301 820002 iou-wrk-819995 0
1790391049.269247330 819995 PA-server 596
1790391049.269247330 820001 PA-server 181
1790391049.269247330 820002 iou-wrk-819995 0
1790391049.474932141 819995 PA-server 611
1790391049.474932141 820001 PA-server 186
1790391049.474932141 820002 iou-wrk-819995 0
1790391049.679691738 819995 PA-server 626
1790391049.679691738 820001 PA-server 191
1790391049.679691738 820002 iou-wrk-819995 0
1790391049.884232014 819995 PA-server 642
1790391049.884232014 820001 PA-server 195
1790391049.884232014 820002 iou-wrk-819995 0
1790391050.089578693 819995 PA-server 657
1790391050.089578693 820001 PA-server 200
1790391050.089578693 820002 iou-wrk-819995 0
1790391050.294863953 819995 PA-server 673
1790391050.294863953 820001 PA-server 205
1790391050.294863953 820002 iou-wrk-819995 0
1790391050.500244753 819995 PA-server 687
1790391050.500244753 820001 PA-server 210
1790391050.500244753 820002 iou-wrk-819995 0
1790391050.705573263 819995 PA-server 703
1790391050.705573263 820001 PA-server 214
1790391050.705573263 820002 iou-wrk-819995 0
1790391050.911171424 819995 PA-server 718
1790391050.911171424 820001 PA-server 218
1790391050.911171424 820002 iou-wrk-819995 0
1790391051.116342193 819995 PA-server 733
1790391051.116342193 820001 PA-server 223
1790391051.116342193 820002 iou-wrk-819995 0
1790391051.322221656 819995 PA-server 748
1790391051.322221656 820001 PA-server 228
1790391051.322221656 820002 iou-wrk-819995 0
1790391051.527298865 819995 PA-server 764
1790391051.527298865 820001 PA-server 232
1790391051.527298865 820002 iou-wrk-819995 0
1790391051.732761795 819995 PA-server 778
1790391051.732761795 820001 PA-server 237
1790391051.732761795 820002 iou-wrk-819995 0
1790391051.938364307 819995 PA-server 794
1790391051.938364307 820001 PA-server 242
1790391051.938364307 820002 iou-wrk-819995 0
1790391052.143579037 819995 PA-server 809
1790391052.143579037 820001 PA-server 247
1790391052.143579037 820002 iou-wrk-819995 0
1790391052.348646096 819995 PA-server 818
1790391052.348646096 820001 PA-server 249
1790391052.348646096 820002 iou-wrk-819995 0
