1790391270.622132688 838514 PA-server 0
1790391270.622132688 838520 PA-server 0
1790391270.622132688 838521 iou-wrk-838514 0
1790391270.828169820 838514 PA-server 11
1790391270.828169820 838520 PA-server 3
1790391270.828169820 838521 iou-wrk-838514 0
1790391270.828169820 838574 iou-wrk-838520 0
1790391271.035508239 838514 PA-server 24
1790391271.035508239 838520 PA-server 7
1790391271.035508239 838521 iou-wrk-838514 0
1790391271.035508239 838574 iou-wrk-838520 0
1790391271.242548546 838514 PA-server 37
1790391271.242548546 838520 PA-server 11
1790391271.242548546 838521 iou-wrk-838514 0
1790391271.242548546 838574 iou-wrk-838520 0
1790391271.449727074 838514 PA-server 51
1790391271.449727074 838520 PA-server 16
1790391271.449727074 838521 iou-wrk-838514 0
1790391271.449727074 838574 iou-wrk-838520 0
1790391271.656321609 838514 PA-server 64
1790391271.656321609 838520 PA-server 19
1790391271.656321609 838521 iou-wrk-838514 0
1790391271.656321609 838574 iou-wrk-838520 0
1790391271.862252881 838514 PA-server 76
1790391271.862252881 838520 PA-server 23
1790391271.862252881 838521 iou-wrk-838514 0
1790391271.862252881 838574 iou-wrk-838520 0
1790391272.069289339 838514 PA-server 89
1790391272.069289339 838520 PA-server 27
1790391272.069289339 838521 iou-wrk-838514 0
1790391272.069289339 838574 iou-wrk-838520 0
1790391272.276198416 838514 PA-server 102
1790391272.276198416 838520 PA-server 31
1790391272.276198416 838521 iou-wrk-838514 0
1790391272.276198416 838574 iou-wrk-838520 0
1790391272.483062463 838514 PA-server 116
1790391272.483062463 838520 PA-server 35
1790391272.483062463 838521 iou-wrk-838514 0
1790391272.483062463 838574 iou-wrk-838520 0
1790391272.689494438 838514 PA-server 129
1790391272.689494438 838520 PA-server 38
1790391272.689494438 838521 iou-wrk-838514 0
1790391272.689494438 838574 iou-wrk-838520 0
1790391272.896141863 838514 PA-server 142
1790391272.896141863 838520 PA-server 43
1790391272.896141863 838521 iou-wrk-838514 0
1790391272.896141863 838574 iou-wrk-838520 0
1790391273.102895980 838514 PA-server 155
1790391273.102895980 838520 PA-server 47
1790391273.102895980 838521 iou-wrk-838514 0
1790391273.102895980 838574 iou-wrk-838520 0
1790391273.309838477 838514 PA-server 168
1790391273.309838477 838520 PA-server 51
1790391273.309838477 838521 iou-wrk-838514 0
1790391273.309838477 838574 iou-wrk-838520 0
1790391273.516185772 838514 PA-server 182
1790391273.516185772 838520 PA-server 55
1790391273.516185772 838521 iou-wrk-838514 0
1790391273.516185772 838574 iou-wrk-838520 0
1790391273.722662297 838514 PA-server 195
1790391273.722662297 838520 PA-server 59
1790391273.722662297 838521 iou-wrk-838514 0
1790391273.722662297 838574 iou-wrk-838520 0
1790391273.928766200 838514 PA-server 208
1790391273.928766200 838520 PA-server 62
1790391273.928766200 838521 iou-wrk-838514 0
1790391273.928766200 838574 iou-wrk-838520 0
1790391274.135703688 838514 PA-server 221
1790391274.135703688 838520 PA-server 66
1790391274.135703688 838521 iou-wrk-838514 0
1790391274.135703688 838574 iou-wrk-838520 0
1790391274.342154863 838514 PA-server 233
1790391274.342154863 838520 PA-server 71
1790391274.342154863 838521 iou-wrk-838514 0
1790391274.342154863 838574 iou-wrk-838520 0
1790391274.548080426 838514 PA-server 247
1790391274.548080426 838520 PA-server 75
1790391274.548080426 838521 iou-wrk-838514 0
1790391274.548080426 838574 iou-wrk-838520 0
1790391274.754334711 838514 PA-server 259
1790391274.754334711 838520 PA-server 78
1790391274.754334711 838521 iou-wrk-838514 0
1790391274.754334711 838574 iou-wrk-838520 0
1790391274.960870006 838514 PA-server 272
1790391274.960870006 838520 PA-server 82
1790391274.960870006 838521 iou-wrk-838514 0
1790391274.960870006 838574 iou-wrk-838520 0
1790391275.167759124 838514 PA-server 285
1790391275.167759124 838520 PA-server 86
1790391275.167759124 838521 iou-wrk-838514 0
1790391275.167759124 838574 iou-wrk-838520 0
1790391275.374750722 838514 PA-server 298
1790391275.374750722 838520 PA-server 90
1790391275.374750722 838521 iou-wrk-838514 0
1790391275.374750722 838574 iou-wrk-838520 0
1790391275.581698700 838514 PA-server 311
1790391275.581698700 838520 PA-server 95
1790391275.581698700 838521 iou-wrk-838514 0
1790391275.581698700 838574 iou-wrk-838520 0
1790391275.787666114 838514 PA-server 324
1790391275.787666114 838520 PA-server 99
1790391275.787666114 838521 iou-wrk-838514 0
1790391275.787666114 838574 iou-wrk-838520 0
1790391275.994933333 838514 PA-server 337
1790391275.994933333 838520 PA-server 103
1790391275.994933333 838521 iou-wrk-838514 0
1790391275.994933333 838574 iou-wrk-838520 0
1790391276.201622210 838514 PA-server 350
1790391276.201622210 838520 PA-server 107
1790391276.201622210 838521 iou-wrk-838514 0
1790391276.201622210 838574 iou-wrk-838520 0
1790391276.408566778 838514 PA-server 363
1790391276.408566778 838520 PA-server 111
1790391276.408566778 838521 iou-wrk-838514 0
1790391276.408566778 838574 iou-wrk-838520 0
1790391276.614407811 838514 PA-server 375
1790391276.614407811 838520 PA-server 114
1790391276.614407811 838521 iou-wrk-838514 0
1790391276.614407811 838574 iou-wrk-838520 0
1790391276.821142508 838514 PA-server 388
1790391276.821142508 838520 PA-server 118
1790391276.821142508 838521 iou-wrk-838514 0
1790391276.821142508 838574 iou-wrk-838520 0
1790391277.028516239 838514 PA-server 401
1790391277.028516239 838520 PA-server 123
1790391277.028516239 838521 iou-wrk-838514 0
1790391277.028516239 838574 iou-wrk-838520 0
1790391277.235496527 838514 PA-server 414
1790391277.235496527 838520 PA-server 127
1790391277.235496527 838521 iou-wrk-838514 0
1790391277.235496527 838574 iou-wrk-838520 0
1790391277.441952893 838514 PA-server 426
1790391277.441952893 838520 PA-server 131
1790391277.441952893 838521 iou-wrk-838514 0
1790391277.441952893 838574 iou-wrk-838520 0
1790391277.648832992 838514 PA-server 440
1790391277.648832992 838520 PA-server 134
1790391277.648832992 838521 iou-wrk-838514 0
1790391277.648832992 838574 iou-wrk-838520 0
1790391277.855585569 838514 PA-server 453
1790391277.855585569 838520 PA-server 138
1790391277.855585569 838521 iou-wrk-838514 0
1790391277.855585569 838574 iou-wrk-838520 0
1790391278.062563548 838514 PA-server 466
1790391278.062563548 838520 PA-server 142
1790391278.062563548 838521 iou-wrk-838514 0
1790391278.062563548 838574 iou-wrk-838520 0
1790391278.268994164 838514 PA-server 479
1790391278.268994164 838520 PA-server 146
1790391278.268994164 838521 iou-wrk-838514 0
1790391278.268994164 838574 iou-wrk-838520 0
1790391278.475906142 838514 PA-server 492
1790391278.475906142 838520 PA-server 150
1790391278.475906142 838521 iou-wrk-838514 0
1790391278.475906142 838574 iou-wrk-838520 0
1790391278.682485619 838514 PA-server 504
1790391278.682485619 838520 PA-server 154
1790391278.682485619 838521 iou-wrk-838514 0
1790391278.682485619 838574 iou-wrk-838520 0
1790391278.888349533 838514 PA-server 518
1790391278.888349533 838520 PA-server 158
1790391278.888349533 838521 iou-wrk-838514 0
1790391278.888349533 838574 iou-wrk-838520 0
1790391279.095236382 838514 PA-server 531
1790391279.095236382 838520 PA-server 162
1790391279.095236382 838521 iou-wrk-838514 0
1790391279.095236382 838574 iou-wrk-838520 0
1790391279.301946999 838514 PA-server 544
1790391279.301946999 838520 PA-server 166
1790391279.301946999 838521 iou-wrk-838514 0
1790391279.301946999 838574 iou-wrk-838520 0
1790391279.508261715 838514 PA-server 556
1790391279.508261715 838520 PA-server 170
1790391279.508261715 838521 iou-wrk-838514 0
1790391279.508261715 838574 iou-wrk-838520 0
1790391279.715168844 838514 PA-server 569
1790391279.715168844 838520 PA-server 174
1790391279.715168844 838521 iou-wrk-838514 0
1790391279.715168844 838574 iou-wrk-838520 0
1790391279.921720981 838514 PA-server 582
1790391279.921720981 838520 PA-server 178
1790391279.921720981 838521 iou-wrk-838514 0
1790391279.921720981 838574 iou-wrk-838520 0
1790391280.128085937 838514 PA-server 595
1790391280.128085937 838520 PA-server 182
1790391280.128085937 838521 iou-wrk-838514 0
1790391280.128085937 838574 iou-wrk-838520 0
1790391280.334518774 838514 PA-server 608
1790391280.334518774 838520 PA-server 186
1790391280.334518774 838521 iou-wrk-838514 0
1790391280.334518774 838574 iou-wrk-838520 0
1790391280.541092132 838514 PA-server 620
1790391280.541092132 838520 PA-server 190
1790391280.541092132 838521 iou-wrk-838514 0
1790391280.541092132 838574 iou-wrk-838520 0
1790391280.747672339 838514 PA-server 633
1790391280.747672339 838520 PA-server 194
1790391280.747672339 838521 iou-wrk-838514 0
1790391280.747672339 838574 iou-wrk-838520 0
1790391280.954467228 838514 PA-server 646
1790391280.954467228 838520 PA-server 198
1790391280.954467228 838521 iou-wrk-838514 0
1790391280.954467228 838574 iou-wrk-838520 0
1790391281.160493823 838514 PA-server 659
1790391281.160493823 838520 PA-server 202
1790391281.160493823 838521 iou-wrk-838514 0
1790391281.160493823 838574 iou-wrk-838520 0
1790391281.367178441 838514 PA-server 672
1790391281.367178441 838520 PA-server 205
1790391281.367178441 838521 iou-wrk-838514 0
1790391281.367178441 838574 iou-wrk-838520 0
1790391281.574146471 838514 PA-server 684
1790391281.574146471 838520 PA-server 210
1790391281.574146471 838521 iou-wrk-838514 0
1790391281.574146471 838574 iou-wrk-838520 0
