1790391817.556822875 882084 PL-server 0
1790391817.556822875 882090 PL-server 0
1790391817.556822875 882091 iou-wrk-882084 0
1790391817.763909578 882084 PL-server 17
1790391817.763909578 882090 PL-server 0
1790391817.763909578 882091 iou-wrk-882084 0
1790391817.763909578 882138 iou-wrk-882090 0
1790391817.971379883 882084 PL-server 37
1790391817.971379883 882090 PL-server 0
1790391817.971379883 882091 iou-wrk-882084 0
1790391817.971379883 882138 iou-wrk-882090 0
1790391818.178206914 882084 PL-server 57
1790391818.178206914 882090 PL-server 0
1790391818.178206914 882091 iou-wrk-882084 0
1790391818.178206914 882138 iou-wrk-882090 0
1790391818.385178596 882084 PL-server 78
1790391818.385178596 882090 PL-server 0
1790391818.385178596 882091 iou-wrk-882084 0
1790391818.385178596 882138 iou-wrk-882090 0
1790391818.592007818 882084 PL-server 98
1790391818.592007818 882090 PL-server 0
1790391818.592007818 882091 iou-wrk-882084 0
1790391818.592007818 882138 iou-wrk-882090 0
1790391818.798476858 882084 PL-server 118
1790391818.798476858 882090 PL-server 0
1790391818.798476858 882091 iou-wrk-882084 0
1790391818.798476858 882138 iou-wrk-882090 0
1790391819.005530020 882084 PL-server 139
1790391819.005530020 882090 PL-server 0
1790391819.005530020 882091 iou-wrk-882084 0
1790391819.005530020 882138 iou-wrk-882090 0
1790391819.212442502 882084 PL-server 159
1790391819.212442502 882090 PL-server 0
1790391819.212442502 882091 iou-wrk-882084 0
1790391819.212442502 882138 iou-wrk-882090 0
1790391819.418979752 882084 PL-server 180
1790391819.418979752 882090 PL-server 0
1790391819.418979752 882091 iou-wrk-882084 0
1790391819.418979752 882138 iou-wrk-882090 0
1790391819.625654363 882084 PL-server 199
1790391819.625654363 882090 PL-server 0
1790391819.625654363 882091 iou-wrk-882084 0
1790391819.625654363 882138 iou-wrk-882090 0
1790391819.832427344 882084 PL-server 219
1790391819.832427344 882090 PL-server 0
1790391819.832427344 882091 iou-wrk-882084 0
1790391819.832427344 882138 iou-wrk-882090 0
1790391820.039486157 882084 PL-server 240
1790391820.039486157 882090 PL-server 0
1790391820.039486157 882091 iou-wrk-882084 0
1790391820.039486157 882138 iou-wrk-882090 0
1790391820.246631320 882084 PL-server 260
1790391820.246631320 882090 PL-server 0
1790391820.246631320 882091 iou-wrk-882084 0
1790391820.246631320 882138 iou-wrk-882090 0
1790391820.453471302 882084 PL-server 280
1790391820.453471302 882090 PL-server 0
1790391820.453471302 882091 iou-wrk-882084 0
1790391820.453471302 882138 iou-wrk-882090 0
1790391820.660376814 882084 PL-server 301
1790391820.660376814 882090 PL-server 0
1790391820.660376814 882091 iou-wrk-882084 0
1790391820.660376814 882138 iou-wrk-882090 0
1790391820.867066415 882084 PL-server 321
1790391820.867066415 882090 PL-server 0
1790391820.867066415 882091 iou-wrk-882084 0
1790391820.867066415 882138 iou-wrk-882090 0
1790391821.073825406 882084 PL-server 341
1790391821.073825406 882090 PL-server 0
1790391821.073825406 882091 iou-wrk-882084 0
1790391821.073825406 882138 iou-wrk-882090 0
1790391821.280463797 882084 PL-server 362
1790391821.280463797 882090 PL-server 0
1790391821.280463797 882091 iou-wrk-882084 0
1790391821.280463797 882138 iou-wrk-882090 0
1790391821.487470260 882084 PL-server 382
1790391821.487470260 882090 PL-server 0
1790391821.487470260 882091 iou-wrk-882084 0
1790391821.487470260 882138 iou-wrk-882090 0
1790391821.694109870 882084 PL-server 402
1790391821.694109870 882090 PL-server 0
1790391821.694109870 882091 iou-wrk-882084 0
1790391821.694109870 882138 iou-wrk-882090 0
1790391821.901115213 882084 PL-server 422
1790391821.901115213 882090 PL-server 0
1790391821.901115213 882091 iou-wrk-882084 0
1790391821.901115213 882138 iou-wrk-882090 0
1790391822.107731474 882084 PL-server 443
1790391822.107731474 882090 PL-server 0
1790391822.107731474 882091 iou-wrk-882084 0
1790391822.107731474 882138 iou-wrk-882090 0
1790391822.314334654 882084 PL-server 463
1790391822.314334654 882090 PL-server 0
1790391822.314334654 882091 iou-wrk-882084 0
1790391822.314334654 882138 iou-wrk-882090 0
1790391822.520769874 882084 PL-server 483
1790391822.520769874 882090 PL-server 0
1790391822.520769874 882091 iou-wrk-882084 0
1790391822.520769874 882138 iou-wrk-882090 0
1790391822.727297925 882084 PL-server 503
1790391822.727297925 882090 PL-server 0
1790391822.727297925 882091 iou-wrk-882084 0
1790391822.727297925 882138 iou-wrk-882090 0
1790391822.933856615 882084 PL-server 524
1790391822.933856615 882090 PL-server 0
1790391822.933856615 882091 iou-wrk-882084 0
1790391822.933856615 882138 iou-wrk-882090 0
1790391823.140618176 882084 PL-server 544
1790391823.140618176 882090 PL-server 0
1790391823.140618176 882091 iou-wrk-882084 0
1790391823.140618176 882138 iou-wrk-882090 0
1790391823.346928206 882084 PL-server 564
1790391823.346928206 882090 PL-server 0
1790391823.346928206 882091 iou-wrk-882084 0
1790391823.346928206 882138 iou-wrk-882090 0
1790391823.553707797 882084 PL-server 584
1790391823.553707797 882090 PL-server 0
1790391823.553707797 882091 iou-wrk-882084 0
1790391823.553707797 882138 iou-wrk-882090 0
1790391823.760362908 882084 PL-server 605
1790391823.760362908 882090 PL-server 0
1790391823.760362908 882091 iou-wrk-882084 0
1790391823.760362908 882138 iou-wrk-882090 0
1790391823.967900204 882084 PL-server 625
1790391823.967900204 882090 PL-server 0
1790391823.967900204 882091 iou-wrk-882084 0
1790391823.967900204 882138 iou-wrk-882090 0
1790391824.175020557 882084 PL-server 645
1790391824.175020557 882090 PL-server 0
1790391824.175020557 882091 iou-wrk-882084 0
1790391824.175020557 882138 iou-wrk-882090 0
1790391824.381931520 882084 PL-server 666
1790391824.381931520 882090 PL-server 0
1790391824.381931520 882091 iou-wrk-882084 0
1790391824.381931520 882138 iou-wrk-882090 0
1790391824.588378370 882084 PL-server 685
1790391824.588378370 882090 PL-server 0
1790391824.588378370 882091 iou-wrk-882084 0
1790391824.588378370 882138 iou-wrk-882090 0
1790391824.795311072 882084 PL-server 706
1790391824.795311072 882090 PL-server 0
1790391824.795311072 882091 iou-wrk-882084 0
1790391824.795311072 882138 iou-wrk-882090 0
1790391825.002660497 882084 PL-server 726
1790391825.002660497 882090 PL-server 0
1790391825.002660497 882091 iou-wrk-882084 0
1790391825.002660497 882138 iou-wrk-882090 0
1790391825.209557279 882084 PL-server 747
1790391825.209557279 882090 PL-server 0
1790391825.209557279 882091 iou-wrk-882084 0
1790391825.209557279 882138 iou-wrk-882090 0
1790391825.416414551 882084 PL-server 767
1790391825.416414551 882090 PL-server 1
1790391825.416414551 882091 iou-wrk-882084 0
1790391825.416414551 882138 iou-wrk-882090 0
1790391825.623152903 882084 PL-server 787
1790391825.623152903 882090 PL-server 1
1790391825.623152903 882091 iou-wrk-882084 0
1790391825.623152903 882138 iou-wrk-882090 0
1790391825.830242627 882084 PL-server 808
1790391825.830242627 882090 PL-server 1
1790391825.830242627 882091 iou-wrk-882084 0
1790391825.830242627 882138 iou-wrk-882090 0
1790391826.038078904 882084 PL-server 828
1790391826.038078904 882090 PL-server 1
1790391826.038078904 882091 iou-wrk-882084 0
1790391826.038078904 882138 iou-wrk-882090 0
1790391826.245024827 882084 PL-server 848
1790391826.245024827 882090 PL-server 1
1790391826.245024827 882091 iou-wrk-882084 0
1790391826.245024827 882138 iou-wrk-882090 0
1790391826.451787298 882084 PL-server 868
1790391826.451787298 882090 PL-server 1
1790391826.451787298 882091 iou-wrk-882084 0
1790391826.451787298 882138 iou-wrk-882090 0
1790391826.658951612 882084 PL-server 889
1790391826.658951612 882090 PL-server 1
1790391826.658951612 882091 iou-wrk-882084 0
1790391826.658951612 882138 iou-wrk-882090 0
1790391826.865544653 882084 PL-server 909
1790391826.865544653 882090 PL-server 1
1790391826.865544653 882091 iou-wrk-882084 0
1790391826.865544653 882138 iou-wrk-882090 0
1790391827.072741717 882084 PL-server 929
1790391827.072741717 882090 PL-server 1
1790391827.072741717 882091 iou-wrk-882084 0
1790391827.072741717 882138 iou-wrk-882090 0
1790391827.279655500 882084 PL-server 949
1790391827.279655500 882090 PL-server 1
1790391827.279655500 882091 iou-wrk-882084 0
1790391827.279655500 882138 iou-wrk-882090 0
1790391827.486371982 882084 PL-server 969
1790391827.486371982 882090 PL-server 1
1790391827.486371982 882091 iou-wrk-882084 0
1790391827.486371982 882138 iou-wrk-882090 0
1790391827.692585151 882084 PL-server 990
1790391827.692585151 882090 PL-server 1
1790391827.692585151 882091 iou-wrk-882084 0
1790391827.692585151 882138 iou-wrk-882090 0
1790391827.899811225 882084 PL-server 1011
1790391827.899811225 882090 PL-server 1
1790391827.899811225 882091 iou-wrk-882084 0
1790391827.899811225 882138 iou-wrk-882090 0
1790391828.107141340 882084 PL-server 1031
1790391828.107141340 882090 PL-server 1
1790391828.107141340 882091 iou-wrk-882084 0
1790391828.107141340 882138 iou-wrk-882090 0
1790391828.313559910 882084 PL-server 1051
1790391828.313559910 882090 PL-server 1
1790391828.313559910 882091 iou-wrk-882084 0
1790391828.313559910 882138 iou-wrk-882090 0
1790391828.520190411 882084 PL-server 1071
1790391828.520190411 882090 PL-server 1
1790391828.520190411 882091 iou-wrk-882084 0
1790391828.520190411 882138 iou-wrk-882090 0
1790391828.727154314 882084 PL-server 1076
1790391828.727154314 882090 PL-server 1
1790391828.727154314 882091 iou-wrk-882084 0
1790391828.727154314 882138 iou-wrk-882090 0
1790391828.934867831 882084 PL-server 1076
1790391828.934867831 882090 PL-server 1
1790391828.934867831 882091 iou-wrk-882084 0
1790391828.934867831 882138 iou-wrk-882090 0
