1790391057.626762561 821008 WSL-server 0
1790391057.626762561 821014 WSL-server 0
1790391057.626762561 821015 iou-wrk-821008 0
1790391057.832673786 821008 WSL-server 14
1790391057.832673786 821014 WSL-server 13
1790391057.832673786 821015 iou-wrk-821008 0
1790391058.038633991 821008 WSL-server 28
1790391058.038633991 821014 WSL-server 27
1790391058.038633991 821015 iou-wrk-821008 0
1790391058.244194375 821008 WSL-server 42
1790391058.244194375 821014 WSL-server 42
1790391058.244194375 821015 iou-wrk-821008 0
1790391058.449463048 821008 WSL-server 56
1790391058.449463048 821014 WSL-server 56
1790391058.449463048 821015 iou-wrk-821008 0
1790391058.654776210 821008 WSL-server 71
1790391058.654776210 821014 WSL-server 70
1790391058.654776210 821015 iou-wrk-821008 0
1790391058.859529601 821008 WSL-server 85
1790391058.859529601 821014 WSL-server 84
1790391058.859529601 821015 iou-wrk-821008 0
1790391059.064396842 821008 WSL-server 100
1790391059.064396842 821014 WSL-server 98
1790391059.064396842 821015 iou-wrk-821008 0
1790391059.269155232 821008 WSL-server 114
1790391059.269155232 821014 WSL-server 112
1790391059.269155232 821015 iou-wrk-821008 0
1790391059.473483631 821008 WSL-server 128
1790391059.473483631 821014 WSL-server 126
1790391059.473483631 821015 iou-wrk-821008 0
1790391059.679139326 821008 WSL-server 143
1790391059.679139326 821014 WSL-server 141
1790391059.679139326 821015 iou-wrk-821008 0
1790391059.883536105 821008 WSL-server 157
1790391059.883536105 821014 WSL-server 154
1790391059.883536105 821015 iou-wrk-821008 0
1790391060.089278140 821008 WSL-server 171
1790391060.089278140 821014 WSL-server 169
1790391060.089278140 821015 iou-wrk-821008 0
1790391060.295064726 821008 WSL-server 186
1790391060.295064726 821014 WSL-server 182
1790391060.295064726 821015 iou-wrk-821008 0
1790391060.500459160 821008 WSL-server 201
1790391060.500459160 821014 WSL-server 197
1790391060.500459160 821015 iou-wrk-821008 0
1790391060.704908560 821008 WSL-server 214
1790391060.704908560 821014 WSL-server 211
1790391060.704908560 821015 iou-wrk-821008 0
1790391060.909787051 821008 WSL-server 229
1790391060.909787051 821014 WSL-server 226
1790391060.909787051 821015 iou-wrk-821008 0
1790391061.114985575 821008 WSL-server 243
1790391061.114985575 821014 WSL-server 240
1790391061.114985575 821015 iou-wrk-821008 0
1790391061.320347369 821008 WSL-server 257
1790391061.320347369 821014 WSL-server 254
1790391061.320347369 821015 iou-wrk-821008 0
1790391061.525749483 821008 WSL-server 272
1790391061.525749483 821014 WSL-server 267
1790391061.525749483 821015 iou-wrk-821008 0
1790391061.730531915 821008 WSL-server 287
1790391061.730531915 821014 WSL-server 282
1790391061.730531915 821015 iou-wrk-821008 0
1790391061.935841789 821008 WSL-server 301
1790391061.935841789 821014 WSL-server 296
1790391061.935841789 821015 iou-wrk-821008 0
1790391062.140952022 821008 WSL-server 316
1790391062.140952022 821014 WSL-server 310
1790391062.140952022 821015 iou-wrk-821008 0
1790391062.345986335 821008 WSL-server 330
1790391062.345986335 821014 WSL-server 325
1790391062.345986335 821015 iou-wrk-821008 0
1790391062.551601321 821008 WSL-server 345
1790391062.551601321 821014 WSL-server 339
1790391062.551601321 821015 iou-wrk-821008 0
1790391062.756609394 821008 WSL-server 359
1790391062.756609394 821014 WSL-server 353
1790391062.756609394 821015 iou-wrk-821008 0
1790391062.962270390 821008 WSL-server 373
1790391062.962270390 821014 WSL-server 368
1790391062.962270390 821015 iou-wrk-821008 0
1790391063.167834365 821008 WSL-server 388
1790391063.167834365 821014 WSL-server 381
1790391063.167834365 821015 iou-wrk-821008 0
1790391063.372501357 821008 WSL-server 402
1790391063.372501357 821014 WSL-server 396
1790391063.372501357 821015 iou-wrk-821008 0
1790391063.578606275 821008 WSL-server 417
1790391063.578606275 821014 WSL-server 411
1790391063.578606275 821015 iou-wrk-821008 0
1790391063.784218051 821008 WSL-server 431
1790391063.784218051 821014 WSL-server 424
1790391063.784218051 821015 iou-wrk-821008 0
1790391063.988995814 821008 WSL-server 446
1790391063.988995814 821014 WSL-server 438
1790391063.988995814 821015 iou-wrk-821008 0
1790391064.193895737 821008 WSL-server 460
1790391064.193895737 821014 WSL-server 453
1790391064.193895737 821015 iou-wrk-821008 0
1790391064.399579944 821008 WSL-server 474
1790391064.399579944 821014 WSL-server 467
1790391064.399579944 821015 iou-wrk-821008 0
1790391064.605799263 821008 WSL-server 489
1790391064.605799263 821014 WSL-server 482
1790391064.605799263 821015 iou-wrk-821008 0
1790391064.811434749 821008 WSL-server 503
1790391064.811434749 821014 WSL-server 496
1790391064.811434749 821015 iou-wrk-821008 0
1790391065.016838725 821008 WSL-server 518
1790391065.016838725 821014 WSL-server 510
1790391065.016838725 821015 iou-wrk-821008 0
1790391065.221929349 821008 WSL-server 532
1790391065.221929349 821014 WSL-server 525
1790391065.221929349 821015 iou-wrk-821008 0
1790391065.427178514 821008 WSL-server 547
1790391065.427178514 821014 WSL-server 539
1790391065.427178514 821015 iou-wrk-821008 0
1790391065.632755751 821008 WSL-server 562
1790391065.632755751 821014 WSL-server 552
1790391065.632755751 821015 iou-wrk-821008 0
1790391065.837967426 821008 WSL-server 576
1790391065.837967426 821014 WSL-server 567
1790391065.837967426 821015 iou-wrk-821008 0
1790391066.043137531 821008 WSL-server 591
1790391066.043137531 821014 WSL-server 581
1790391066.043137531 821015 iou-wrk-821008 0
1790391066.248878258 821008 WSL-server 605
1790391066.248878258 821014 WSL-server 595
1790391066.248878258 821015 iou-wrk-821008 0
1790391066.453937873 821008 WSL-server 620
1790391066.453937873 821014 WSL-server 610
1790391066.453937873 821015 iou-wrk-821008 0
1790391066.659450170 821008 WSL-server 633
1790391066.659450170 821014 WSL-server 624
1790391066.659450170 821015 iou-wrk-821008 0
1790391066.865615000 821008 WSL-server 648
1790391066.865615000 821014 WSL-server 638
1790391066.865615000 821015 iou-wrk-821008 0
1790391067.070904285 821008 WSL-server 662
1790391067.070904285 821014 WSL-server 652
1790391067.070904285 821015 iou-wrk-821008 0
1790391067.276667824 821008 WSL-server 677
1790391067.276667824 821014 WSL-server 666
1790391067.276667824 821015 iou-wrk-821008 0
1790391067.481828529 821008 WSL-server 691
1790391067.481828529 821014 WSL-server 680
1790391067.481828529 821015 iou-wrk-821008 0
1790391067.686886834 821008 WSL-server 706
1790391067.686886834 821014 WSL-server 695
1790391067.686886834 821015 iou-wrk-821008 0
1790391067.891803349 821008 WSL-server 720
1790391067.891803349 821014 WSL-server 709
1790391067.891803349 821015 iou-wrk-821008 0
1790391068.097062615 821008 WSL-server 735
1790391068.097062615 821014 WSL-server 724
1790391068.097062615 821015 iou-wrk-821008 0
1790391068.302294801 821008 WSL-server 748
1790391068.302294801 821014 WSL-server 737
1790391068.302294801 821015 iou-wrk-821008 0
1790391068.507473637 821008 WSL-server 763
1790391068.507473637 821014 WSL-server 751
1790391068.507473637 821015 iou-wrk-821008 0
1790391068.712957404 821008 WSL-server 772
1790391068.712957404 821014 WSL-server 761
1790391068.712957404 821015 iou-wrk-821008 0
