1790391013.565716696 817818 PL-server 0
1790391013.565716696 817824 PL-server 0
1790391013.565716696 817825 iou-wrk-817818 0
1790391013.771583783 817818 PL-server 11
1790391013.771583783 817824 PL-server 11
1790391013.771583783 817825 iou-wrk-817818 0
1790391013.977540140 817818 PL-server 23
1790391013.977540140 817824 PL-server 22
1790391013.977540140 817825 iou-wrk-817818 0
1790391014.182984166 817818 PL-server 34
1790391014.182984166 817824 PL-server 34
1790391014.182984166 817825 iou-wrk-817818 0
1790391014.387882680 817818 PL-server 45
1790391014.387882680 817824 PL-server 45
1790391014.387882680 817825 iou-wrk-817818 0
1790391014.592516522 817818 PL-server 56
1790391014.592516522 817824 PL-server 56
1790391014.592516522 817825 iou-wrk-817818 0
1790391014.797024154 817818 PL-server 68
1790391014.797024154 817824 PL-server 68
1790391014.797024154 817825 iou-wrk-817818 0
1790391015.002250829 817818 PL-server 80
1790391015.002250829 817824 PL-server 80
1790391015.002250829 817825 iou-wrk-817818 0
1790391015.207140423 817818 PL-server 91
1790391015.207140423 817824 PL-server 92
1790391015.207140423 817825 iou-wrk-817818 0
1790391015.411492314 817818 PL-server 103
1790391015.411492314 817824 PL-server 102
1790391015.411492314 817825 iou-wrk-817818 0
1790391015.615950766 817818 PL-server 114
1790391015.615950766 817824 PL-server 115
1790391015.615950766 817825 iou-wrk-817818 0
1790391015.820956111 817818 PL-server 125
1790391015.820956111 817824 PL-server 125
1790391015.820956111 817825 iou-wrk-817818 0
1790391016.025658144 817818 PL-server 136
1790391016.025658144 817824 PL-server 138
1790391016.025658144 817825 iou-wrk-817818 0
1790391016.229756034 817818 PL-server 148
1790391016.229756034 817824 PL-server 147
1790391016.229756034 817825 iou-wrk-817818 0
1790391016.434164917 817818 PL-server 158
1790391016.434164917 817824 PL-server 160
1790391016.434164917 817825 iou-wrk-817818 0
1790391016.640351047 817818 PL-server 170
1790391016.640351047 817824 PL-server 171
1790391016.640351047 817825 iou-wrk-817818 0
1790391016.845406352 817818 PL-server 182
1790391016.845406352 817824 PL-server 182
1790391016.845406352 817825 iou-wrk-817818 0
1790391017.049867864 817818 PL-server 194
1790391017.049867864 817824 PL-server 195
1790391017.049867864 817825 iou-wrk-817818 0
1790391017.255764673 817818 PL-server 206
1790391017.255764673 817824 PL-server 208
1790391017.255764673 817825 iou-wrk-817818 0
1790391017.460988319 817818 PL-server 218
1790391017.460988319 817824 PL-server 219
1790391017.460988319 817825 iou-wrk-817818 0
1790391017.665973924 817818 PL-server 229
1790391017.665973924 817824 PL-server 231
1790391017.665973924 817825 iou-wrk-817818 0
1790391017.870551178 817818 PL-server 240
1790391017.870551178 817824 PL-server 242
1790391017.870551178 817825 iou-wrk-817818 0
1790391018.075744944 817818 PL-server 251
1790391018.075744944 817824 PL-server 254
1790391018.075744944 817825 iou-wrk-817818 0
1790391018.280698189 817818 PL-server 263
1790391018.280698189 817824 PL-server 266
1790391018.280698189 817825 iou-wrk-817818 0
1790391018.486642329 817818 PL-server 275
1790391018.486642329 817824 PL-server 278
1790391018.486642329 817825 iou-wrk-817818 0
1790391018.691657435 817818 PL-server 286
1790391018.691657435 817824 PL-server 289
1790391018.691657435 817825 iou-wrk-817818 0
1790391018.896211448 817818 PL-server 297
1790391018.896211448 817824 PL-server 300
1790391018.896211448 817825 iou-wrk-817818 0
1790391019.101548876 817818 PL-server 308
1790391019.101548876 817824 PL-server 312
1790391019.101548876 817825 iou-wrk-817818 0
1790391019.305969089 817818 PL-server 320
1790391019.305969089 817824 PL-server 323
1790391019.305969089 817825 iou-wrk-817818 0
1790391019.510290282 817818 PL-server 332
1790391019.510290282 817824 PL-server 335
1790391019.510290282 817825 iou-wrk-817818 0
1790391019.715076047 817818 PL-server 344
1790391019.715076047 817824 PL-server 347
1790391019.715076047 817825 iou-wrk-817818 0
1790391019.920542135 817818 PL-server 355
1790391019.920542135 817824 PL-server 359
1790391019.920542135 817825 iou-wrk-817818 0
1790391020.125031069 817818 PL-server 367
1790391020.125031069 817824 PL-server 370
1790391020.125031069 817825 iou-wrk-817818 0
1790391020.329576544 817818 PL-server 378
1790391020.329576544 817824 PL-server 382
1790391020.329576544 817825 iou-wrk-817818 0
1790391020.533847787 817818 PL-server 390
1790391020.533847787 817824 PL-server 393
1790391020.533847787 817825 iou-wrk-817818 0
1790391020.739273305 817818 PL-server 401
1790391020.739273305 817824 PL-server 406
1790391020.739273305 817825 iou-wrk-817818 0
1790391020.943650729 817818 PL-server 412
1790391020.943650729 817824 PL-server 417
1790391020.943650729 817825 iou-wrk-817818 0
1790391021.148785426 817818 PL-server 423
1790391021.148785426 817824 PL-server 428
1790391021.148785426 817825 iou-wrk-817818 0
1790391021.353699123 817818 PL-server 435
1790391021.353699123 817824 PL-server 440
1790391021.353699123 817825 iou-wrk-817818 0
1790391021.558068497 817818 PL-server 446
1790391021.558068497 817824 PL-server 452
1790391021.558068497 817825 iou-wrk-817818 0
1790391021.763068734 817818 PL-server 457
1790391021.763068734 817824 PL-server 463
1790391021.763068734 817825 iou-wrk-817818 0
1790391021.968619293 817818 PL-server 469
1790391021.968619293 817824 PL-server 475
1790391021.968619293 817825 iou-wrk-817818 0
1790391022.173296929 817818 PL-server 480
1790391022.173296929 817824 PL-server 485
1790391022.173296929 817825 iou-wrk-817818 0
1790391022.377652563 817818 PL-server 490
1790391022.377652563 817824 PL-server 497
1790391022.377652563 817825 iou-wrk-817818 0
1790391022.582225668 817818 PL-server 502
1790391022.582225668 817824 PL-server 508
1790391022.582225668 817825 iou-wrk-817818 0
1790391022.787204545 817818 PL-server 513
1790391022.787204545 817824 PL-server 520
1790391022.787204545 817825 iou-wrk-817818 0
1790391022.991665630 817818 PL-server 524
1790391022.991665630 817824 PL-server 531
1790391022.991665630 817825 iou-wrk-817818 0
1790391023.196180686 817818 PL-server 535
1790391023.196180686 817824 PL-server 542
1790391023.196180686 817825 iou-wrk-817818 0
1790391023.401447985 817818 PL-server 547
1790391023.401447985 817824 PL-server 554
1790391023.401447985 817825 iou-wrk-817818 0
1790391023.606597103 817818 PL-server 559
1790391023.606597103 817824 PL-server 565
1790391023.606597103 817825 iou-wrk-817818 0
1790391023.811387610 817818 PL-server 570
1790391023.811387610 817824 PL-server 577
1790391023.811387610 817825 iou-wrk-817818 0
1790391024.016904290 817818 PL-server 581
1790391024.016904290 817824 PL-server 588
1790391024.016904290 817825 iou-wrk-817818 0
1790391024.221271385 817818 PL-server 593
1790391024.221271385 817824 PL-server 599
1790391024.221271385 817825 iou-wrk-817818 0
1790391024.425674130 817818 PL-server 603
1790391024.425674130 817824 PL-server 610
1790391024.425674130 817825 iou-wrk-817818 0
1790391024.630313147 817818 PL-server 612
1790391024.630313147 817824 PL-server 619
1790391024.630313147 817825 iou-wrk-817818 0
