1790391516.264061310 858655 PL-server 0
1790391516.264061310 858661 PL-server 0
1790391516.264061310 858662 iou-wrk-858655 0
1790391516.469976741 858655 PL-server 11
1790391516.469976741 858661 PL-server 10
1790391516.469976741 858662 iou-wrk-858655 0
1790391516.675852911 858655 PL-server 22
1790391516.675852911 858661 PL-server 20
1790391516.675852911 858662 iou-wrk-858655 0
1790391516.880501966 858655 PL-server 33
1790391516.880501966 858661 PL-server 32
1790391516.880501966 858662 iou-wrk-858655 0
1790391517.085967485 858655 PL-server 45
1790391517.085967485 858661 PL-server 42
1790391517.085967485 858662 iou-wrk-858655 0
1790391517.291635075 858655 PL-server 56
1790391517.291635075 858661 PL-server 52
1790391517.291635075 858662 iou-wrk-858655 0
1790391517.497071625 858655 PL-server 67
1790391517.497071625 858661 PL-server 63
1790391517.497071625 858662 iou-wrk-858655 0
1790391517.702780145 858655 PL-server 78
1790391517.702780145 858661 PL-server 74
1790391517.702780145 858662 iou-wrk-858655 0
1790391517.908189894 858655 PL-server 89
1790391517.908189894 858661 PL-server 85
1790391517.908189894 858662 iou-wrk-858655 0
1790391518.113787813 858655 PL-server 100
1790391518.113787813 858661 PL-server 95
1790391518.113787813 858662 iou-wrk-858655 0
1790391518.319183652 858655 PL-server 112
1790391518.319183652 858661 PL-server 106
1790391518.319183652 858662 iou-wrk-858655 0
1790391518.524383880 858655 PL-server 123
1790391518.524383880 858661 PL-server 117
1790391518.524383880 858662 iou-wrk-858655 0
1790391518.730331022 858655 PL-server 135
1790391518.730331022 858661 PL-server 127
1790391518.730331022 858662 iou-wrk-858655 0
1790391518.936202733 858655 PL-server 146
1790391518.936202733 858661 PL-server 138
1790391518.936202733 858662 iou-wrk-858655 0
1790391519.141884684 858655 PL-server 157
1790391519.141884684 858661 PL-server 149
1790391519.141884684 858662 iou-wrk-858655 0
1790391519.347600674 858655 PL-server 169
1790391519.347600674 858661 PL-server 159
1790391519.347600674 858662 iou-wrk-858655 0
1790391519.551966268 858655 PL-server 180
1790391519.551966268 858661 PL-server 170
1790391519.551966268 858662 iou-wrk-858655 0
1790391519.756739644 858655 PL-server 192
1790391519.756739644 858661 PL-server 181
1790391519.756739644 858662 iou-wrk-858655 0
1790391519.962519865 858655 PL-server 202
1790391519.962519865 858661 PL-server 192
1790391519.962519865 858662 iou-wrk-858655 0
1790391520.167862314 858655 PL-server 214
1790391520.167862314 858661 PL-server 202
1790391520.167862314 858662 iou-wrk-858655 0
1790391520.373299183 858655 PL-server 226
1790391520.373299183 858661 PL-server 213
1790391520.373299183 858662 iou-wrk-858655 0
1790391520.580024989 858655 PL-server 237
1790391520.580024989 858661 PL-server 224
1790391520.580024989 858662 iou-wrk-858655 0
1790391520.785571649 858655 PL-server 248
1790391520.785571649 858661 PL-server 235
1790391520.785571649 858662 iou-wrk-858655 0
1790391520.990692917 858655 PL-server 259
1790391520.990692917 858661 PL-server 245
1790391520.990692917 858662 iou-wrk-858655 0
1790391521.196755940 858655 PL-server 271
1790391521.196755940 858661 PL-server 256
1790391521.196755940 858662 iou-wrk-858655 0
1790391521.402201819 858655 PL-server 282
1790391521.402201819 858661 PL-server 267
1790391521.402201819 858662 iou-wrk-858655 0
1790391521.606966315 858655 PL-server 293
1790391521.606966315 858661 PL-server 278
1790391521.606966315 858662 iou-wrk-858655 0
1790391521.812824987 858655 PL-server 305
1790391521.812824987 858661 PL-server 289
1790391521.812824987 858662 iou-wrk-858655 0
1790391522.018057415 858655 PL-server 316
1790391522.018057415 858661 PL-server 299
1790391522.018057415 858662 iou-wrk-858655 0
1790391522.223623386 858655 PL-server 328
1790391522.223623386 858661 PL-server 309
1790391522.223623386 858662 iou-wrk-858655 0
1790391522.429012755 858655 PL-server 339
1790391522.429012755 858661 PL-server 321
1790391522.429012755 858662 iou-wrk-858655 0
1790391522.634196744 858655 PL-server 350
1790391522.634196744 858661 PL-server 331
1790391522.634196744 858662 iou-wrk-858655 0
1790391522.840195076 858655 PL-server 362
1790391522.840195076 858661 PL-server 342
1790391522.840195076 858662 iou-wrk-858655 0
1790391523.045982228 858655 PL-server 373
1790391523.045982228 858661 PL-server 353
1790391523.045982228 858662 iou-wrk-858655 0
1790391523.251709899 858655 PL-server 384
1790391523.251709899 858661 PL-server 364
1790391523.251709899 858662 iou-wrk-858655 0
1790391523.457392380 858655 PL-server 396
1790391523.457392380 858661 PL-server 375
1790391523.457392380 858662 iou-wrk-858655 0
1790391523.662632659 858655 PL-server 407
1790391523.662632659 858661 PL-server 385
1790391523.662632659 858662 iou-wrk-858655 0
1790391523.868446661 858655 PL-server 418
1790391523.868446661 858661 PL-server 396
1790391523.868446661 858662 iou-wrk-858655 0
1790391524.073553249 858655 PL-server 429
1790391524.073553249 858661 PL-server 406
1790391524.073553249 858662 iou-wrk-858655 0
1790391524.279084900 858655 PL-server 440
1790391524.279084900 858661 PL-server 417
1790391524.279084900 858662 iou-wrk-858655 0
1790391524.484547490 858655 PL-server 452
1790391524.484547490 858661 PL-server 428
1790391524.484547490 858662 iou-wrk-858655 0
1790391524.690495632 858655 PL-server 464
1790391524.690495632 858661 PL-server 438
1790391524.690495632 858662 iou-wrk-858655 0
1790391524.896191794 858655 PL-server 475
1790391524.896191794 858661 PL-server 450
1790391524.896191794 858662 iou-wrk-858655 0
1790391525.101215322 858655 PL-server 487
1790391525.101215322 858661 PL-server 460
1790391525.101215322 858662 iou-wrk-858655 0
1790391525.306831753 858655 PL-server 497
1790391525.306831753 858661 PL-server 471
1790391525.306831753 858662 iou-wrk-858655 0
1790391525.512234943 858655 PL-server 508
1790391525.512234943 858661 PL-server 481
1790391525.512234943 858662 iou-wrk-858655 0
1790391525.718216776 858655 PL-server 520
1790391525.718216776 858661 PL-server 492
1790391525.718216776 858662 iou-wrk-858655 0
1790391525.923964057 858655 PL-server 532
1790391525.923964057 858661 PL-server 502
1790391525.923964057 858662 iou-wrk-858655 0
1790391526.129574348 858655 PL-server 542
1790391526.129574348 858661 PL-server 514
1790391526.129574348 858662 iou-wrk-858655 0
1790391526.335773493 858655 PL-server 554
1790391526.335773493 858661 PL-server 524
1790391526.335773493 858662 iou-wrk-858655 0
1790391526.540964072 858655 PL-server 566
1790391526.540964072 858661 PL-server 535
1790391526.540964072 858662 iou-wrk-858655 0
1790391526.747316957 858655 PL-server 576
1790391526.747316957 858661 PL-server 546
1790391526.747316957 858662 iou-wrk-858655 0
1790391526.952668187 858655 PL-server 588
1790391526.952668187 858661 PL-server 556
1790391526.952668187 858662 iou-wrk-858655 0
1790391527.158085497 858655 PL-server 599
1790391527.158085497 858661 PL-server 567
1790391527.158085497 858662 iou-wrk-858655 0
1790391527.363790779 858655 PL-server 606
1790391527.363790779 858661 PL-server 573
1790391527.363790779 858662 iou-wrk-858655 0
