1790391449.260405583 853215 PL-server 0
1790391449.260405583 853221 PL-server 0
1790391449.260405583 853222 iou-wrk-853215 0
1790391449.466396404 853215 PL-server 0
1790391449.466396404 853221 PL-server 10
1790391449.466396404 853222 iou-wrk-853215 0
1790391449.671578250 853215 PL-server 0
1790391449.671578250 853221 PL-server 19
1790391449.671578250 853222 iou-wrk-853215 0
1790391449.877156628 853215 PL-server 0
1790391449.877156628 853221 PL-server 30
1790391449.877156628 853222 iou-wrk-853215 0
1790391450.082728827 853215 PL-server 0
1790391450.082728827 853221 PL-server 41
1790391450.082728827 853222 iou-wrk-853215 0
1790391450.288449916 853215 PL-server 0
1790391450.288449916 853221 PL-server 51
1790391450.288449916 853222 iou-wrk-853215 0
1790391450.493617712 853215 PL-server 0
1790391450.493617712 853221 PL-server 62
1790391450.493617712 853222 iou-wrk-853215 0
1790391450.699362572 853215 PL-server 0
1790391450.699362572 853221 PL-server 71
1790391450.699362572 853222 iou-wrk-853215 0
1790391450.905158321 853215 PL-server 0
1790391450.905158321 853221 PL-server 81
1790391450.905158321 853222 iou-wrk-853215 0
1790391451.110796760 853215 PL-server 0
1790391451.110796760 853221 PL-server 92
1790391451.110796760 853222 iou-wrk-853215 0
1790391451.316445079 853215 PL-server 0
1790391451.316445079 853221 PL-server 102
1790391451.316445079 853222 iou-wrk-853215 0
1790391451.521945637 853215 PL-server 0
1790391451.521945637 853221 PL-server 112
1790391451.521945637 853222 iou-wrk-853215 0
1790391451.727233885 853215 PL-server 0
1790391451.727233885 853221 PL-server 123
1790391451.727233885 853222 iou-wrk-853215 0
1790391451.932751313 853215 PL-server 0
1790391451.932751313 853221 PL-server 133
1790391451.932751313 853222 iou-wrk-853215 0
1790391452.138383412 853215 PL-server 0
1790391452.138383412 853221 PL-server 144
1790391452.138383412 853222 iou-wrk-853215 0
1790391452.343801180 853215 PL-server 0
1790391452.343801180 853221 PL-server 154
1790391452.343801180 853222 iou-wrk-853215 0
1790391452.548917527 853215 PL-server 0
1790391452.548917527 853221 PL-server 164
1790391452.548917527 853222 iou-wrk-853215 0
1790391452.754174804 853215 PL-server 0
1790391452.754174804 853221 PL-server 174
1790391452.754174804 853222 iou-wrk-853215 0
1790391452.959738573 853215 PL-server 0
1790391452.959738573 853221 PL-server 184
1790391452.959738573 853222 iou-wrk-853215 0
1790391453.165140221 853215 PL-server 0
1790391453.165140221 853221 PL-server 195
1790391453.165140221 853222 iou-wrk-853215 0
1790391453.370471629 853215 PL-server 0
1790391453.370471629 853221 PL-server 205
1790391453.370471629 853222 iou-wrk-853215 0
1790391453.576106698 853215 PL-server 0
1790391453.576106698 853221 PL-server 214
1790391453.576106698 853222 iou-wrk-853215 0
1790391453.781317695 853215 PL-server 0
1790391453.781317695 853221 PL-server 225
1790391453.781317695 853222 iou-wrk-853215 0
1790391453.986754844 853215 PL-server 0
1790391453.986754844 853221 PL-server 234
1790391453.986754844 853222 iou-wrk-853215 0
1790391454.192100592 853215 PL-server 0
1790391454.192100592 853221 PL-server 245
1790391454.192100592 853222 iou-wrk-853215 0
1790391454.397699631 853215 PL-server 0
1790391454.397699631 853221 PL-server 255
1790391454.397699631 853222 iou-wrk-853215 0
1790391454.602702337 853215 PL-server 0
1790391454.602702337 853221 PL-server 265
1790391454.602702337 853222 iou-wrk-853215 0
1790391454.808123466 853215 PL-server 0
1790391454.808123466 853221 PL-server 275
1790391454.808123466 853222 iou-wrk-853215 0
1790391455.013875636 853215 PL-server 0
1790391455.013875636 853221 PL-server 285
1790391455.013875636 853222 iou-wrk-853215 0
1790391455.219202754 853215 PL-server 0
1790391455.219202754 853221 PL-server 296
1790391455.219202754 853222 iou-wrk-853215 0
1790391455.424581592 853215 PL-server 0
1790391455.424581592 853221 PL-server 306
1790391455.424581592 853222 iou-wrk-853215 0
1790391455.629771190 853215 PL-server 0
1790391455.629771190 853221 PL-server 316
1790391455.629771190 853222 iou-wrk-853215 0
1790391455.835584421 853215 PL-server 0
1790391455.835584421 853221 PL-server 326
1790391455.835584421 853222 iou-wrk-853215 0
1790391456.041421071 853215 PL-server 0
1790391456.041421071 853221 PL-server 337
1790391456.041421071 853222 iou-wrk-853215 0
1790391456.246733089 853215 PL-server 0
1790391456.246733089 853221 PL-server 347
1790391456.246733089 853222 iou-wrk-853215 0
1790391456.452323529 853215 PL-server 0
1790391456.452323529 853221 PL-server 357
1790391456.452323529 853222 iou-wrk-853215 0
1790391456.658144810 853215 PL-server 0
1790391456.658144810 853221 PL-server 367
1790391456.658144810 853222 iou-wrk-853215 0
1790391456.863907140 853215 PL-server 0
1790391456.863907140 853221 PL-server 378
1790391456.863907140 853222 iou-wrk-853215 0
1790391457.069499380 853215 PL-server 0
1790391457.069499380 853221 PL-server 387
1790391457.069499380 853222 iou-wrk-853215 0
1790391457.274869299 853215 PL-server 0
1790391457.274869299 853221 PL-server 398
1790391457.274869299 853222 iou-wrk-853215 0
1790391457.480611839 853215 PL-server 0
1790391457.480611839 853221 PL-server 408
1790391457.480611839 853222 iou-wrk-853215 0
1790391457.686323099 853215 PL-server 0
1790391457.686323099 853221 PL-server 419
1790391457.686323099 853222 iou-wrk-853215 0
1790391457.892071270 853215 PL-server 0
1790391457.892071270 853221 PL-server 428
1790391457.892071270 853222 iou-wrk-853215 0
1790391458.097637430 853215 PL-server 0
1790391458.097637430 853221 PL-server 438
1790391458.097637430 853222 iou-wrk-853215 0
1790391458.303334910 853215 PL-server 0
1790391458.303334910 853221 PL-server 448
1790391458.303334910 853222 iou-wrk-853215 0
1790391458.509120581 853215 PL-server 0
1790391458.509120581 853221 PL-server 458
1790391458.509120581 853222 iou-wrk-853215 0
1790391458.714496050 853215 PL-server 0
1790391458.714496050 853221 PL-server 469
1790391458.714496050 853222 iou-wrk-853215 0
1790391458.920322351 853215 PL-server 0
1790391458.920322351 853221 PL-server 480
1790391458.920322351 853222 iou-wrk-853215 0
1790391459.126039562 853215 PL-server 0
1790391459.126039562 853221 PL-server 489
1790391459.126039562 853222 iou-wrk-853215 0
1790391459.331583152 853215 PL-server 0
1790391459.331583152 853221 PL-server 499
1790391459.331583152 853222 iou-wrk-853215 0
1790391459.536872771 853215 PL-server 0
1790391459.536872771 853221 PL-server 510
1790391459.536872771 853222 iou-wrk-853215 0
1790391459.742392360 853215 PL-server 0
1790391459.742392360 853221 PL-server 520
1790391459.742392360 853222 iou-wrk-853215 0
1790391459.948303092 853215 PL-server 0
1790391459.948303092 853221 PL-server 530
1790391459.948303092 853222 iou-wrk-853215 0
1790391460.154020953 853215 PL-server 0
1790391460.154020953 853221 PL-server 540
1790391460.154020953 853222 iou-wrk-853215 0
1790391460.359885685 853215 PL-server 0
1790391460.359885685 853221 PL-server 546
1790391460.359885685 853222 iou-wrk-853215 0
