1790391175.852383653 831084 PL-server 0
1790391175.852383653 831090 PL-server 0
1790391175.852383653 831091 iou-wrk-831084 0
1790391176.058047927 831084 PL-server 11
1790391176.058047927 831090 PL-server 10
1790391176.058047927 831091 iou-wrk-831084 0
1790391176.262850778 831084 PL-server 22
1790391176.262850778 831090 PL-server 21
1790391176.262850778 831091 iou-wrk-831084 0
1790391176.467334977 831084 PL-server 33
1790391176.467334977 831090 PL-server 32
1790391176.467334977 831091 iou-wrk-831084 0
1790391176.671851936 831084 PL-server 46
1790391176.671851936 831090 PL-server 44
1790391176.671851936 831091 iou-wrk-831084 0
1790391176.876079774 831084 PL-server 58
1790391176.876079774 831090 PL-server 56
1790391176.876079774 831091 iou-wrk-831084 0
1790391177.080444673 831084 PL-server 69
1790391177.080444673 831090 PL-server 66
1790391177.080444673 831091 iou-wrk-831084 0
1790391177.285379054 831084 PL-server 81
1790391177.285379054 831090 PL-server 76
1790391177.285379054 831091 iou-wrk-831084 0
1790391177.489876494 831084 PL-server 93
1790391177.489876494 831090 PL-server 88
1790391177.489876494 831091 iou-wrk-831084 0
1790391177.694316773 831084 PL-server 104
1790391177.694316773 831090 PL-server 99
1790391177.694316773 831091 iou-wrk-831084 0
1790391177.898666592 831084 PL-server 116
1790391177.898666592 831090 PL-server 109
1790391177.898666592 831091 iou-wrk-831084 0
1790391178.103300002 831084 PL-server 128
1790391178.103300002 831090 PL-server 121
1790391178.103300002 831091 iou-wrk-831084 0
1790391178.307597561 831084 PL-server 139
1790391178.307597561 831090 PL-server 132
1790391178.307597561 831091 iou-wrk-831084 0
1790391178.511916030 831084 PL-server 151
1790391178.511916030 831090 PL-server 143
1790391178.511916030 831091 iou-wrk-831084 0
1790391178.716295950 831084 PL-server 162
1790391178.716295950 831090 PL-server 154
1790391178.716295950 831091 iou-wrk-831084 0
1790391178.920870100 831084 PL-server 174
1790391178.920870100 831090 PL-server 165
1790391178.920870100 831091 iou-wrk-831084 0
1790391179.125506150 831084 PL-server 186
1790391179.125506150 831090 PL-server 176
1790391179.125506150 831091 iou-wrk-831084 0
1790391179.330179931 831084 PL-server 197
1790391179.330179931 831090 PL-server 187
1790391179.330179931 831091 iou-wrk-831084 0
1790391179.536022968 831084 PL-server 208
1790391179.536022968 831090 PL-server 197
1790391179.536022968 831091 iou-wrk-831084 0
1790391179.741956434 831084 PL-server 220
1790391179.741956434 831090 PL-server 208
1790391179.741956434 831091 iou-wrk-831084 0
1790391179.947078467 831084 PL-server 231
1790391179.947078467 831090 PL-server 219
1790391179.947078467 831091 iou-wrk-831084 0
1790391180.153347476 831084 PL-server 242
1790391180.153347476 831090 PL-server 229
1790391180.153347476 831091 iou-wrk-831084 0
1790391180.358410999 831084 PL-server 253
1790391180.358410999 831090 PL-server 239
1790391180.358410999 831091 iou-wrk-831084 0
1790391180.564410226 831084 PL-server 265
1790391180.564410226 831090 PL-server 250
1790391180.564410226 831091 iou-wrk-831084 0
1790391180.770470334 831084 PL-server 276
1790391180.770470334 831090 PL-server 260
1790391180.770470334 831091 iou-wrk-831084 0
1790391180.976300861 831084 PL-server 287
1790391180.976300861 831090 PL-server 271
1790391180.976300861 831091 iou-wrk-831084 0
1790391181.182247988 831084 PL-server 298
1790391181.182247988 831090 PL-server 282
1790391181.182247988 831091 iou-wrk-831084 0
1790391181.387811723 831084 PL-server 310
1790391181.387811723 831090 PL-server 293
1790391181.387811723 831091 iou-wrk-831084 0
1790391181.593173848 831084 PL-server 322
1790391181.593173848 831090 PL-server 304
1790391181.593173848 831091 iou-wrk-831084 0
1790391181.798144541 831084 PL-server 332
1790391181.798144541 831090 PL-server 314
1790391181.798144541 831091 iou-wrk-831084 0
1790391182.003963468 831084 PL-server 344
1790391182.003963468 831090 PL-server 325
1790391182.003963468 831091 iou-wrk-831084 0
1790391182.209589054 831084 PL-server 355
1790391182.209589054 831090 PL-server 335
1790391182.209589054 831091 iou-wrk-831084 0
1790391182.414873079 831084 PL-server 367
1790391182.414873079 831090 PL-server 346
1790391182.414873079 831091 iou-wrk-831084 0
1790391182.620145474 831084 PL-server 377
1790391182.620145474 831090 PL-server 356
1790391182.620145474 831091 iou-wrk-831084 0
1790391182.825998041 831084 PL-server 389
1790391182.825998041 831090 PL-server 367
1790391182.825998041 831091 iou-wrk-831084 0
1790391183.031097935 831084 PL-server 401
1790391183.031097935 831090 PL-server 378
1790391183.031097935 831091 iou-wrk-831084 0
1790391183.236923022 831084 PL-server 412
1790391183.236923022 831090 PL-server 389
1790391183.236923022 831091 iou-wrk-831084 0
1790391183.442140237 831084 PL-server 424
1790391183.442140237 831090 PL-server 400
1790391183.442140237 831091 iou-wrk-831084 0
1790391183.647551972 831084 PL-server 435
1790391183.647551972 831090 PL-server 411
1790391183.647551972 831091 iou-wrk-831084 0
1790391183.853520500 831084 PL-server 446
1790391183.853520500 831090 PL-server 421
1790391183.853520500 831091 iou-wrk-831084 0
1790391184.058937186 831084 PL-server 458
1790391184.058937186 831090 PL-server 432
1790391184.058937186 831091 iou-wrk-831084 0
1790391184.264064781 831084 PL-server 470
1790391184.264064781 831090 PL-server 442
1790391184.264064781 831091 iou-wrk-831084 0
1790391184.469039905 831084 PL-server 482
1790391184.469039905 831090 PL-server 453
1790391184.469039905 831091 iou-wrk-831084 0
1790391184.674893342 831084 PL-server 493
1790391184.674893342 831090 PL-server 464
1790391184.674893342 831091 iou-wrk-831084 0
1790391184.880350238 831084 PL-server 503
1790391184.880350238 831090 PL-server 474
1790391184.880350238 831091 iou-wrk-831084 0
1790391185.085623194 831084 PL-server 515
1790391185.085623194 831090 PL-server 484
1790391185.085623194 831091 iou-wrk-831084 0
1790391185.291215821 831084 PL-server 527
1790391185.291215821 831090 PL-server 496
1790391185.291215821 831091 iou-wrk-831084 0
1790391185.496802218 831084 PL-server 538
1790391185.496802218 831090 PL-server 507
1790391185.496802218 831091 iou-wrk-831084 0
1790391185.702494215 831084 PL-server 549
1790391185.702494215 831090 PL-server 517
1790391185.702494215 831091 iou-wrk-831084 0
1790391185.907693780 831084 PL-server 560
1790391185.907693780 831090 PL-server 527
1790391185.907693780 831091 iou-wrk-831084 0
1790391186.113137497 831084 PL-server 571
1790391186.113137497 831090 PL-server 538
1790391186.113137497 831091 iou-wrk-831084 0
1790391186.318641503 831084 PL-server 583
1790391186.318641503 831090 PL-server 549
1790391186.318641503 831091 iou-wrk-831084 0
1790391186.524196361 831084 PL-server 595
1790391186.524196361 831090 PL-server 560
1790391186.524196361 831091 iou-wrk-831084 0
1790391186.729616147 831084 PL-server 606
1790391186.729616147 831090 PL-server 571
1790391186.729616147 831091 iou-wrk-831084 0
1790391186.935597766 831084 PL-server 613
1790391186.935597766 831090 PL-server 577
1790391186.935597766 831091 iou-wrk-831084 0
