1790391108.508383855 825400 PA-server 0
1790391108.508383855 825406 PA-server 0
1790391108.508383855 825407 iou-wrk-825400 0
1790391108.714146328 825400 PA-server 19
1790391108.714146328 825406 PA-server 4
1790391108.714146328 825407 iou-wrk-825400 0
1790391108.714146328 825461 iou-wrk-825406 0
1790391108.920234842 825400 PA-server 40
1790391108.920234842 825406 PA-server 10
1790391108.920234842 825407 iou-wrk-825400 0
1790391108.920234842 825461 iou-wrk-825406 0
1790391109.126659289 825400 PA-server 60
1790391109.126659289 825406 PA-server 14
1790391109.126659289 825407 iou-wrk-825400 0
1790391109.126659289 825461 iou-wrk-825406 0
1790391109.333487267 825400 PA-server 80
1790391109.333487267 825406 PA-server 19
1790391109.333487267 825407 iou-wrk-825400 0
1790391109.333487267 825461 iou-wrk-825406 0
1790391109.540494656 825400 PA-server 101
1790391109.540494656 825406 PA-server 24
1790391109.540494656 825407 iou-wrk-825400 0
1790391109.540494656 825461 iou-wrk-825406 0
1790391109.747055283 825400 PA-server 121
1790391109.747055283 825406 PA-server 30
1790391109.747055283 825407 iou-wrk-825400 0
1790391109.747055283 825461 iou-wrk-825406 0
1790391109.953984571 825400 PA-server 141
1790391109.953984571 825406 PA-server 34
1790391109.953984571 825407 iou-wrk-825400 0
1790391109.953984571 825461 iou-wrk-825406 0
1790391110.160140636 825400 PA-server 161
1790391110.160140636 825406 PA-server 40
1790391110.160140636 825407 iou-wrk-825400 0
1790391110.160140636 825461 iou-wrk-825406 0
1790391110.366072221 825400 PA-server 182
1790391110.366072221 825406 PA-server 44
1790391110.366072221 825407 iou-wrk-825400 0
1790391110.366072221 825461 iou-wrk-825406 0
1790391110.572928909 825400 PA-server 202
1790391110.572928909 825406 PA-server 49
1790391110.572928909 825407 iou-wrk-825400 0
1790391110.572928909 825461 iou-wrk-825406 0
1790391110.779764038 825400 PA-server 223
1790391110.779764038 825406 PA-server 55
1790391110.779764038 825407 iou-wrk-825400 0
1790391110.779764038 825461 iou-wrk-825406 0
1790391110.986643977 825400 PA-server 243
1790391110.986643977 825406 PA-server 59
1790391110.986643977 825407 iou-wrk-825400 0
1790391110.986643977 825461 iou-wrk-825406 0
1790391111.193537906 825400 PA-server 263
1790391111.193537906 825406 PA-server 64
1790391111.193537906 825407 iou-wrk-825400 0
1790391111.193537906 825461 iou-wrk-825406 0
1790391111.401005277 825400 PA-server 284
1790391111.401005277 825406 PA-server 70
1790391111.401005277 825407 iou-wrk-825400 0
1790391111.401005277 825461 iou-wrk-825406 0
1790391111.608219238 825400 PA-server 304
1790391111.608219238 825406 PA-server 74
1790391111.608219238 825407 iou-wrk-825400 0
1790391111.608219238 825461 iou-wrk-825406 0
1790391111.814369954 825400 PA-server 325
1790391111.814369954 825406 PA-server 79
1790391111.814369954 825407 iou-wrk-825400 0
1790391111.814369954 825461 iou-wrk-825406 0
1790391112.021916566 825400 PA-server 345
1790391112.021916566 825406 PA-server 84
1790391112.021916566 825407 iou-wrk-825400 0
1790391112.021916566 825461 iou-wrk-825406 0
1790391112.229114387 825400 PA-server 366
1790391112.229114387 825406 PA-server 90
1790391112.229114387 825407 iou-wrk-825400 0
1790391112.229114387 825461 iou-wrk-825406 0
1790391112.435406833 825400 PA-server 386
1790391112.435406833 825406 PA-server 94
1790391112.435406833 825407 iou-wrk-825400 0
1790391112.435406833 825461 iou-wrk-825406 0
1790391112.642813695 825400 PA-server 406
1790391112.642813695 825406 PA-server 100
1790391112.642813695 825407 iou-wrk-825400 0
1790391112.642813695 825461 iou-wrk-825406 0
1790391112.849429623 825400 PA-server 427
1790391112.849429623 825406 PA-server 105
1790391112.849429623 825407 iou-wrk-825400 0
1790391112.849429623 825461 iou-wrk-825406 0
1790391113.056056712 825400 PA-server 447
1790391113.056056712 825406 PA-server 110
1790391113.056056712 825407 iou-wrk-825400 0
1790391113.056056712 825461 iou-wrk-825406 0
1790391113.262667740 825400 PA-server 467
1790391113.262667740 825406 PA-server 114
1790391113.262667740 825407 iou-wrk-825400 0
1790391113.262667740 825461 iou-wrk-825406 0
1790391113.469081798 825400 PA-server 488
1790391113.469081798 825406 PA-server 120
1790391113.469081798 825407 iou-wrk-825400 0
1790391113.469081798 825461 iou-wrk-825406 0
1790391113.675496965 825400 PA-server 508
1790391113.675496965 825406 PA-server 125
1790391113.675496965 825407 iou-wrk-825400 0
1790391113.675496965 825461 iou-wrk-825406 0
1790391113.882662236 825400 PA-server 529
1790391113.882662236 825406 PA-server 130
1790391113.882662236 825407 iou-wrk-825400 0
1790391113.882662236 825461 iou-wrk-825406 0
1790391114.089581267 825400 PA-server 549
1790391114.089581267 825406 PA-server 135
1790391114.089581267 825407 iou-wrk-825400 0
1790391114.089581267 825461 iou-wrk-825406 0
1790391114.296142325 825400 PA-server 569
1790391114.296142325 825406 PA-server 140
1790391114.296142325 825407 iou-wrk-825400 0
1790391114.296142325 825461 iou-wrk-825406 0
1790391114.502414602 825400 PA-server 590
1790391114.502414602 825406 PA-server 145
1790391114.502414602 825407 iou-wrk-825400 0
1790391114.502414602 825461 iou-wrk-825406 0
1790391114.709469073 825400 PA-server 610
1790391114.709469073 825406 PA-server 150
1790391114.709469073 825407 iou-wrk-825400 0
1790391114.709469073 825461 iou-wrk-825406 0
1790391114.916867516 825400 PA-server 630
1790391114.916867516 825406 PA-server 156
1790391114.916867516 825407 iou-wrk-825400 0
1790391114.916867516 825461 iou-wrk-825406 0
1790391115.124047087 825400 PA-server 651
1790391115.124047087 825406 PA-server 160
1790391115.124047087 825407 iou-wrk-825400 0
1790391115.124047087 825461 iou-wrk-825406 0
1790391115.331125909 825400 PA-server 671
1790391115.331125909 825406 PA-server 166
1790391115.331125909 825407 iou-wrk-825400 0
1790391115.331125909 825461 iou-wrk-825406 0
1790391115.537612047 825400 PA-server 691
1790391115.537612047 825406 PA-server 170
1790391115.537612047 825407 iou-wrk-825400 0
1790391115.537612047 825461 iou-wrk-825406 0
1790391115.744426007 825400 PA-server 712
1790391115.744426007 825406 PA-server 175
1790391115.744426007 825407 iou-wrk-825400 0
1790391115.744426007 825461 iou-wrk-825406 0
1790391115.951336478 825400 PA-server 732
1790391115.951336478 825406 PA-server 181
1790391115.951336478 825407 iou-wrk-825400 0
1790391115.951336478 825461 iou-wrk-825406 0
1790391116.157759207 825400 PA-server 752
1790391116.157759207 825406 PA-server 185
1790391116.157759207 825407 iou-wrk-825400 0
1790391116.157759207 825461 iou-wrk-825406 0
1790391116.364841628 825400 PA-server 773
1790391116.364841628 825406 PA-server 191
1790391116.364841628 825407 iou-wrk-825400 0
1790391116.364841628 825461 iou-wrk-825406 0
1790391116.571468468 825400 PA-server 793
1790391116.571468468 825406 PA-server 195
1790391116.571468468 825407 iou-wrk-825400 0
1790391116.571468468 825461 iou-wrk-825406 0
1790391116.778681190 825400 PA-server 814
1790391116.778681190 825406 PA-server 200
1790391116.778681190 825407 iou-wrk-825400 0
1790391116.778681190 825461 iou-wrk-825406 0
1790391116.986339414 825400 PA-server 835
1790391116.986339414 825406 PA-server 205
1790391116.986339414 825407 iou-wrk-825400 0
1790391116.986339414 825461 iou-wrk-825406 0
1790391117.192774233 825400 PA-server 855
1790391117.192774233 825406 PA-server 211
1790391117.192774233 825407 iou-wrk-825400 0
1790391117.192774233 825461 iou-wrk-825406 0
1790391117.399361023 825400 PA-server 875
1790391117.399361023 825406 PA-server 216
1790391117.399361023 825407 iou-wrk-825400 0
1790391117.399361023 825461 iou-wrk-825406 0
1790391117.605881443 825400 PA-server 895
1790391117.605881443 825406 PA-server 220
1790391117.605881443 825407 iou-wrk-825400 0
1790391117.605881443 825461 iou-wrk-825406 0
1790391117.811853500 825400 PA-server 916
1790391117.811853500 825406 PA-server 225
1790391117.811853500 825407 iou-wrk-825400 0
1790391117.811853500 825461 iou-wrk-825406 0
1790391118.018953462 825400 PA-server 936
1790391118.018953462 825406 PA-server 230
1790391118.018953462 825407 iou-wrk-825400 0
1790391118.018953462 825461 iou-wrk-825406 0
1790391118.225111540 825400 PA-server 957
1790391118.225111540 825406 PA-server 235
1790391118.225111540 825407 iou-wrk-825400 0
1790391118.225111540 825461 iou-wrk-825406 0
1790391118.431826551 825400 PA-server 977
1790391118.431826551 825406 PA-server 241
1790391118.431826551 825407 iou-wrk-825400 0
1790391118.431826551 825461 iou-wrk-825406 0
1790391118.638650802 825400 PA-server 997
1790391118.638650802 825406 PA-server 246
1790391118.638650802 825407 iou-wrk-825400 0
1790391118.638650802 825461 iou-wrk-825406 0
1790391118.845570044 825400 PA-server 1018
1790391118.845570044 825406 PA-server 251
1790391118.845570044 825407 iou-wrk-825400 0
1790391118.845570044 825461 iou-wrk-825406 0
1790391119.052601786 825400 PA-server 1038
1790391119.052601786 825406 PA-server 255
1790391119.052601786 825407 iou-wrk-825400 0
1790391119.052601786 825461 iou-wrk-825406 0
1790391119.258739644 825400 PA-server 1058
1790391119.258739644 825406 PA-server 261
1790391119.258739644 825407 iou-wrk-825400 0
1790391119.258739644 825461 iou-wrk-825406 0
1790391119.465756207 825400 PA-server 1079
1790391119.465756207 825406 PA-server 266
1790391119.465756207 825407 iou-wrk-825400 0
1790391119.465756207 825461 iou-wrk-825406 0
1790391119.672483818 825400 PA-server 1084
1790391119.672483818 825406 PA-server 267
1790391119.672483818 825407 iou-wrk-825400 0
1790391119.672483818 825461 iou-wrk-825406 0
1790391119.879836952 825400 PA-server 1084
1790391119.879836952 825406 PA-server 267
1790391119.879836952 825407 iou-wrk-825400 0
1790391119.879836952 825461 iou-wrk-825406 0
