1790391354.502124181 845251 PL-server 0
1790391354.502124181 845257 PL-server 0
1790391354.502124181 845258 iou-wrk-845251 0
1790391354.708112513 845251 PL-server 11
1790391354.708112513 845257 PL-server 10
1790391354.708112513 845258 iou-wrk-845251 0
1790391354.914023744 845251 PL-server 22
1790391354.914023744 845257 PL-server 21
1790391354.914023744 845258 iou-wrk-845251 0
1790391355.119641814 845251 PL-server 33
1790391355.119641814 845257 PL-server 33
1790391355.119641814 845258 iou-wrk-845251 0
1790391355.324557761 845251 PL-server 44
1790391355.324557761 845257 PL-server 43
1790391355.324557761 845258 iou-wrk-845251 0
1790391355.530390352 845251 PL-server 56
1790391355.530390352 845257 PL-server 54
1790391355.530390352 845258 iou-wrk-845251 0
1790391355.735697841 845251 PL-server 68
1790391355.735697841 845257 PL-server 65
1790391355.735697841 845258 iou-wrk-845251 0
1790391355.941258921 845251 PL-server 80
1790391355.941258921 845257 PL-server 76
1790391355.941258921 845258 iou-wrk-845251 0
1790391356.146821081 845251 PL-server 91
1790391356.146821081 845257 PL-server 87
1790391356.146821081 845258 iou-wrk-845251 0
1790391356.352618442 845251 PL-server 102
1790391356.352618442 845257 PL-server 98
1790391356.352618442 845258 iou-wrk-845251 0
1790391356.557460649 845251 PL-server 114
1790391356.557460649 845257 PL-server 109
1790391356.557460649 845258 iou-wrk-845251 0
1790391356.763105619 845251 PL-server 126
1790391356.763105619 845257 PL-server 120
1790391356.763105619 845258 iou-wrk-845251 0
1790391356.969136472 845251 PL-server 137
1790391356.969136472 845257 PL-server 131
1790391356.969136472 845258 iou-wrk-845251 0
1790391357.174546722 845251 PL-server 148
1790391357.174546722 845257 PL-server 142
1790391357.174546722 845258 iou-wrk-845251 0
1790391357.379606569 845251 PL-server 160
1790391357.379606569 845257 PL-server 153
1790391357.379606569 845258 iou-wrk-845251 0
1790391357.585854763 845251 PL-server 171
1790391357.585854763 845257 PL-server 163
1790391357.585854763 845258 iou-wrk-845251 0
1790391357.791423863 845251 PL-server 183
1790391357.791423863 845257 PL-server 175
1790391357.791423863 845258 iou-wrk-845251 0
1790391357.997187915 845251 PL-server 194
1790391357.997187915 845257 PL-server 186
1790391357.997187915 845258 iou-wrk-845251 0
1790391358.202186923 845251 PL-server 207
1790391358.202186923 845257 PL-server 197
1790391358.202186923 845258 iou-wrk-845251 0
1790391358.407248631 845251 PL-server 217
1790391358.407248631 845257 PL-server 208
1790391358.407248631 845258 iou-wrk-845251 0
1790391358.613255923 845251 PL-server 229
1790391358.613255923 845257 PL-server 219
1790391358.613255923 845258 iou-wrk-845251 0
1790391358.818742803 845251 PL-server 241
1790391358.818742803 845257 PL-server 229
1790391358.818742803 845258 iou-wrk-845251 0
1790391359.024637336 845251 PL-server 252
1790391359.024637336 845257 PL-server 240
1790391359.024637336 845258 iou-wrk-845251 0
1790391359.230146786 845251 PL-server 263
1790391359.230146786 845257 PL-server 251
1790391359.230146786 845258 iou-wrk-845251 0
1790391359.435389885 845251 PL-server 274
1790391359.435389885 845257 PL-server 262
1790391359.435389885 845258 iou-wrk-845251 0
1790391359.640768215 845251 PL-server 286
1790391359.640768215 845257 PL-server 273
1790391359.640768215 845258 iou-wrk-845251 0
1790391359.845866574 845251 PL-server 298
1790391359.845866574 845257 PL-server 284
1790391359.845866574 845258 iou-wrk-845251 0
1790391360.051520635 845251 PL-server 309
1790391360.051520635 845257 PL-server 295
1790391360.051520635 845258 iou-wrk-845251 0
1790391360.257117026 845251 PL-server 321
1790391360.257117026 845257 PL-server 306
1790391360.257117026 845258 iou-wrk-845251 0
1790391360.462673607 845251 PL-server 332
1790391360.462673607 845257 PL-server 318
1790391360.462673607 845258 iou-wrk-845251 0
1790391360.667787306 845251 PL-server 343
1790391360.667787306 845257 PL-server 328
1790391360.667787306 845258 iou-wrk-845251 0
1790391360.872398782 845251 PL-server 355
1790391360.872398782 845257 PL-server 339
1790391360.872398782 845258 iou-wrk-845251 0
1790391361.077563621 845251 PL-server 366
1790391361.077563621 845257 PL-server 350
1790391361.077563621 845258 iou-wrk-845251 0
1790391361.283191783 845251 PL-server 378
1790391361.283191783 845257 PL-server 361
1790391361.283191783 845258 iou-wrk-845251 0
1790391361.489103246 845251 PL-server 389
1790391361.489103246 845257 PL-server 373
1790391361.489103246 845258 iou-wrk-845251 0
1790391361.694304385 845251 PL-server 400
1790391361.694304385 845257 PL-server 383
1790391361.694304385 845258 iou-wrk-845251 0
1790391361.900088277 845251 PL-server 411
1790391361.900088277 845257 PL-server 394
1790391361.900088277 845258 iou-wrk-845251 0
1790391362.105071416 845251 PL-server 424
1790391362.105071416 845257 PL-server 405
1790391362.105071416 845258 iou-wrk-845251 0
1790391362.311176860 845251 PL-server 435
1790391362.311176860 845257 PL-server 416
1790391362.311176860 845258 iou-wrk-845251 0
1790391362.516805172 845251 PL-server 446
1790391362.516805172 845257 PL-server 426
1790391362.516805172 845258 iou-wrk-845251 0
1790391362.722722795 845251 PL-server 457
1790391362.722722795 845257 PL-server 438
1790391362.722722795 845258 iou-wrk-845251 0
1790391362.928798449 845251 PL-server 469
1790391362.928798449 845257 PL-server 448
1790391362.928798449 845258 iou-wrk-845251 0
1790391363.133468926 845251 PL-server 480
1790391363.133468926 845257 PL-server 459
1790391363.133468926 845258 iou-wrk-845251 0
1790391363.337965532 845251 PL-server 492
1790391363.337965532 845257 PL-server 471
1790391363.337965532 845258 iou-wrk-845251 0
1790391363.542660780 845251 PL-server 504
1790391363.542660780 845257 PL-server 482
1790391363.542660780 845258 iou-wrk-845251 0
1790391363.747462498 845251 PL-server 516
1790391363.747462498 845257 PL-server 494
1790391363.747462498 845258 iou-wrk-845251 0
1790391363.952217145 845251 PL-server 527
1790391363.952217145 845257 PL-server 505
1790391363.952217145 845258 iou-wrk-845251 0
1790391364.158386090 845251 PL-server 538
1790391364.158386090 845257 PL-server 516
1790391364.158386090 845258 iou-wrk-845251 0
1790391364.363627580 845251 PL-server 549
1790391364.363627580 845257 PL-server 527
1790391364.363627580 845258 iou-wrk-845251 0
1790391364.568691160 845251 PL-server 561
1790391364.568691160 845257 PL-server 538
1790391364.568691160 845258 iou-wrk-845251 0
1790391364.774228311 845251 PL-server 573
1790391364.774228311 845257 PL-server 549
1790391364.774228311 845258 iou-wrk-845251 0
1790391364.980284485 845251 PL-server 585
1790391364.980284485 845257 PL-server 561
1790391364.980284485 845258 iou-wrk-845251 0
1790391365.185289585 845251 PL-server 596
1790391365.185289585 845257 PL-server 572
1790391365.185289585 845258 iou-wrk-845251 0
1790391365.391152468 845251 PL-server 608
1790391365.391152468 845257 PL-server 582
1790391365.391152468 845258 iou-wrk-845251 0
1790391365.596600870 845251 PL-server 615
1790391365.596600870 845257 PL-server 589
1790391365.596600870 845258 iou-wrk-845251 0
