1790391460.624272614 854240 WSL-server 0
1790391460.624272614 854246 WSL-server 0
1790391460.624272614 854247 iou-wrk-854240 0
1790391460.829865514 854240 WSL-server 14
1790391460.829865514 854246 WSL-server 14
1790391460.829865514 854247 iou-wrk-854240 0
1790391461.036060388 854240 WSL-server 27
1790391461.036060388 854246 WSL-server 28
1790391461.036060388 854247 iou-wrk-854240 0
1790391461.241543307 854240 WSL-server 42
1790391461.241543307 854246 WSL-server 41
1790391461.241543307 854247 iou-wrk-854240 0
1790391461.447085438 854240 WSL-server 57
1790391461.447085438 854246 WSL-server 55
1790391461.447085438 854247 iou-wrk-854240 0
1790391461.652047025 854240 WSL-server 71
1790391461.652047025 854246 WSL-server 70
1790391461.652047025 854247 iou-wrk-854240 0
1790391461.857296454 854240 WSL-server 85
1790391461.857296454 854246 WSL-server 84
1790391461.857296454 854247 iou-wrk-854240 0
1790391462.062578843 854240 WSL-server 100
1790391462.062578843 854246 WSL-server 99
1790391462.062578843 854247 iou-wrk-854240 0
1790391462.268232584 854240 WSL-server 114
1790391462.268232584 854246 WSL-server 112
1790391462.268232584 854247 iou-wrk-854240 0
1790391462.473282042 854240 WSL-server 129
1790391462.473282042 854246 WSL-server 127
1790391462.473282042 854247 iou-wrk-854240 0
1790391462.678835573 854240 WSL-server 144
1790391462.678835573 854246 WSL-server 141
1790391462.678835573 854247 iou-wrk-854240 0
1790391462.883678370 854240 WSL-server 158
1790391462.883678370 854246 WSL-server 156
1790391462.883678370 854247 iou-wrk-854240 0
1790391463.089607062 854240 WSL-server 173
1790391463.089607062 854246 WSL-server 170
1790391463.089607062 854247 iou-wrk-854240 0
1790391463.294315139 854240 WSL-server 187
1790391463.294315139 854246 WSL-server 184
1790391463.294315139 854247 iou-wrk-854240 0
1790391463.500059400 854240 WSL-server 202
1790391463.500059400 854246 WSL-server 198
1790391463.500059400 854247 iou-wrk-854240 0
1790391463.705516570 854240 WSL-server 216
1790391463.705516570 854246 WSL-server 212
1790391463.705516570 854247 iou-wrk-854240 0
1790391463.911153481 854240 WSL-server 231
1790391463.911153481 854246 WSL-server 228
1790391463.911153481 854247 iou-wrk-854240 0
1790391464.116622182 854240 WSL-server 246
1790391464.116622182 854246 WSL-server 242
1790391464.116622182 854247 iou-wrk-854240 0
1790391464.322487404 854240 WSL-server 260
1790391464.322487404 854246 WSL-server 257
1790391464.322487404 854247 iou-wrk-854240 0
1790391464.527796234 854240 WSL-server 275
1790391464.527796234 854246 WSL-server 271
1790391464.527796234 854247 iou-wrk-854240 0
1790391464.733411695 854240 WSL-server 289
1790391464.733411695 854246 WSL-server 285
1790391464.733411695 854247 iou-wrk-854240 0
1790391464.938419183 854240 WSL-server 304
1790391464.938419183 854246 WSL-server 299
1790391464.938419183 854247 iou-wrk-854240 0
1790391465.143224270 854240 WSL-server 318
1790391465.143224270 854246 WSL-server 313
1790391465.143224270 854247 iou-wrk-854240 0
1790391465.347742636 854240 WSL-server 333
1790391465.347742636 854246 WSL-server 327
1790391465.347742636 854247 iou-wrk-854240 0
1790391465.553121566 854240 WSL-server 347
1790391465.553121566 854246 WSL-server 341
1790391465.553121566 854247 iou-wrk-854240 0
1790391465.757655382 854240 WSL-server 362
1790391465.757655382 854246 WSL-server 356
1790391465.757655382 854247 iou-wrk-854240 0
1790391465.962636811 854240 WSL-server 376
1790391465.962636811 854246 WSL-server 370
1790391465.962636811 854247 iou-wrk-854240 0
1790391466.167572049 854240 WSL-server 391
1790391466.167572049 854246 WSL-server 384
1790391466.167572049 854247 iou-wrk-854240 0
1790391466.373104370 854240 WSL-server 405
1790391466.373104370 854246 WSL-server 398
1790391466.373104370 854247 iou-wrk-854240 0
1790391466.577719406 854240 WSL-server 420
1790391466.577719406 854246 WSL-server 412
1790391466.577719406 854247 iou-wrk-854240 0
1790391466.782574434 854240 WSL-server 434
1790391466.782574434 854246 WSL-server 427
1790391466.782574434 854247 iou-wrk-854240 0
1790391466.987565562 854240 WSL-server 448
1790391466.987565562 854246 WSL-server 440
1790391466.987565562 854247 iou-wrk-854240 0
1790391467.192910763 854240 WSL-server 463
1790391467.192910763 854246 WSL-server 455
1790391467.192910763 854247 iou-wrk-854240 0
1790391467.398626775 854240 WSL-server 478
1790391467.398626775 854246 WSL-server 469
1790391467.398626775 854247 iou-wrk-854240 0
1790391467.604079736 854240 WSL-server 492
1790391467.604079736 854246 WSL-server 484
1790391467.604079736 854247 iou-wrk-854240 0
1790391467.810379931 854240 WSL-server 507
1790391467.810379931 854246 WSL-server 498
1790391467.810379931 854247 iou-wrk-854240 0
1790391468.015638981 854240 WSL-server 521
1790391468.015638981 854246 WSL-server 512
1790391468.015638981 854247 iou-wrk-854240 0
1790391468.221365813 854240 WSL-server 537
1790391468.221365813 854246 WSL-server 527
1790391468.221365813 854247 iou-wrk-854240 0
1790391468.427635418 854240 WSL-server 551
1790391468.427635418 854246 WSL-server 541
1790391468.427635418 854247 iou-wrk-854240 0
1790391468.634044704 854240 WSL-server 565
1790391468.634044704 854246 WSL-server 556
1790391468.634044704 854247 iou-wrk-854240 0
1790391468.839799956 854240 WSL-server 580
1790391468.839799956 854246 WSL-server 570
1790391468.839799956 854247 iou-wrk-854240 0
1790391469.046177392 854240 WSL-server 595
1790391469.046177392 854246 WSL-server 584
1790391469.046177392 854247 iou-wrk-854240 0
1790391469.251787824 854240 WSL-server 609
1790391469.251787824 854246 WSL-server 599
1790391469.251787824 854247 iou-wrk-854240 0
1790391469.457633207 854240 WSL-server 623
1790391469.457633207 854246 WSL-server 613
1790391469.457633207 854247 iou-wrk-854240 0
1790391469.662616316 854240 WSL-server 638
1790391469.662616316 854246 WSL-server 627
1790391469.662616316 854247 iou-wrk-854240 0
1790391469.868702830 854240 WSL-server 653
1790391469.868702830 854246 WSL-server 642
1790391469.868702830 854247 iou-wrk-854240 0
1790391470.077791559 854240 WSL-server 667
1790391470.077791559 854246 WSL-server 656
1790391470.077791559 854247 iou-wrk-854240 0
1790391470.283802313 854240 WSL-server 682
1790391470.283802313 854246 WSL-server 670
1790391470.283802313 854247 iou-wrk-854240 0
1790391470.489676627 854240 WSL-server 696
1790391470.489676627 854246 WSL-server 684
1790391470.489676627 854247 iou-wrk-854240 0
1790391470.695798822 854240 WSL-server 711
1790391470.695798822 854246 WSL-server 699
1790391470.695798822 854247 iou-wrk-854240 0
1790391470.901452504 854240 WSL-server 726
1790391470.901452504 854246 WSL-server 713
1790391470.901452504 854247 iou-wrk-854240 0
1790391471.107446688 854240 WSL-server 740
1790391471.107446688 854246 WSL-server 728
1790391471.107446688 854247 iou-wrk-854240 0
1790391471.312887590 854240 WSL-server 755
1790391471.312887590 854246 WSL-server 742
1790391471.312887590 854247 iou-wrk-854240 0
1790391471.518379151 854240 WSL-server 770
1790391471.518379151 854246 WSL-server 756
1790391471.518379151 854247 iou-wrk-854240 0
1790391471.724034834 854240 WSL-server 777
1790391471.724034834 854246 WSL-server 765
1790391471.724034834 854247 iou-wrk-854240 0
