1790391096.893819960 824101 PL-server 0
1790391096.893819960 824107 PL-server 0
1790391096.893819960 824108 iou-wrk-824101 0
1790391097.100205292 824101 PL-server 18
1790391097.100205292 824107 PL-server 0
1790391097.100205292 824108 iou-wrk-824101 0
1790391097.100205292 824162 iou-wrk-824107 0
1790391097.306613004 824101 PL-server 39
1790391097.306613004 824107 PL-server 0
1790391097.306613004 824108 iou-wrk-824101 0
1790391097.306613004 824162 iou-wrk-824107 0
1790391097.512434043 824101 PL-server 59
1790391097.512434043 824107 PL-server 0
1790391097.512434043 824108 iou-wrk-824101 0
1790391097.512434043 824162 iou-wrk-824107 0
1790391097.717940631 824101 PL-server 80
1790391097.717940631 824107 PL-server 0
1790391097.717940631 824108 iou-wrk-824101 0
1790391097.717940631 824162 iou-wrk-824107 0
1790391097.923581230 824101 PL-server 100
1790391097.923581230 824107 PL-server 0
1790391097.923581230 824108 iou-wrk-824101 0
1790391097.923581230 824162 iou-wrk-824107 0
1790391098.129425380 824101 PL-server 119
1790391098.129425380 824107 PL-server 0
1790391098.129425380 824108 iou-wrk-824101 0
1790391098.129425380 824162 iou-wrk-824107 0
1790391098.335279020 824101 PL-server 140
1790391098.335279020 824107 PL-server 0
1790391098.335279020 824108 iou-wrk-824101 0
1790391098.335279020 824162 iou-wrk-824107 0
1790391098.541322510 824101 PL-server 160
1790391098.541322510 824107 PL-server 0
1790391098.541322510 824108 iou-wrk-824101 0
1790391098.541322510 824162 iou-wrk-824107 0
1790391098.747013779 824101 PL-server 180
1790391098.747013779 824107 PL-server 0
1790391098.747013779 824108 iou-wrk-824101 0
1790391098.747013779 824162 iou-wrk-824107 0
1790391098.953090570 824101 PL-server 201
1790391098.953090570 824107 PL-server 0
1790391098.953090570 824108 iou-wrk-824101 0
1790391098.953090570 824162 iou-wrk-824107 0
1790391099.158629639 824101 PL-server 220
1790391099.158629639 824107 PL-server 0
1790391099.158629639 824108 iou-wrk-824101 0
1790391099.158629639 824162 iou-wrk-824107 0
1790391099.364800061 824101 PL-server 241
1790391099.364800061 824107 PL-server 0
1790391099.364800061 824108 iou-wrk-824101 0
1790391099.364800061 824162 iou-wrk-824107 0
1790391099.570319350 824101 PL-server 261
1790391099.570319350 824107 PL-server 0
1790391099.570319350 824108 iou-wrk-824101 0
1790391099.570319350 824162 iou-wrk-824107 0
1790391099.776440241 824101 PL-server 281
1790391099.776440241 824107 PL-server 0
1790391099.776440241 824108 iou-wrk-824101 0
1790391099.776440241 824162 iou-wrk-824107 0
1790391099.982783183 824101 PL-server 302
1790391099.982783183 824107 PL-server 0
1790391099.982783183 824108 iou-wrk-824101 0
1790391099.982783183 824162 iou-wrk-824107 0
1790391100.188470163 824101 PL-server 321
1790391100.188470163 824107 PL-server 0
1790391100.188470163 824108 iou-wrk-824101 0
1790391100.188470163 824162 iou-wrk-824107 0
1790391100.393942392 824101 PL-server 342
1790391100.393942392 824107 PL-server 0
1790391100.393942392 824108 iou-wrk-824101 0
1790391100.393942392 824162 iou-wrk-824107 0
1790391100.599633782 824101 PL-server 362
1790391100.599633782 824107 PL-server 0
1790391100.599633782 824108 iou-wrk-824101 0
1790391100.599633782 824162 iou-wrk-824107 0
1790391100.805213221 824101 PL-server 383
1790391100.805213221 824107 PL-server 0
1790391100.805213221 824108 iou-wrk-824101 0
1790391100.805213221 824162 iou-wrk-824107 0
1790391101.010622630 824101 PL-server 402
1790391101.010622630 824107 PL-server 0
1790391101.010622630 824108 iou-wrk-824101 0
1790391101.010622630 824162 iou-wrk-824107 0
1790391101.216236860 824101 PL-server 422
1790391101.216236860 824107 PL-server 0
1790391101.216236860 824108 iou-wrk-824101 0
1790391101.216236860 824162 iou-wrk-824107 0
1790391101.421799329 824101 PL-server 443
1790391101.421799329 824107 PL-server 0
1790391101.421799329 824108 iou-wrk-824101 0
1790391101.421799329 824162 iou-wrk-824107 0
1790391101.627738651 824101 PL-server 463
1790391101.627738651 824107 PL-server 0
1790391101.627738651 824108 iou-wrk-824101 0
1790391101.627738651 824162 iou-wrk-824107 0
1790391101.833331571 824101 PL-server 483
1790391101.833331571 824107 PL-server 0
1790391101.833331571 824108 iou-wrk-824101 0
1790391101.833331571 824162 iou-wrk-824107 0
1790391102.039000871 824101 PL-server 503
1790391102.039000871 824107 PL-server 0
1790391102.039000871 824108 iou-wrk-824101 0
1790391102.039000871 824162 iou-wrk-824107 0
1790391102.244513381 824101 PL-server 524
1790391102.244513381 824107 PL-server 0
1790391102.244513381 824108 iou-wrk-824101 0
1790391102.244513381 824162 iou-wrk-824107 0
1790391102.450405332 824101 PL-server 544
1790391102.450405332 824107 PL-server 0
1790391102.450405332 824108 iou-wrk-824101 0
1790391102.450405332 824162 iou-wrk-824107 0
1790391102.656583165 824101 PL-server 564
1790391102.656583165 824107 PL-server 0
1790391102.656583165 824108 iou-wrk-824101 0
1790391102.656583165 824162 iou-wrk-824107 0
1790391102.862343856 824101 PL-server 585
1790391102.862343856 824107 PL-server 0
1790391102.862343856 824108 iou-wrk-824101 0
1790391102.862343856 824162 iou-wrk-824107 0
1790391103.069797304 824101 PL-server 604
1790391103.069797304 824107 PL-server 0
1790391103.069797304 824108 iou-wrk-824101 0
1790391103.069797304 824162 iou-wrk-824107 0
1790391103.277093702 824101 PL-server 625
1790391103.277093702 824107 PL-server 0
1790391103.277093702 824108 iou-wrk-824101 0
1790391103.277093702 824162 iou-wrk-824107 0
1790391103.483798458 824101 PL-server 645
1790391103.483798458 824107 PL-server 0
1790391103.483798458 824108 iou-wrk-824101 0
1790391103.483798458 824162 iou-wrk-824107 0
1790391103.690577213 824101 PL-server 665
1790391103.690577213 824107 PL-server 0
1790391103.690577213 824108 iou-wrk-824101 0
1790391103.690577213 824162 iou-wrk-824107 0
1790391103.897590590 824101 PL-server 686
1790391103.897590590 824107 PL-server 0
1790391103.897590590 824108 iou-wrk-824101 0
1790391103.897590590 824162 iou-wrk-824107 0
1790391104.104391576 824101 PL-server 706
1790391104.104391576 824107 PL-server 0
1790391104.104391576 824108 iou-wrk-824101 0
1790391104.104391576 824162 iou-wrk-824107 0
1790391104.311597774 824101 PL-server 726
1790391104.311597774 824107 PL-server 0
1790391104.311597774 824108 iou-wrk-824101 0
1790391104.311597774 824162 iou-wrk-824107 0
1790391104.518483321 824101 PL-server 747
1790391104.518483321 824107 PL-server 0
1790391104.518483321 824108 iou-wrk-824101 0
1790391104.518483321 824162 iou-wrk-824107 0
1790391104.725492828 824101 PL-server 767
1790391104.725492828 824107 PL-server 0
1790391104.725492828 824108 iou-wrk-824101 0
1790391104.725492828 824162 iou-wrk-824107 0
1790391104.932121464 824101 PL-server 787
1790391104.932121464 824107 PL-server 0
1790391104.932121464 824108 iou-wrk-824101 0
1790391104.932121464 824162 iou-wrk-824107 0
1790391105.138899720 824101 PL-server 808
1790391105.138899720 824107 PL-server 0
1790391105.138899720 824108 iou-wrk-824101 0
1790391105.138899720 824162 iou-wrk-824107 0
1790391105.346203929 824101 PL-server 827
1790391105.346203929 824107 PL-server 1
1790391105.346203929 824108 iou-wrk-824101 0
1790391105.346203929 824162 iou-wrk-824107 0
1790391105.552575294 824101 PL-server 848
1790391105.552575294 824107 PL-server 1
1790391105.552575294 824108 iou-wrk-824101 0
1790391105.552575294 824162 iou-wrk-824107 0
1790391105.758931528 824101 PL-server 868
1790391105.758931528 824107 PL-server 1
1790391105.758931528 824108 iou-wrk-824101 0
1790391105.758931528 824162 iou-wrk-824107 0
1790391105.965587324 824101 PL-server 888
1790391105.965587324 824107 PL-server 1
1790391105.965587324 824108 iou-wrk-824101 0
1790391105.965587324 824162 iou-wrk-824107 0
1790391106.172487131 824101 PL-server 909
1790391106.172487131 824107 PL-server 1
1790391106.172487131 824108 iou-wrk-824101 0
1790391106.172487131 824162 iou-wrk-824107 0
1790391106.379606360 824101 PL-server 929
1790391106.379606360 824107 PL-server 1
1790391106.379606360 824108 iou-wrk-824101 0
1790391106.379606360 824162 iou-wrk-824107 0
1790391106.586043795 824101 PL-server 949
1790391106.586043795 824107 PL-server 1
1790391106.586043795 824108 iou-wrk-824101 0
1790391106.586043795 824162 iou-wrk-824107 0
1790391106.793240204 824101 PL-server 969
1790391106.793240204 824107 PL-server 1
1790391106.793240204 824108 iou-wrk-824101 0
1790391106.793240204 824162 iou-wrk-824107 0
1790391107.000034861 824101 PL-server 990
1790391107.000034861 824107 PL-server 1
1790391107.000034861 824108 iou-wrk-824101 0
1790391107.000034861 824162 iou-wrk-824107 0
1790391107.206803738 824101 PL-server 1010
1790391107.206803738 824107 PL-server 1
1790391107.206803738 824108 iou-wrk-824101 0
1790391107.206803738 824162 iou-wrk-824107 0
1790391107.414113548 824101 PL-server 1031
1790391107.414113548 824107 PL-server 1
1790391107.414113548 824108 iou-wrk-824101 0
1790391107.414113548 824162 iou-wrk-824107 0
1790391107.620896915 824101 PL-server 1051
1790391107.620896915 824107 PL-server 1
1790391107.620896915 824108 iou-wrk-824101 0
1790391107.620896915 824162 iou-wrk-824107 0
1790391107.827821643 824101 PL-server 1071
1790391107.827821643 824107 PL-server 1
1790391107.827821643 824108 iou-wrk-824101 0
1790391107.827821643 824162 iou-wrk-824107 0
1790391108.034587200 824101 PL-server 1079
1790391108.034587200 824107 PL-server 1
1790391108.034587200 824108 iou-wrk-824101 0
1790391108.034587200 824162 iou-wrk-824107 0
1790391108.241810929 824101 PL-server 1079
1790391108.241810929 824107 PL-server 1
1790391108.241810929 824108 iou-wrk-824101 0
1790391108.241810929 824162 iou-wrk-824107 0
