1790390985.977724367 815531 WSL-server 0
1790390985.977724367 815537 WSL-server 0
1790390985.977724367 815538 iou-wrk-815537 0
1790390986.182881070 815531 WSL-server 9
1790390986.182881070 815537 WSL-server 8
1790390986.182881070 815538 iou-wrk-815537 0
1790390986.182881070 815591 iou-wrk-815531 0
1790390986.389584249 815531 WSL-server 21
1790390986.389584249 815537 WSL-server 19
1790390986.389584249 815538 iou-wrk-815537 0
1790390986.389584249 815591 iou-wrk-815531 0
1790390986.596703810 815531 WSL-server 31
1790390986.596703810 815537 WSL-server 28
1790390986.596703810 815538 iou-wrk-815537 0
1790390986.596703810 815591 iou-wrk-815531 0
1790390986.803876101 815531 WSL-server 41
1790390986.803876101 815537 WSL-server 36
1790390986.803876101 815538 iou-wrk-815537 0
1790390986.803876101 815591 iou-wrk-815531 0
1790390987.010563700 815531 WSL-server 50
1790390987.010563700 815537 WSL-server 45
1790390987.010563700 815538 iou-wrk-815537 0
1790390987.010563700 815591 iou-wrk-815531 0
1790390987.216920089 815531 WSL-server 61
1790390987.216920089 815537 WSL-server 55
1790390987.216920089 815538 iou-wrk-815537 0
1790390987.216920089 815591 iou-wrk-815531 0
1790390987.424110480 815531 WSL-server 71
1790390987.424110480 815537 WSL-server 63
1790390987.424110480 815538 iou-wrk-815537 0
1790390987.424110480 815591 iou-wrk-815531 0
1790390987.630916520 815531 WSL-server 81
1790390987.630916520 815537 WSL-server 73
1790390987.630916520 815538 iou-wrk-815537 0
1790390987.630916520 815591 iou-wrk-815531 0
1790390987.838157482 815531 WSL-server 91
1790390987.838157482 815537 WSL-server 82
1790390987.838157482 815538 iou-wrk-815537 0
1790390987.838157482 815591 iou-wrk-815531 0
1790390988.045407804 815531 WSL-server 100
1790390988.045407804 815537 WSL-server 91
1790390988.045407804 815538 iou-wrk-815537 0
1790390988.045407804 815591 iou-wrk-815531 0
1790390988.252096445 815531 WSL-server 110
1790390988.252096445 815537 WSL-server 100
1790390988.252096445 815538 iou-wrk-815537 0
1790390988.252096445 815591 iou-wrk-815531 0
1790390988.458946415 815531 WSL-server 120
1790390988.458946415 815537 WSL-server 109
1790390988.458946415 815538 iou-wrk-815537 0
1790390988.458946415 815591 iou-wrk-815531 0
1790390988.665637935 815531 WSL-server 130
1790390988.665637935 815537 WSL-server 118
1790390988.665637935 815538 iou-wrk-815537 0
1790390988.665637935 815591 iou-wrk-815531 0
1790390988.872417256 815531 WSL-server 140
1790390988.872417256 815537 WSL-server 127
1790390988.872417256 815538 iou-wrk-815537 0
1790390988.872417256 815591 iou-wrk-815531 0
1790390989.079581048 815531 WSL-server 151
1790390989.079581048 815537 WSL-server 135
1790390989.079581048 815538 iou-wrk-815537 0
1790390989.079581048 815591 iou-wrk-815531 0
1790390989.286087438 815531 WSL-server 160
1790390989.286087438 815537 WSL-server 144
1790390989.286087438 815538 iou-wrk-815537 0
1790390989.286087438 815591 iou-wrk-815531 0
1790390989.493250520 815531 WSL-server 170
1790390989.493250520 815537 WSL-server 154
1790390989.493250520 815538 iou-wrk-815537 0
1790390989.493250520 815591 iou-wrk-815531 0
1790390989.700057751 815531 WSL-server 180
1790390989.700057751 815537 WSL-server 163
1790390989.700057751 815538 iou-wrk-815537 0
1790390989.700057751 815591 iou-wrk-815531 0
1790390989.907074203 815531 WSL-server 190
1790390989.907074203 815537 WSL-server 172
1790390989.907074203 815538 iou-wrk-815537 0
1790390989.907074203 815591 iou-wrk-815531 0
1790390990.114047565 815531 WSL-server 199
1790390990.114047565 815537 WSL-server 181
1790390990.114047565 815538 iou-wrk-815537 0
1790390990.114047565 815591 iou-wrk-815531 0
1790390990.321081798 815531 WSL-server 209
1790390990.321081798 815537 WSL-server 189
1790390990.321081798 815538 iou-wrk-815537 0
1790390990.321081798 815591 iou-wrk-815531 0
1790390990.527947129 815531 WSL-server 219
1790390990.527947129 815537 WSL-server 198
1790390990.527947129 815538 iou-wrk-815537 0
1790390990.527947129 815591 iou-wrk-815531 0
1790390990.735151232 815531 WSL-server 228
1790390990.735151232 815537 WSL-server 207
1790390990.735151232 815538 iou-wrk-815537 0
1790390990.735151232 815591 iou-wrk-815531 0
1790390990.942213775 815531 WSL-server 238
1790390990.942213775 815537 WSL-server 217
1790390990.942213775 815538 iou-wrk-815537 0
1790390990.942213775 815591 iou-wrk-815531 0
1790390991.149029537 815531 WSL-server 248
1790390991.149029537 815537 WSL-server 226
1790390991.149029537 815538 iou-wrk-815537 0
1790390991.149029537 815591 iou-wrk-815531 0
1790390991.356144110 815531 WSL-server 259
1790390991.356144110 815537 WSL-server 234
1790390991.356144110 815538 iou-wrk-815537 0
1790390991.356144110 815591 iou-wrk-815531 0
1790390991.563293543 815531 WSL-server 269
1790390991.563293543 815537 WSL-server 244
1790390991.563293543 815538 iou-wrk-815537 0
1790390991.563293543 815591 iou-wrk-815531 0
1790390991.770175085 815531 WSL-server 279
1790390991.770175085 815537 WSL-server 252
1790390991.770175085 815538 iou-wrk-815537 0
1790390991.770175085 815591 iou-wrk-815531 0
1790390991.976423275 815531 WSL-server 289
1790390991.976423275 815537 WSL-server 262
1790390991.976423275 815538 iou-wrk-815537 0
1790390991.976423275 815591 iou-wrk-815531 0
1790390992.183838260 815531 WSL-server 298
1790390992.183838260 815537 WSL-server 271
1790390992.183838260 815538 iou-wrk-815537 0
1790390992.183838260 815591 iou-wrk-815531 0
1790390992.390705242 815531 WSL-server 308
1790390992.390705242 815537 WSL-server 280
1790390992.390705242 815538 iou-wrk-815537 0
1790390992.390705242 815591 iou-wrk-815531 0
1790390992.597431854 815531 WSL-server 318
1790390992.597431854 815537 WSL-server 290
1790390992.597431854 815538 iou-wrk-815537 0
1790390992.597431854 815591 iou-wrk-815531 0
1790390992.804194966 815531 WSL-server 327
1790390992.804194966 815537 WSL-server 298
1790390992.804194966 815538 iou-wrk-815537 0
1790390992.804194966 815591 iou-wrk-815531 0
1790390993.010999869 815531 WSL-server 337
1790390993.010999869 815537 WSL-server 307
1790390993.010999869 815538 iou-wrk-815537 0
1790390993.010999869 815591 iou-wrk-815531 0
1790390993.217976542 815531 WSL-server 347
1790390993.217976542 815537 WSL-server 317
1790390993.217976542 815538 iou-wrk-815537 0
1790390993.217976542 815591 iou-wrk-815531 0
1790390993.424948186 815531 WSL-server 357
1790390993.424948186 815537 WSL-server 325
1790390993.424948186 815538 iou-wrk-815537 0
1790390993.424948186 815591 iou-wrk-815531 0
1790390993.631601758 815531 WSL-server 367
1790390993.631601758 815537 WSL-server 335
1790390993.631601758 815538 iou-wrk-815537 0
1790390993.631601758 815591 iou-wrk-815531 0
1790390993.837949498 815531 WSL-server 377
1790390993.837949498 815537 WSL-server 344
1790390993.837949498 815538 iou-wrk-815537 0
1790390993.837949498 815591 iou-wrk-815531 0
1790390994.045084563 815531 WSL-server 387
1790390994.045084563 815537 WSL-server 353
1790390994.045084563 815538 iou-wrk-815537 0
1790390994.045084563 815591 iou-wrk-815531 0
1790390994.251809276 815531 WSL-server 396
1790390994.251809276 815537 WSL-server 363
1790390994.251809276 815538 iou-wrk-815537 0
1790390994.251809276 815591 iou-wrk-815531 0
1790390994.459406552 815531 WSL-server 406
1790390994.459406552 815537 WSL-server 372
1790390994.459406552 815538 iou-wrk-815537 0
1790390994.459406552 815591 iou-wrk-815531 0
1790390994.665873574 815531 WSL-server 415
1790390994.665873574 815537 WSL-server 381
1790390994.665873574 815538 iou-wrk-815537 0
1790390994.665873574 815591 iou-wrk-815531 0
1790390994.872767377 815531 WSL-server 425
1790390994.872767377 815537 WSL-server 390
1790390994.872767377 815538 iou-wrk-815537 0
1790390994.872767377 815591 iou-wrk-815531 0
1790390995.078932568 815531 WSL-server 435
1790390995.078932568 815537 WSL-server 399
1790390995.078932568 815538 iou-wrk-815537 0
1790390995.078932568 815591 iou-wrk-815531 0
1790390995.285363900 815531 WSL-server 446
1790390995.285363900 815537 WSL-server 408
1790390995.285363900 815538 iou-wrk-815537 0
1790390995.285363900 815591 iou-wrk-815531 0
1790390995.492198894 815531 WSL-server 456
1790390995.492198894 815537 WSL-server 417
1790390995.492198894 815538 iou-wrk-815537 0
1790390995.492198894 815591 iou-wrk-815531 0
1790390995.699041948 815531 WSL-server 466
1790390995.699041948 815537 WSL-server 426
1790390995.699041948 815538 iou-wrk-815537 0
1790390995.699041948 815591 iou-wrk-815531 0
1790390995.905665860 815531 WSL-server 476
1790390995.905665860 815537 WSL-server 434
1790390995.905665860 815538 iou-wrk-815537 0
1790390995.905665860 815591 iou-wrk-815531 0
1790390996.112582055 815531 WSL-server 486
1790390996.112582055 815537 WSL-server 443
1790390996.112582055 815538 iou-wrk-815537 0
1790390996.112582055 815591 iou-wrk-815531 0
1790390996.319053227 815531 WSL-server 496
1790390996.319053227 815537 WSL-server 452
1790390996.319053227 815538 iou-wrk-815537 0
1790390996.319053227 815591 iou-wrk-815531 0
1790390996.525935652 815531 WSL-server 506
1790390996.525935652 815537 WSL-server 462
1790390996.525935652 815538 iou-wrk-815537 0
1790390996.525935652 815591 iou-wrk-815531 0
1790390996.732472175 815531 WSL-server 515
1790390996.732472175 815537 WSL-server 471
1790390996.732472175 815538 iou-wrk-815537 0
1790390996.732472175 815591 iou-wrk-815531 0
1790390996.939842831 815531 WSL-server 526
1790390996.939842831 815537 WSL-server 480
1790390996.939842831 815538 iou-wrk-815537 0
1790390996.939842831 815591 iou-wrk-815531 0
