1790391723.038647058 874647 PA-server 0
1790391723.038647058 874653 PA-server 0
1790391723.038647058 874654 iou-wrk-874647 0
1790391723.245043988 874647 PA-server 13
1790391723.245043988 874653 PA-server 12
1790391723.245043988 874654 iou-wrk-874647 0
1790391723.450092881 874647 PA-server 27
1790391723.450092881 874653 PA-server 24
1790391723.450092881 874654 iou-wrk-874647 0
1790391723.654242740 874647 PA-server 41
1790391723.654242740 874653 PA-server 37
1790391723.654242740 874654 iou-wrk-874647 0
1790391723.858817941 874647 PA-server 56
1790391723.858817941 874653 PA-server 51
1790391723.858817941 874654 iou-wrk-874647 0
1790391724.064012895 874647 PA-server 72
1790391724.064012895 874653 PA-server 66
1790391724.064012895 874654 iou-wrk-874647 0
1790391724.269615851 874647 PA-server 85
1790391724.269615851 874653 PA-server 79
1790391724.269615851 874654 iou-wrk-874647 0
1790391724.475519079 874647 PA-server 99
1790391724.475519079 874653 PA-server 92
1790391724.475519079 874654 iou-wrk-874647 0
1790391724.680912964 874647 PA-server 113
1790391724.680912964 874653 PA-server 104
1790391724.680912964 874654 iou-wrk-874647 0
1790391724.886201899 874647 PA-server 127
1790391724.886201899 874653 PA-server 117
1790391724.886201899 874654 iou-wrk-874647 0
1790391725.091935396 874647 PA-server 140
1790391725.091935396 874653 PA-server 130
1790391725.091935396 874654 iou-wrk-874647 0
1790391725.297545962 874647 PA-server 154
1790391725.297545962 874653 PA-server 142
1790391725.297545962 874654 iou-wrk-874647 0
1790391725.502761057 874647 PA-server 167
1790391725.502761057 874653 PA-server 154
1790391725.502761057 874654 iou-wrk-874647 0
1790391725.708504274 874647 PA-server 180
1790391725.708504274 874653 PA-server 166
1790391725.708504274 874654 iou-wrk-874647 0
1790391725.914293601 874647 PA-server 195
1790391725.914293601 874653 PA-server 180
1790391725.914293601 874654 iou-wrk-874647 0
1790391726.119702716 874647 PA-server 209
1790391726.119702716 874653 PA-server 192
1790391726.119702716 874654 iou-wrk-874647 0
1790391726.324804450 874647 PA-server 222
1790391726.324804450 874653 PA-server 205
1790391726.324804450 874654 iou-wrk-874647 0
1790391726.530334676 874647 PA-server 235
1790391726.530334676 874653 PA-server 216
1790391726.530334676 874654 iou-wrk-874647 0
1790391726.735891523 874647 PA-server 249
1790391726.735891523 874653 PA-server 229
1790391726.735891523 874654 iou-wrk-874647 0
1790391726.940662165 874647 PA-server 262
1790391726.940662165 874653 PA-server 241
1790391726.940662165 874654 iou-wrk-874647 0
1790391727.146309972 874647 PA-server 276
1790391727.146309972 874653 PA-server 254
1790391727.146309972 874654 iou-wrk-874647 0
1790391727.351377956 874647 PA-server 290
1790391727.351377956 874653 PA-server 266
1790391727.351377956 874654 iou-wrk-874647 0
1790391727.556996142 874647 PA-server 303
1790391727.556996142 874653 PA-server 279
1790391727.556996142 874654 iou-wrk-874647 0
1790391727.762921320 874647 PA-server 317
1790391727.762921320 874653 PA-server 292
1790391727.762921320 874654 iou-wrk-874647 0
1790391727.968686748 874647 PA-server 331
1790391727.968686748 874653 PA-server 304
1790391727.968686748 874654 iou-wrk-874647 0
1790391728.174686186 874647 PA-server 344
1790391728.174686186 874653 PA-server 317
1790391728.174686186 874654 iou-wrk-874647 0
1790391728.379577949 874647 PA-server 358
1790391728.379577949 874653 PA-server 329
1790391728.379577949 874654 iou-wrk-874647 0
1790391728.584849594 874647 PA-server 372
1790391728.584849594 874653 PA-server 342
1790391728.584849594 874654 iou-wrk-874647 0
1790391728.790184610 874647 PA-server 385
1790391728.790184610 874653 PA-server 354
1790391728.790184610 874654 iou-wrk-874647 0
1790391728.995472885 874647 PA-server 399
1790391728.995472885 874653 PA-server 366
1790391728.995472885 874654 iou-wrk-874647 0
1790391729.200674490 874647 PA-server 412
1790391729.200674490 874653 PA-server 378
1790391729.200674490 874654 iou-wrk-874647 0
1790391729.405926195 874647 PA-server 426
1790391729.405926195 874653 PA-server 392
1790391729.405926195 874654 iou-wrk-874647 0
1790391729.610591057 874647 PA-server 439
1790391729.610591057 874653 PA-server 404
1790391729.610591057 874654 iou-wrk-874647 0
1790391729.816205063 874647 PA-server 453
1790391729.816205063 874653 PA-server 417
1790391729.816205063 874654 iou-wrk-874647 0
1790391730.021140167 874647 PA-server 466
1790391730.021140167 874653 PA-server 429
1790391730.021140167 874654 iou-wrk-874647 0
1790391730.225802159 874647 PA-server 480
1790391730.225802159 874653 PA-server 441
1790391730.225802159 874654 iou-wrk-874647 0
1790391730.431990959 874647 PA-server 493
1790391730.431990959 874653 PA-server 454
1790391730.431990959 874654 iou-wrk-874647 0
1790391730.636569880 874647 PA-server 507
1790391730.636569880 874653 PA-server 466
1790391730.636569880 874654 iou-wrk-874647 0
1790391730.842136667 874647 PA-server 520
1790391730.842136667 874653 PA-server 479
1790391730.842136667 874654 iou-wrk-874647 0
1790391731.047088521 874647 PA-server 534
1790391731.047088521 874653 PA-server 492
1790391731.047088521 874654 iou-wrk-874647 0
1790391731.252293946 874647 PA-server 547
1790391731.252293946 874653 PA-server 505
1790391731.252293946 874654 iou-wrk-874647 0
1790391731.456948468 874647 PA-server 561
1790391731.456948468 874653 PA-server 517
1790391731.456948468 874654 iou-wrk-874647 0
1790391731.662667445 874647 PA-server 574
1790391731.662667445 874653 PA-server 529
1790391731.662667445 874654 iou-wrk-874647 0
1790391731.868285843 874647 PA-server 588
1790391731.868285843 874653 PA-server 542
1790391731.868285843 874654 iou-wrk-874647 0
1790391732.073017875 874647 PA-server 602
1790391732.073017875 874653 PA-server 554
1790391732.073017875 874654 iou-wrk-874647 0
1790391732.278266100 874647 PA-server 615
1790391732.278266100 874653 PA-server 566
1790391732.278266100 874654 iou-wrk-874647 0
1790391732.483122833 874647 PA-server 629
1790391732.483122833 874653 PA-server 578
1790391732.483122833 874654 iou-wrk-874647 0
1790391732.687688465 874647 PA-server 642
1790391732.687688465 874653 PA-server 591
1790391732.687688465 874654 iou-wrk-874647 0
1790391732.892718750 874647 PA-server 656
1790391732.892718750 874653 PA-server 603
1790391732.892718750 874654 iou-wrk-874647 0
1790391733.098051905 874647 PA-server 670
1790391733.098051905 874653 PA-server 616
1790391733.098051905 874654 iou-wrk-874647 0
1790391733.303530692 874647 PA-server 684
1790391733.303530692 874653 PA-server 628
1790391733.303530692 874654 iou-wrk-874647 0
1790391733.509682342 874647 PA-server 698
1790391733.509682342 874653 PA-server 641
1790391733.509682342 874654 iou-wrk-874647 0
1790391733.714492005 874647 PA-server 712
1790391733.714492005 874653 PA-server 654
1790391733.714492005 874654 iou-wrk-874647 0
1790391733.919926441 874647 PA-server 724
1790391733.919926441 874653 PA-server 666
1790391733.919926441 874654 iou-wrk-874647 0
1790391734.124882155 874647 PA-server 734
1790391734.124882155 874653 PA-server 674
1790391734.124882155 874654 iou-wrk-874647 0
